0 0.17316901408450705 0.1170774647887324 0.2879499217527386 0.04988262910798124
0 0.5088497652582161 0.1176643192488263 0.2566510172143975 0.07805164319248828
0 0.8222300469483569 0.1387910798122066 0.2856025039123631 0.07335680751173707
0 0.1825586854460094 0.1842723004694836 0.2926447574334899 0.05516431924882626
0 0.4994600938967136 0.1892605633802817 0.27073552425665104 0.05927230046948354
0 0.8245774647887325 0.19512910798122068 0.2589984350547731 0.056924882629108
0 0.17043035993740224 0.2567488262910798 0.30125195618153366 0.06044600938967136
0 0.5061111111111112 0.24794600938967137 0.2683881064162754 0.053403755868544636
0 0.8077543035993741 0.2658450704225352 0.26917057902973396 0.05281690140845072
0 0.16338810641627546 0.31660798122065725 0.2715179968701095 0.060446009389671394
0 0.5061111111111112 0.32071596244131456 0.2668231611893583 0.06396713615023472
0 0.8265336463223789 0.33274647887323944 0.25821596244131445 0.049295774647887355
0 0.17043035993740221 0.3858568075117371 0.2730829420970266 0.045187793427230075
0 0.5131533646322378 0.3955399061032864 0.29655712050078237 0.045774647887323994
0 0.8249687010954617 0.3905516431924883 0.25508607198748035 0.04988262910798113
0 0.1633881064162755 0.44953051643192493 0.27934272300469487 0.05751173708920192
0 0.5053286384976526 0.4580399061032864 0.2809076682316118 0.06279342723004688
0 0.817926447574335 0.4580399061032864 0.27543035993740234 0.048708920187793436
0 0.16495305164319252 0.5243544600938967 0.2856025039123631 0.05927230046948367
0 0.5080672926447576 0.5272887323943662 0.30359937402190934 0.06396713615023472
0 0.8410093896713616 0.5267018779342724 0.28247261345852903 0.06044600938967136
0 0.17551643192488267 0.5991784037558685 0.29577464788732394 0.048122065727699524
0 0.5084585289514867 0.5994718309859155 0.30125195618153366 0.053403755868544636
0 0.8355320813771518 0.5953638497652582 0.29029733959311427 0.05809859154929569
0 0.16104068857589987 0.6707746478873239 0.27621283255086077 0.059859154929577586
0 0.4982863849765259 0.6678403755868544 0.27308294209702655 0.051643192488263025
0 0.844530516431925 0.6637323943661971 0.2973395931142411 0.05046948356807498
0 0.1614319248826291 0.7367957746478874 0.2629107981220657 0.05927230046948353
0 0.5018075117370893 0.738556338028169 0.25352112676056326 0.05927230046948353
0 0.8414006259780908 0.7282863849765258 0.2926447574334899 0.04342723004694846