0 0.16338810641627544 0.11150234741784038 0.27621283255086077 0.05868544600938968
0 0.4885054773082942 0.10269953051643192 0.23630672926447568 0.05399061032863849
0 0.8097104851330204 0.09477699530516431 0.2636932707355243 0.03345070422535212
0 0.17238654147104857 0.17987089201877937 0.2660406885758999 0.04636150234741784
0 0.48733176838810643 0.16607981220657275 0.2746478873239437 0.044600938967136156
0 0.8065805946791862 0.15815727699530518 0.24647887323943649 0.0534037558685446
0 0.1778638497652582 0.23620892018779344 0.27230046948356806 0.049882629107981205
0 0.5233255086071988 0.22975352112676056 0.3153364632237873 0.0522300469483568
0 0.8226212832550862 0.23092723004694837 0.26447574334898283 0.0522300469483568
0 0.17942879499217532 0.29724178403755874 0.25665101721439754 0.052230046948356874
0 0.5084585289514867 0.2948943661971831 0.29812206572769956 0.05457746478873233
0 0.8218388106416277 0.29577464788732394 0.2629107981220658 0.048122065727699524
0 0.16573552425665103 0.3656103286384977 0.24960876369327073 0.06103286384976528
0 0.5186306729264476 0.3571009389671362 0.3153364632237871 0.05575117370892016
0 0.8292723004694836 0.3588615023474179 0.2668231611893583 0.05457746478873247
0 0.18647104851330204 0.4366197183098592 0.3161189358372457 0.041079812206572794
0 0.5151095461658841 0.42429577464788737 0.2926447574334898 0.049295774647887355
0 0.8339671361502348 0.4281103286384977 0.26056338028169024 0.05927230046948353
0 0.18725352112676058 0.49295774647887325 0.2723004694835681 0.04225352112676063
0 0.5025899843505477 0.49149061032863856 0.27386541471048514 0.04636150234741791
0 0.826924882629108 0.494424882629108 0.31064162754303615 0.042840375586854405
0 0.18216744913928012 0.556924882629108 0.2809076682316119 0.05281690140845072
0 0.48889671361502357 0.5592723004694835 0.2636932707355243 0.050469483568075194
0 0.8273161189358373 0.5613262910798122 0.28794992175273876 0.053403755868544636
0 0.1743427230046949 0.625 0.26838810641627553 0.05516431924882625
0 0.49672143974960886 0.6255868544600939 0.27151799687010963 0.06103286384976528
0 0.8249687010954616 0.6291079812206573 0.2629107981220657 0.0446009389671363
0 0.19312206572769958 0.6983568075117371 0.2934272300469484 0.07159624413145536
0 0.5119796557120502 0.6983568075117371 0.2723004694835682 0.045774647887323855
0 0.8464866979655713 0.7001173708920189 0.29029733959311427 0.051643192488263025