0 0.19429577464788736 0.15287558685446012 0.26447574334898283 0.0522300469483568
0 0.48185446009389676 0.14847417840375587 0.24334898278560255 0.046948356807511755
0 0.8089280125195618 0.14348591549295775 0.2965571205007825 0.04636150234741784
0 0.17629890453834118 0.2177230046948357 0.25352112676056343 0.05516431924882625
0 0.4885054773082943 0.21449530516431928 0.27386541471048514 0.0616197183098592
0 0.8097104851330204 0.19747652582159625 0.2856025039123631 0.048708920187793436
0 0.19116588419405323 0.2734741784037559 0.30516431924882625 0.05985915492957744
0 0.49593896713615027 0.2676056338028169 0.30125195618153366 0.049295774647887355
0 0.8101017214397497 0.2549882629107982 0.28482003129890454 0.04870892018779337
0 0.19077464788732396 0.3377347417840376 0.2949921752738654 0.0534037558685446
0 0.49985133020344297 0.33568075117370894 0.2699530516431924 0.046948356807511686
0 0.7979733959311425 0.3210093896713615 0.2793427230046948 0.050469483568075194
0 0.1813849765258216 0.3940727699530517 0.32159624413145543 0.0522300469483568
0 0.4877230046948357 0.3949530516431925 0.2863849765258216 0.05399061032863841
0 0.8061893583724571 0.3855633802816902 0.31455399061032857 0.048122065727699524
0 0.18920970266040688 0.45275821596244126 0.2715179968701095 0.05457746478873247
0 0.48420187793427233 0.45833333333333337 0.2683881064162754 0.05516431924882625
0 0.8175352112676056 0.45921361502347424 0.31220657276995306 0.0487089201877933
0 0.1629968701095462 0.5249413145539906 0.2989045383411581 0.056924882629108
0 0.48107198748043817 0.5220070422535211 0.28873239436619724 0.06631455399061024
0 0.8198826291079813 0.5184859154929577 0.3059467918622848 0.04988262910798113
0 0.1817762128325509 0.5874413145539906 0.3051643192488263 0.051643192488262886
0 0.5010250391236307 0.5889084507042255 0.27543035993740206 0.058098591549295836
0 0.8234037558685446 0.5924295774647887 0.3161189358372459 0.06983568075117376
0 0.18803599374021912 0.653169014084507 0.31768388106416273 0.048122065727699524
0 0.4959389671361504 0.6514084507042255 0.29499217527386556 0.045774647887323855
0 0.8132316118935837 0.6610915492957747 0.2957746478873242 0.05457746478873247
0 0.1610406885758999 0.7232981220657276 0.2949921752738655 0.05457746478873218
0 0.495547730829421 0.7206572769953052 0.3223787167449139 0.04577464788732413
0 0.8191001564945227 0.7285798122065728 0.29186228482003135 0.053403755868544636