0.0 0.0 0.8287563920021057 0.09251544624567032 0.8287563920021057 0.09251544624567032 0.954427182674408 0.0 0.954427182674408
0.0 0.0 0.12759926170110703 0.13701561093330383 0.12759926170110703 0.13701561093330383 0.25024697929620743 0.0 0.25024697929620743
0.0 0.1686916947364807 0.03310982882976532 0.4526480436325073 0.03310982882976532 0.4526480436325073 0.17592144012451172 0.1686916947364807 0.17592144012451172
0.0 0.46803298592567444 0.0 0.7777416408061981 0.0 0.7777416408061981 0.11896603554487228 0.46803298592567444 0.11896603554487228
0.0 0.0 0.18899722397327423 0.18082532286643982 0.18899722397327423 0.18082532286643982 0.3181002587080002 0.0 0.3181002587080002
0.0 0.19050684571266174 0.11445893347263336 0.4793184697628021 0.11445893347263336 0.4793184697628021 0.24211089313030243 0.19050684571266174 0.24211089313030243
0.0 0.5131610184907913 0.040648896247148514 0.789555236697197 0.040648896247148514 0.789555236697197 0.16298837587237358 0.5131610184907913 0.16298837587237358
0.0 0.0 0.2606147453188896 0.20821598172187805 0.2606147453188896 0.20821598172187805 0.3971636965870857 0.0 0.3971636965870857
0.0 0.22671964764595032 0.17451592907309532 0.5105364620685577 0.17451592907309532 0.5105364620685577 0.29572177305817604 0.22671964764595032 0.29572177305817604
0.0 0.5258692353963852 0.11618290469050407 0.8101680427789688 0.11618290469050407 0.8101680427789688 0.2370016761124134 0.5258692353963852 0.2370016761124134
0.0 0.0 0.32585033029317856 0.21491870284080505 0.32585033029317856 0.21491870284080505 0.4548707976937294 0.0 0.4548707976937294
0.0 0.2588669955730438 0.24200968444347382 0.5460872948169708 0.24200968444347382 0.5460872948169708 0.3733524829149246 0.2588669955730438 0.3733524829149246
0.0 0.581213504076004 0.18128085881471634 0.853303998708725 0.18128085881471634 0.853303998708725 0.2958148941397667 0.581213504076004 0.2958148941397667
0.0 0.0 0.4005276598036289 0.2511315643787384 0.4005276598036289 0.2511315643787384 0.5147296749055386 0.0 0.5147296749055386
0.0 0.29035234451293945 0.3201430216431618 0.5978015661239624 0.3201430216431618 0.5978015661239624 0.44087376445531845 0.29035234451293945 0.44087376445531845
0.0 0.6079651564359665 0.23942092433571815 0.8773085623979568 0.23942092433571815 0.8773085623979568 0.3537476919591427 0.6079651564359665 0.3537476919591427
0.0 0.0 0.45886580646038055 0.2798406183719635 0.45886580646038055 0.2798406183719635 0.5869415551424026 0.0 0.5869415551424026
0.0 0.3154662251472473 0.37794186919927597 0.6157311201095581 0.37794186919927597 0.6157311201095581 0.5116804614663124 0.3154662251472473 0.5116804614663124
0.0 0.6230197995901108 0.30650923773646355 0.9114480167627335 0.30650923773646355 0.9114480167627335 0.42481668666005135 0.6230197995901108 0.42481668666005135
0.0 0.01642751693725586 0.5314096733927727 0.31958478689193726 0.5314096733927727 0.31958478689193726 0.6628258898854256 0.01642751693725586 0.6628258898854256
0.0 0.33909912407398224 0.4428417608141899 0.6618059128522873 0.4428417608141899 0.6618059128522873 0.5834961012005806 0.33909912407398224 0.5834961012005806
0.0 0.6711040437221527 0.36238740384578705 0.9717871248722076 0.36238740384578705 0.9717871248722076 0.4941815286874771 0.6711040437221527 0.4941815286874771
0.0 0.059110552072525024 0.6076169461011887 0.3668966591358185 0.6076169461011887 0.3668966591358185 0.7304902821779251 0.059110552072525024 0.7304902821779251
0.0 0.376642107963562 0.5202834978699684 0.692170262336731 0.5202834978699684 0.692170262336731 0.6498102769255638 0.376642107963562 0.6498102769255638
0.0 0.694527879357338 0.4324200376868248 0.9999999850988388 0.4324200376868248 0.9999999850988388 0.5638545528054237 0.694527879357338 0.5638545528054237
0.0 0.08515371382236481 0.679298646748066 0.3795235902070999 0.679298646748066 0.3795235902070999 0.80892264097929 0.08515371382236481 0.80892264097929
0.0 0.41262848675251007 0.5954763442277908 0.70015649497509 0.5954763442277908 0.70015649497509 0.7161152809858322 0.41262848675251007 0.7161152809858322
0.0 0.7333892434835434 0.5012271478772163 1.0000000149011612 0.5012271478772163 1.0000000149011612 0.6268374845385551 0.7333892434835434 0.6268374845385551
0.0 0.12279537320137024 0.7470088601112366 0.40405669808387756 0.7470088601112366 0.40405669808387756 0.8726796507835388 0.12279537320137024 0.8726796507835388
0.0 0.45658333599567413 0.6637717075645924 0.7287842482328415 0.6637717075645924 0.7287842482328415 0.7870650701224804 0.45658333599567413 0.7870650701224804
0.0 0.7642994895577431 0.5704947784543037 1.0000000223517418 0.5704947784543037 1.0000000223517418 0.6878942176699638 0.7642994895577431 0.6878942176699638
0.0 0.8517022207379341 0.0 0.9999999925494194 0.0 0.9999999925494194 0.07415616512298584 0.8517022207379341 0.07415616512298584
0.0 0.8968768157064915 0.01883159950375557 0.9999999962747097 0.01883159950375557 0.9999999962747097 0.1396503709256649 0.8968768157064915 0.1396503709256649
0.0 0.9159794934093952 0.0934392586350441 1.000000011175871 0.0934392586350441 1.000000011175871 0.20797329396009445 0.9159794934093952 0.20797329396009445
