0.0 0.0 0.1506635546684265 0.20258274674415588 0.1506635546684265 0.20258274674415588 0.23983469605445862 0.0 0.23983469605445862
0.0 0.24934640526771545 0.09177864342927933 0.5217830836772919 0.09177864342927933 0.5217830836772919 0.20346959680318832 0.24934640526771545 0.20346959680318832
0.0 0.5499001294374466 0.06722482666373253 0.849718376994133 0.06722482666373253 0.849718376994133 0.17856967821717262 0.5499001294374466 0.17856967821717262
0.0 0.0 0.21088309586048126 0.2314889132976532 0.21088309586048126 0.2314889132976532 0.3057930916547775 0.0 0.3057930916547775
0.0 0.2532447278499603 0.1697775237262249 0.5349080264568329 0.1697775237262249 0.5349080264568329 0.26548175886273384 0.2532447278499603 0.26548175886273384
0.0 0.581353023648262 0.13070181384682655 0.8508606404066086 0.13070181384682655 0.8508606404066086 0.22247010096907616 0.581353023648262 0.22247010096907616
0.0 0.0 0.2789756804704666 0.24241749942302704 0.2789756804704666 0.24241749942302704 0.38018618524074554 0.0 0.38018618524074554
0.0 0.27625393867492676 0.2280818298459053 0.5541461110115051 0.2280818298459053 0.5541461110115051 0.3178214356303215 0.27625393867492676 0.3178214356303215
0.0 0.5778113454580307 0.20216985046863556 0.8563293367624283 0.20216985046863556 0.8563293367624283 0.29145900905132294 0.5778113454580307 0.29145900905132294
0.0 0.0 0.3395230770111084 0.23567137122154236 0.3395230770111084 0.23567137122154236 0.43646520376205444 0.0 0.43646520376205444
0.0 0.2937759459018707 0.29291244596242905 0.5727468430995941 0.29291244596242905 0.5727468430995941 0.39255718141794205 0.2937759459018707 0.39255718141794205
0.0 0.6187708228826523 0.266104094684124 0.8856133371591568 0.266104094684124 0.8856133371591568 0.35044408589601517 0.6187708228826523 0.35044408589601517
0.0 0.0 0.41212236881256104 0.25868067145347595 0.41212236881256104 0.25868067145347595 0.49465715885162354 0.0 0.49465715885162354
0.0 0.3068894296884537 0.37024303525686264 0.6106633991003036 0.37024303525686264 0.6106633991003036 0.4567103758454323 0.3068894296884537 0.4567103758454323
0.0 0.6330450773239136 0.3217046223580837 0.8969471454620361 0.3217046223580837 0.8969471454620361 0.40615809336304665 0.6330450773239136 0.40615809336304665
0.0 0.0 0.4678351990878582 0.2721560299396515 0.4678351990878582 0.2721560299396515 0.563086736947298 0.0 0.563086736947298
0.0 0.32028983533382416 0.4242641441524029 0.6128570586442947 0.4242641441524029 0.6128570586442947 0.52480523660779 0.32028983533382416 0.52480523660779
0.0 0.6329673826694489 0.3865363374352455 0.9166381061077118 0.3865363374352455 0.9166381061077118 0.47278472036123276 0.6329673826694489 0.47278472036123276
0.0 0.0 0.538069948554039 0.29557493329048157 0.538069948554039 0.29557493329048157 0.635908380150795 0.0 0.635908380150795
0.0 0.32884468138217926 0.48808612301945686 0.6440778225660324 0.48808612301945686 0.6440778225660324 0.5930101685225964 0.32884468138217926 0.5930101685225964
0.0 0.6678410172462463 0.4429333768785 0.96136873960495 0.4429333768785 0.96136873960495 0.5414480604231358 0.6678410172462463 0.5414480604231358
0.0 0.02460804581642151 0.6129226312041283 0.3281930983066559 0.6129226312041283 0.3281930983066559 0.7015287056565285 0.02460804581642151 0.7015287056565285
0.0 0.34961438179016113 0.5624836683273315 0.6599111557006836 0.5624836683273315 0.6599111557006836 0.6569409370422363 0.34961438179016113 0.6569409370422363
0.0 0.6759157031774521 0.5101273767650127 0.97657610476017 0.5101273767650127 0.97657610476017 0.6075141914188862 0.6759157031774521 0.6075141914188862
0.0 0.03629228472709656 0.6794345900416374 0.3235020637512207 0.6794345900416374 0.3235020637512207 0.7764878943562508 0.03629228472709656 0.7764878943562508
0.0 0.3706594556570053 0.6323723904788494 0.6527438312768936 0.6323723904788494 0.6527438312768936 0.7210975773632526 0.3706594556570053 0.7210975773632526
0.0 0.6992321312427521 0.5775505378842354 0.9999999701976776 0.5775505378842354 0.9999999701976776 0.6686323806643486 0.6992321312427521 0.6686323806643486
0.0 0.0596952885389328 0.7439259439706802 0.33364324271678925 0.7439259439706802 0.33364324271678925 0.8385069221258163 0.0596952885389328 0.8385069221258163
0.0 0.4003804177045822 0.6974264606833458 0.6650698930025101 0.6974264606833458 0.6650698930025101 0.79065952450037 0.4003804177045822 0.79065952450037
0.0 0.715356707572937 0.6436178646981716 1.0 0.6436178646981716 1.0 0.7272725142538548 0.715356707572937 0.7272725142538548
0.0 0.9004714526236057 0.016186218708753586 0.9999999962747097 0.016186218708753586 0.9999999962747097 0.12753107026219368 0.9004714526236057 0.12753107026219368
