0.0 0.0 0.10279981791973114 0.20167522132396698 0.10279981791973114 0.20167522132396698 0.20254461467266083 0.0 0.20254461467266083
0.0 0.24758821725845337 0.03695922717452049 0.5336298942565918 0.03695922717452049 0.5336298942565918 0.16191555932164192 0.24758821725845337 0.16191555932164192
0.0 0.5605520457029343 0.009545005857944489 0.8748223334550858 0.009545005857944489 0.8748223334550858 0.1341080144047737 0.5605520457029343 0.1341080144047737
0.0 0.0 0.17020243406295776 0.2345791608095169 0.17020243406295776 0.2345791608095169 0.2763694226741791 0.0 0.2763694226741791
0.0 0.2549954205751419 0.12425830215215683 0.5498355478048325 0.12425830215215683 0.5498355478048325 0.23131874948740005 0.2549954205751419 0.23131874948740005
0.0 0.595880463719368 0.08058880642056465 0.8780049532651901 0.08058880642056465 0.8780049532651901 0.18324638530611992 0.595880463719368 0.18324638530611992
0.0 0.0 0.24641283601522446 0.2490406334400177 0.24641283601522446 0.2490406334400177 0.3596298471093178 0.0 0.3596298471093178
0.0 0.28143711388111115 0.18951600790023804 0.5721191018819809 0.18951600790023804 0.5721191018819809 0.28990107774734497 0.28143711388111115 0.28990107774734497
0.0 0.5952236503362656 0.16057637706398964 0.8865308910608292 0.16057637706398964 0.8865308910608292 0.2604571245610714 0.5952236503362656 0.2604571245610714
0.0 0.0 0.31417547911405563 0.24452172219753265 0.31417547911405563 0.24452172219753265 0.4226212576031685 0.0 0.4226212576031685
0.0 0.3024263083934784 0.2620769292116165 0.5946663916110992 0.2620769292116165 0.5946663916110992 0.37354855239391327 0.3024263083934784 0.37354855239391327
0.0 0.6405908465385437 0.23213695362210274 0.9196322560310364 0.23213695362210274 0.9196322560310364 0.3264806382358074 0.6405908465385437 0.3264806382358074
0.0 0.0 0.3954332023859024 0.27096349000930786 0.3954332023859024 0.27096349000930786 0.48775337636470795 0.0 0.48775337636470795
0.0 0.31952111423015594 0.3486330509185791 0.6367530971765518 0.3486330509185791 0.6367530971765518 0.44534987211227417 0.31952111423015594 0.44534987211227417
0.0 0.6577947437763214 0.2943667098879814 0.9338081777095795 0.2943667098879814 0.9338081777095795 0.3888380602002144 0.6577947437763214 0.3888380602002144
0.0 0.0 0.45778847113251686 0.287849485874176 0.45778847113251686 0.287849485874176 0.5643404684960842 0.0 0.5643404684960842
0.0 0.3356717526912689 0.4090925045311451 0.6419768035411835 0.4090925045311451 0.6419768035411835 0.5215644650161266 0.3356717526912689 0.5215644650161266
0.0 0.6605389565229416 0.36692969873547554 0.9570245295763016 0.36692969873547554 0.9570245295763016 0.4634057991206646 0.6605389565229416 0.4634057991206646
0.0 0.005243703722953796 0.5363991186022758 0.3153008669614792 0.5363991186022758 0.3153008669614792 0.6458451822400093 0.005243703722953796 0.6458451822400093
0.0 0.34740133583545685 0.48052751645445824 0.677283450961113 0.48052751645445824 0.677283450961113 0.5979003943502903 0.34740133583545685 0.5979003943502903
0.0 0.699345126748085 0.43005703017115593 0.9999999850988388 0.43005703017115593 0.9999999850988388 0.5402606315910816 0.699345126748085 0.5402606315910816
0.0 0.03490038216114044 0.6201804764568806 0.35203368961811066 0.6201804764568806 0.35203368961811066 0.7192912213504314 0.03490038216114044 0.7192912213504314
0.0 0.37217578291893005 0.5637962333858013 0.6964953243732452 0.5637962333858013 0.6964953243732452 0.6694547422230244 0.37217578291893005 0.6694547422230244
0.0 0.7106249332427979 0.5052630379796028 1.0 0.5052630379796028 1.0 0.6142026707530022 0.7106249332427979 0.6142026707530022
0.0 0.049756646156311035 0.694618470966816 0.3503786325454712 0.694618470966816 0.3503786325454712 0.803187720477581 0.049756646156311035 0.803187720477581
0.0 0.396895170211792 0.642013568431139 0.691855788230896 0.642013568431139 0.691855788230896 0.7412622980773449 0.396895170211792 0.7412622980773449
0.0 0.737823873758316 0.5807284042239189 0.9999999701976776 0.5807284042239189 0.9999999701976776 0.6826098039746284 0.737823873758316 0.6826098039746284
0.0 0.07680191099643707 0.766798585653305 0.3636331111192703 0.766798585653305 0.3636331111192703 0.8726034462451935 0.07680191099643707 0.8726034462451935
0.0 0.4305231273174286 0.7148234657943249 0.7077435553073883 0.7148234657943249 0.7077435553073883 0.8191216178238392 0.4305231273174286 0.8191216178238392
0.0 0.7573868185281754 0.6546725481748581 0.9999999850988388 0.6546725481748581 0.9999999850988388 0.7482420951128006 0.7573868185281754 0.7482420951128006
