0.0 0.0 0.7708895727992058 0.10751744359731674 0.7708895727992058 0.10751744359731674 0.8944973424077034 0.0 0.8944973424077034
0.0 0.0 0.8387015126645565 0.1322508454322815 0.8387015126645565 0.1322508454322815 0.958647821098566 0.0 0.958647821098566
0.0 0.0 0.1446308009326458 0.14195671677589417 0.1446308009326458 0.14195671677589417 0.26099564507603645 0.0 0.26099564507603645
0.0 0.167517751455307 0.057161085307598114 0.42828527092933655 0.057161085307598114 0.42828527092933655 0.19440225511789322 0.167517751455307 0.19440225511789322
0.0 0.43953555822372437 0.004780903458595276 0.7233760952949524 0.004780903458595276 0.7233760952949524 0.14403074979782104 0.43953555822372437 0.14403074979782104
0.0 0.0 0.2063433676958084 0.1850174516439438 0.2063433676958084 0.1850174516439438 0.3290650099515915 0.0 0.3290650099515915
0.0 0.1912217140197754 0.13852976635098457 0.4554635286331177 0.13852976635098457 0.4554635286331177 0.2602853290736675 0.1912217140197754 0.2602853290736675
0.0 0.4835307449102402 0.07174031063914299 0.7364213615655899 0.07174031063914299 0.7364213615655899 0.18843920901417732 0.4835307449102402 0.18843920901417732
0.0 0.0 0.27785031497478485 0.21347938477993011 0.27785031497478485 0.21347938477993011 0.40783341228961945 0.0 0.40783341228961945
0.0 0.22700603306293488 0.1987612433731556 0.48644088208675385 0.1987612433731556 0.48644088208675385 0.31411711499094963 0.22700603306293488 0.31411711499094963
0.0 0.4985918402671814 0.14708035811781883 0.7584341168403625 0.14708035811781883 0.7584341168403625 0.262031439691782 0.4985918402671814 0.262031439691782
0.0 0.0 0.3426571190357208 0.2224743366241455 0.3426571190357208 0.2224743366241455 0.4657650291919708 0.0 0.4657650291919708
0.0 0.25939880311489105 0.2662971094250679 0.5224304348230362 0.2662971094250679 0.5224304348230362 0.39183359593153 0.25939880311489105 0.39183359593153
0.0 0.5520325526595116 0.21253091096878052 0.8006554022431374 0.21253091096878052 0.8006554022431374 0.3214348554611206 0.5520325526595116 0.3214348554611206
0.0 0.0 0.417573906481266 0.2582587003707886 0.417573906481266 0.2582587003707886 0.5258155688643456 0.0 0.5258155688643456
0.0 0.2919967919588089 0.3449855372309685 0.572442814707756 0.3449855372309685 0.572442814707756 0.4592406824231148 0.2919967919588089 0.4592406824231148
0.0 0.5790545865893364 0.27065274119377136 0.8252203539013863 0.27065274119377136 0.8252203539013863 0.3794187009334564 0.5790545865893364 0.3794187009334564
0.0 0.016725078225135803 0.4758766107261181 0.2876550704240799 0.4758766107261181 0.2876550704240799 0.5978653021156788 0.016725078225135803 0.5978653021156788
0.0 0.3173644542694092 0.40248798578977585 0.5921424627304077 0.40248798578977585 0.5921424627304077 0.5301097705960274 0.3173644542694092 0.5301097705960274
0.0 0.596009150147438 0.33786964043974876 0.8593870252370834 0.33786964043974876 0.8593870252370834 0.45016825571656227 0.596009150147438 0.45016825571656227
0.0 0.050101280212402344 0.5485886111855507 0.3273242115974426 0.5485886111855507 0.3273242115974426 0.6737817749381065 0.050101280212402344 0.6737817749381065
0.0 0.34211011230945587 0.4677576422691345 0.6372528523206711 0.4677576422691345 0.6372528523206711 0.6017976403236389 0.34211011230945587 0.6017976403236389
0.0 0.6425931602716446 0.39438748359680176 0.9176347106695175 0.39438748359680176 0.9176347106695175 0.5200283527374268 0.6425931602716446 0.5200283527374268
0.0 0.09265951812267303 0.6252103745937347 0.3735252767801285 0.6252103745937347 0.3735252767801285 0.7416273653507233 0.09265951812267303 0.7416273653507233
0.0 0.379873588681221 0.5452502332627773 0.6680034846067429 0.5452502332627773 0.6680034846067429 0.6682049669325352 0.379873588681221 0.6682049669325352
0.0 0.6672071069478989 0.4644470810890198 0.9479777961969376 0.4644470810890198 0.9479777961969376 0.5895543694496155 0.6672071069478989 0.5895543694496155
0.0 0.11944255232810974 0.6964168474078178 0.3887426555156708 0.6964168474078178 0.3887426555156708 0.8200246170163155 0.11944255232810974 0.8200246170163155
0.0 0.41582638025283813 0.6199710182845592 0.6785332560539246 0.6199710182845592 0.6785332560539246 0.7346552796661854 0.41582638025283813 0.7346552796661854
0.0 0.7059050053358078 0.533592700958252 0.9892401248216629 0.533592700958252 0.9892401248216629 0.6527143716812134 0.7059050053358078 0.6527143716812134
0.0 0.15674957633018494 0.7640477679669857 0.41415926814079285 0.7640477679669857 0.41415926814079285 0.8839940764009953 0.15674957633018494 0.8839940764009953
0.0 0.45887482911348343 0.6881876066327095 0.7080858871340752 0.6881876066327095 0.7080858871340752 0.8059627935290337 0.45887482911348343 0.8059627935290337
0.0 0.7372070699930191 0.6027998067438602 0.9999999850988388 0.6027998067438602 0.9999999850988388 0.7138075493276119 0.7372070699930191 0.7138075493276119
0.0 0.7499750703573227 0.0 1.0000000149011612 0.0 1.0000000149011612 0.0618215873837471 0.7499750703573227 0.0618215873837471
0.0 0.7898709625005722 0.0 1.0000000149011612 0.0 1.0000000149011612 0.10731559991836548 0.7898709625005722 0.10731559991836548
0.0 0.8343103229999542 0.058176930993795395 0.9999999701976776 0.058176930993795395 0.9999999701976776 0.17312801256775856 0.8343103229999542 0.17312801256775856
0.0 0.854956641793251 0.13231195509433746 0.9999999850988388 0.13231195509433746 0.9999999850988388 0.24121589958667755 0.854956641793251 0.24121589958667755
0.0 0.8847115971148014 0.18971005082130432 1.000000026077032 0.18971005082130432 1.000000026077032 0.2984760105609894 0.8847115971148014 0.2984760105609894
0.0 0.913964007049799 0.2536703012883663 1.000000026077032 0.2536703012883663 1.000000026077032 0.3659689165651798 0.913964007049799 0.3659689165651798
