0.0 0.0 0.02100972831249237 0.10589375346899033 0.02100972831249237 0.10589375346899033 0.12851132452487946 0.0 0.12851132452487946
0.0 0.0 0.09673900529742241 0.09855126589536667 0.09673900529742241 0.09855126589536667 0.21130220964550972 0.0 0.21130220964550972
0.0 0.1732640266418457 0.011813260614871979 0.4649055004119873 0.011813260614871979 0.4649055004119873 0.11290449649095535 0.1732640266418457 0.11290449649095535
0.0 0.5041722804307938 0.05590704083442688 0.7751986235380173 0.05590704083442688 0.7751986235380173 0.18180951476097107 0.5041722804307938 0.18180951476097107
0.0 0.7836242616176605 0.13067706674337387 1.0000000298023224 0.13067706674337387 1.0000000298023224 0.25639498978853226 0.7836242616176605 0.25639498978853226
0.0 0.1569482535123825 0.08178341388702393 0.45481933653354645 0.08178341388702393 0.45481933653354645 0.189285010099411 0.1569482535123825 0.189285010099411
0.0 0.4679410010576248 0.13948211073875427 0.7462300509214401 0.13948211073875427 0.7462300509214401 0.24771496653556824 0.4679410010576248 0.24771496653556824
0.0 0.7826994508504868 0.20207985490560532 1.0000000149011612 0.20207985490560532 1.0000000149011612 0.3058573380112648 0.7826994508504868 0.3058573380112648
0.0 0.11645638942718506 0.15347517654299736 0.42429590225219727 0.15347517654299736 0.42429590225219727 0.26803838089108467 0.11645638942718506 0.26803838089108467
0.0 0.4570208638906479 0.2064553089439869 0.7311300188302994 0.2064553089439869 0.7311300188302994 0.30804310366511345 0.4570208638906479 0.30804310366511345
0.0 0.7391034364700317 0.2759871110320091 1.0 0.2759871110320091 1.0 0.37707970291376114 0.7391034364700317 0.37707970291376114
0.0 0.10418064892292023 0.21857205778360367 0.3836048096418381 0.21857205778360367 0.3836048096418381 0.3281860575079918 0.10418064892292023 0.3281860575079918
0.0 0.4320116341114044 0.2785106934607029 0.7081111371517181 0.2785106934607029 0.7081111371517181 0.3910958133637905 0.4320116341114044 0.3910958133637905
0.0 0.740787997841835 0.35320063307881355 0.9999999850988388 0.35320063307881355 0.9999999850988388 0.44871721789240837 0.740787997841835 0.44871721789240837
0.0 0.08982840180397034 0.301546111702919 0.3657129108905792 0.301546111702919 0.3657129108905792 0.3951592296361923 0.08982840180397034 0.3951592296361923
0.0 0.4028439223766327 0.36664558202028275 0.7013552486896515 0.36664558202028275 0.7013552486896515 0.4647914096713066 0.4028439223766327 0.4647914096713066
0.0 0.7216154485940933 0.414493340998888 0.9818504899740219 0.414493340998888 0.9818504899740219 0.5101144127547741 0.7216154485940933 0.5101144127547741
0.0 0.057061657309532166 0.36114566773176193 0.34299521148204803 0.36114566773176193 0.34299521148204803 0.46893490105867386 0.057061657309532166 0.46893490105867386
0.0 0.37941092252731323 0.42418569326400757 0.6685829758644104 0.42418569326400757 0.6685829758644104 0.5378643274307251 0.37941092252731323 0.5378643274307251
0.0 0.6830871552228928 0.4841785617172718 0.9623769074678421 0.4841785617172718 0.9623769074678421 0.581935029476881 0.6830871552228928 0.581935029476881
0.0 0.03058379888534546 0.43969011306762695 0.32308053970336914 0.43969011306762695 0.32308053970336914 0.5503975749015808 0.03058379888534546 0.5503975749015808
0.0 0.3481396734714508 0.4959290437400341 0.6593844592571259 0.4959290437400341 0.6593844592571259 0.6146355457603931 0.3481396734714508 0.6146355457603931
0.0 0.6771863996982574 0.5543562397360802 0.967079371213913 0.5543562397360802 0.967079371213913 0.6657936349511147 0.6771863996982574 0.6657936349511147
0.0 0.012966141104698181 0.5262865759432316 0.3115043491125107 0.5262865759432316 0.3115043491125107 0.6268039010465145 0.012966141104698181 0.6268039010465145
0.0 0.32755786180496216 0.5787470266222954 0.6330734491348267 0.5787470266222954 0.6330734491348267 0.685804970562458 0.32755786180496216 0.685804970562458
0.0 0.6459421366453171 0.6272202469408512 0.9425380975008011 0.6272202469408512 0.9425380975008011 0.7374582551419735 0.6459421366453171 0.7374582551419735
0.0 0.0 0.5955539010465145 0.26663339138031006 0.5955539010465145 0.26663339138031006 0.7053239084780216 0.0 0.7053239084780216
0.0 0.30902567505836487 0.6531997174024582 0.5870403945446014 0.6531997174024582 0.5870403945446014 0.7536925822496414 0.30902567505836487 0.7536925822496414
0.0 0.6298737823963165 0.705060537904501 0.9306821525096893 0.705060537904501 0.9306821525096893 0.808340135961771 0.6298737823963165 0.808340135961771
0.0 0.0 0.6674003303050995 0.23876744508743286 0.6674003303050995 0.23876744508743286 0.7743307650089264 0.0 0.7743307650089264
0.0 0.29714280366897583 0.726713489741087 0.5589808225631714 0.726713489741087 0.5589808225631714 0.8320810087025166 0.29714280366897583 0.8320810087025166
0.0 0.6089852154254913 0.7774808369576931 0.9029830396175385 0.7774808369576931 0.9029830396175385 0.8724737204611301 0.6089852154254913 0.8724737204611301
