0.0 0.02919405698776245 0.09213614463806152 0.317143976688385 0.09213614463806152 0.317143976688385 0.14201878011226654 0.02919405698776245 0.14201878011226654
0.0 0.380524218082428 0.07863849774003029 0.6371752619743347 0.07863849774003029 0.6371752619743347 0.15669014677405357 0.380524218082428 0.15669014677405357
0.0 0.6794288158416748 0.10211268067359924 0.9650312662124634 0.10211268067359924 0.9650312662124634 0.17546948790550232 0.6794288158416748 0.17546948790550232
0.0 0.03623628616333008 0.15669015049934387 0.32888108491897583 0.15669015049934387 0.32888108491897583 0.2118544578552246 0.03623628616333008 0.2118544578552246
0.0 0.3640923500061035 0.15962441265583038 0.6348278522491455 0.15962441265583038 0.6348278522491455 0.21889670193195343 0.3640923500061035 0.21889670193195343
0.0 0.6950782537460327 0.1666666716337204 0.9540766477584839 0.1666666716337204 0.9540766477584839 0.22359155118465424 0.6950782537460327 0.22359155118465424
0.0 0.019804388284683228 0.22652581334114075 0.3210563361644745 0.22652581334114075 0.3210563361644745 0.2869718372821808 0.019804388284683228 0.2869718372821808
0.0 0.3719170242547989 0.22124412655830383 0.6403051465749741 0.22124412655830383 0.6403051465749741 0.27464789152145386 0.3719170242547989 0.27464789152145386
0.0 0.6731690168380737 0.23943660408258438 0.9423395395278931 0.23943660408258438 0.9423395395278931 0.2922535166144371 0.6731690168380737 0.2922535166144371
0.0 0.027629107236862183 0.2863849699497223 0.2991470992565155 0.2863849699497223 0.2991470992565155 0.34683099389076233 0.027629107236862183 0.34683099389076233
0.0 0.372699499130249 0.2887324094772339 0.6395226716995239 0.2887324094772339 0.6395226716995239 0.35269951820373535 0.372699499130249 0.35269951820373535
0.0 0.6974257230758667 0.30809858441352844 0.9556416273117065 0.30809858441352844 0.9556416273117065 0.35739436745643616 0.6974257230758667 0.35739436745643616
0.0 0.03388887643814087 0.36326292157173157 0.30697184801101685 0.36326292157173157 0.30697184801101685 0.4084506928920746 0.03388887643814087 0.4084506928920746
0.0 0.36487482488155365 0.3726525902748108 0.6614319235086441 0.3726525902748108 0.6614319235086441 0.4184272289276123 0.36487482488155365 0.4184272289276123
0.0 0.6974256634712219 0.3656103312969208 0.952511727809906 0.3656103312969208 0.952511727809906 0.415492981672287 0.6974256634712219 0.415492981672287
0.0 0.023716747760772705 0.4207746386528015 0.303059458732605 0.4207746386528015 0.303059458732605 0.47828638553619385 0.023716747760772705 0.47828638553619385
0.0 0.36487483978271484 0.4266431927680969 0.645782470703125 0.4266431927680969 0.645782470703125 0.48943662643432617 0.36487483978271484 0.48943662643432617
0.0 0.6802113056182861 0.43368545174598694 0.9556416273117065 0.43368545174598694 0.9556416273117065 0.48239436745643616 0.6802113056182861 0.48239436745643616
0.0 0.022151798009872437 0.4947183132171631 0.3077543079853058 0.4947183132171631 0.3077543079853058 0.5539906024932861 0.022151798009872437 0.5539906024932861
0.0 0.35626763105392456 0.4953051805496216 0.659866988658905 0.4953051805496216 0.659866988658905 0.559272289276123 0.35626763105392456 0.559272289276123
0.0 0.6997730731964111 0.4964788556098938 0.982245683670044 0.4964788556098938 0.982245683670044 0.5569248795509338 0.6997730731964111 0.5569248795509338
0.0 0.027629107236862183 0.5751174092292786 0.3234037458896637 0.5751174092292786 0.3234037458896637 0.6232394576072693 0.027629107236862183 0.6232394576072693
0.0 0.35783256590366364 0.5727699398994446 0.6590845435857773 0.5727699398994446 0.6590845435857773 0.6261736750602722 0.35783256590366364 0.6261736750602722
0.0 0.6903834342956543 0.5663145780563354 0.9806807041168213 0.5663145780563354 0.9806807041168213 0.6244131326675415 0.6903834342956543 0.6244131326675415
0.0 0.022934257984161377 0.6408450603485107 0.2991471290588379 0.6408450603485107 0.2991471290588379 0.7007042169570923 0.022934257984161377 0.7007042169570923
0.0 0.3617449402809143 0.6420187950134277 0.6348278522491455 0.6420187950134277 0.6348278522491455 0.6936619281768799 0.3617449402809143 0.6936619281768799
0.0 0.695860743522644 0.6384976506233215 0.9932003021240234 0.6384976506233215 0.9932003021240234 0.6889671683311462 0.695860743522644 0.6889671683311462
0.0 0.02997654676437378 0.7071596384048462 0.2928873300552368 0.7071596384048462 0.2928873300552368 0.7664319276809692 0.02997654676437378 0.7664319276809692
0.0 0.375046968460083 0.7089201807975769 0.6285680532455444 0.7089201807975769 0.6285680532455444 0.7681924700737 0.375046968460083 0.7681924700737
0.0 0.6950782537460327 0.7065727710723877 0.9877229928970337 0.7065727710723877 0.9877229928970337 0.75 0.6950782537460327 0.75
