0.0 0.001663312315940857 0.14777442626655102 0.2850861996412277 0.14777442626655102 0.2850861996412277 0.20466298051178455 0.001663312315940857 0.20466298051178455
0.0 0.34330618381500244 0.12459765747189522 0.5978032350540161 0.12459765747189522 0.5978032350540161 0.20737792178988457 0.34330618381500244 0.20737792178988457
0.0 0.6359265148639679 0.13647283241152763 0.9183760583400726 0.13647283241152763 0.9183760583400726 0.21570082381367683 0.6359265148639679 0.21570082381367683
0.0 0.01214127242565155 0.2090381272137165 0.3004354387521744 0.2090381272137165 0.3004354387521744 0.27112094685435295 0.01214127242565155 0.27112094685435295
0.0 0.33182691037654877 0.2020045630633831 0.5989987999200821 0.2020045630633831 0.5989987999200821 0.2673056609928608 0.33182691037654877 0.2673056609928608
0.0 0.6547928750514984 0.1984659880399704 0.9103945791721344 0.1984659880399704 0.9103945791721344 0.26114828884601593 0.6547928750514984 0.26114828884601593
0.0 3.759562969207764e-05 0.27597400546073914 0.29701586067676544 0.27597400546073914 0.29701586067676544 0.34337690472602844 3.759562969207764e-05 0.34337690472602844
0.0 0.34290310740470886 0.2606675922870636 0.6074586808681488 0.2606675922870636 0.6074586808681488 0.3202895224094391 0.34290310740470886 0.3202895224094391
0.0 0.6375153809785843 0.26832951605319977 0.9028006047010422 0.26832951605319977 0.9028006047010422 0.32741622626781464 0.6375153809785843 0.32741622626781464
0.0 0.011015236377716064 0.33383634313941 0.279015451669693 0.33383634313941 0.279015451669693 0.400283370167017 0.011015236377716064 0.400283370167017
0.0 0.34744472801685333 0.32513564079999924 0.6110666245222092 0.32513564079999924 0.6110666245222092 0.39479393512010574 0.34744472801685333 0.39479393512010574
0.0 0.6650002151727676 0.3334654811769724 0.9194121211767197 0.3334654811769724 0.9194121211767197 0.38883779011666775 0.6650002151727676 0.38883779011666775
0.0 0.021420732140541077 0.40699363499879837 0.29009170830249786 0.40699363499879837 0.29009170830249786 0.45892124623060226 0.021420732140541077 0.45892124623060226
0.0 0.34451813995838165 0.40456461533904076 0.6360993832349777 0.40456461533904076 0.6360993832349777 0.4578072465956211 0.34451813995838165 0.4578072465956211
0.0 0.668220579624176 0.3884826358407736 0.9196150898933411 0.3884826358407736 0.9196150898933411 0.4443147126585245 0.668220579624176 0.4443147126585245
0.0 0.014727577567100525 0.4620359316468239 0.2901892811059952 0.4620359316468239 0.2901892811059952 0.5259326323866844 0.014727577567100525 0.5259326323866844
0.0 0.3475413918495178 0.4566219672560692 0.6248239874839783 0.4566219672560692 0.6248239874839783 0.5256123319268227 0.3475413918495178 0.5256123319268227
0.0 0.6552557349205017 0.45338526368141174 0.9264115691184998 0.45338526368141174 0.9264115691184998 0.5087505877017975 0.6552557349205017 0.5087505877017975
0.0 0.017342939972877502 0.5324919484555721 0.29900388419628143 0.5324919484555721 0.29900388419628143 0.5982709862291813 0.017342939972877502 0.5982709862291813
0.0 0.34299778938293457 0.5217328257858753 0.6424609422683716 0.5217328257858753 0.6424609422683716 0.5925733856856823 0.34299778938293457 0.5925733856856823
0.0 0.6778363883495331 0.5124898441135883 0.9565127193927765 0.5124898441135883 0.9565127193927765 0.5792890302836895 0.6778363883495331 0.5792890302836895
0.0 0.027183011174201965 0.6087599713355303 0.3181331306695938 0.6087599713355303 0.3181331306695938 0.6642189305275679 0.027183011174201965 0.6642189305275679
0.0 0.34886065125465393 0.5957271307706833 0.6454446017742157 0.5957271307706833 0.6454446017742157 0.6564055234193802 0.34886065125465393 0.6564055234193802
0.0 0.6725959628820419 0.5792245902121067 0.9587665945291519 0.5792245902121067 0.9587665945291519 0.6440337859094143 0.6725959628820419 0.6440337859094143
0.0 0.0262879878282547 0.6723014563322067 0.2988308519124985 0.6723014563322067 0.2988308519124985 0.7383390218019485 0.0262879878282547 0.7383390218019485
0.0 0.3565511703491211 0.6626309584826231 0.6255835890769958 0.6626309584826231 0.6255835890769958 0.7207226324826479 0.3565511703491211 0.7207226324826479
0.0 0.6819759756326675 0.6477479413151741 0.9745826572179794 0.6477479413151741 0.9745826572179794 0.7054987475275993 0.6819759756326675 0.7054987475275993
0.0 0.03686454892158508 0.7358248680830002 0.2964106500148773 0.7358248680830002 0.2964106500148773 0.8008744269609451 0.03686454892158508 0.8008744269609451
0.0 0.3732612282037735 0.7267146669328213 0.6236563175916672 0.7267146669328213 0.6236563175916672 0.7914623655378819 0.3732612282037735 0.7914623655378819
0.0 0.6850252747535706 0.7129272483289242 0.9726621508598328 0.7129272483289242 0.9726621508598328 0.7638026215136051 0.6850252747535706 0.7638026215136051
