0.0 0.0 0.1901273913681507 0.12893718481063843 0.1901273913681507 0.12893718481063843 0.3140460066497326 0.0 0.3140460066497326
0.0 0.16131654381752014 0.09370425343513489 0.4482925832271576 0.09370425343513489 0.4482925832271576 0.23723116517066956 0.16131654381752014 0.23723116517066956
0.0 0.46414002776145935 0.03165537863969803 0.7772020399570465 0.03165537863969803 0.7772020399570465 0.17807965725660324 0.46414002776145935 0.17807965725660324
0.0 0.0 0.25064606964588165 0.17291900515556335 0.25064606964588165 0.17291900515556335 0.38098518550395966 0.0 0.38098518550395966
0.0 0.18298248946666718 0.1740623265504837 0.47496767342090607 0.1740623265504837 0.47496767342090607 0.3027554601430893 0.18298248946666718 0.3027554601430893
0.0 0.5094829052686691 0.09806845337152481 0.7889132052659988 0.09806845337152481 0.7889132052659988 0.22140120714902878 0.5094829052686691 0.22140120714902878
0.0 0.0 0.32144708931446075 0.20025737583637238 0.32144708931446075 0.20025737583637238 0.45922301709651947 0.0 0.45922301709651947
0.0 0.21931777894496918 0.23331759497523308 0.5062778741121292 0.23331759497523308 0.5062778741121292 0.3556221313774586 0.21931777894496918 0.3556221313774586
0.0 0.521974116563797 0.17277519032359123 0.8094249665737152 0.17277519032359123 0.8094249665737152 0.294705081731081 0.521974116563797 0.294705081731081
0.0 0.0 0.38608265668153763 0.2067364603281021 0.38608265668153763 0.2067364603281021 0.5161348506808281 0.0 0.5161348506808281
0.0 0.25150884687900543 0.29997778683900833 0.5418596714735031 0.29997778683900833 0.5418596714735031 0.43227773159742355 0.25150884687900543 0.43227773159742355
0.0 0.5776352435350418 0.23693251609802246 0.8527487963438034 0.23693251609802246 0.8527487963438034 0.3525494933128357 0.5776352435350418 0.3525494933128357
0.0 0.0 0.4597531855106354 0.2430717945098877 0.4597531855106354 0.2430717945098877 0.5751868188381195 0.0 0.5751868188381195
0.0 0.2829464226961136 0.3769243508577347 0.5938620418310165 0.3769243508577347 0.5938620418310165 0.4990335553884506 0.2829464226961136 0.4990335553884506
0.0 0.6044164150953293 0.2943784147500992 0.8767468482255936 0.2943784147500992 0.8767468482255936 0.4097602814435959 0.6044164150953293 0.4097602814435959
0.0 0.0 0.517402358353138 0.27177125215530396 0.517402358353138 0.27177125215530396 0.6465976759791374 0.0 0.6465976759791374
0.0 0.3080880045890808 0.4341549947857857 0.6116463541984558 0.4341549947857857 0.6116463541984558 0.5689577981829643 0.3080880045890808 0.5689577981829643
0.0 0.6193061023950577 0.36060019582509995 0.9109569638967514 0.36060019582509995 0.9109569638967514 0.48011092096567154 0.6193061023950577 0.48011092096567154
0.0 0.0051053911447525024 0.5889964699745178 0.31160880625247955 0.5889964699745178 0.31160880625247955 0.7215514779090881 0.0051053911447525024 0.7215514779090881
0.0 0.33165624737739563 0.4981091022491455 0.6579205095767975 0.4981091022491455 0.6579205095767975 0.6399620771408081 0.33165624737739563 0.6399620771408081
0.0 0.6676496714353561 0.41552329808473587 0.9716431647539139 0.41552329808473587 0.9716431647539139 0.5484210774302483 0.6676496714353561 0.5484210774302483
0.0 0.04789328575134277 0.6641018465161324 0.3591378927230835 0.6641018465161324 0.3591378927230835 0.7883193418383598 0.04789328575134277 0.7883193418383598
0.0 0.3692571371793747 0.574593298137188 0.6883101016283035 0.574593298137188 0.6883101016283035 0.7054345682263374 0.3692571371793747 0.7054345682263374
0.0 0.691000372171402 0.4846983253955841 0.9999999701976776 0.4846983253955841 0.9999999701976776 0.6173170506954193 0.691000372171402 0.6173170506954193
0.0 0.07391567528247833 0.7351259961724281 0.3715229779481888 0.7351259961724281 0.3715229779481888 0.8658198341727257 0.07391567528247833 0.8658198341727257
0.0 0.4053245186805725 0.6490849032998085 0.6960493922233582 0.6490849032998085 0.6960493922233582 0.7708752378821373 0.4053245186805725 0.7708752378821373
0.0 0.7299623489379883 0.5525262430310249 1.0 0.5525262430310249 1.0 0.6794618293642998 0.7299623489379883 0.6794618293642998
0.0 0.11167311668395996 0.8020532131195068 0.3960171341896057 0.8020532131195068 0.3960171341896057 0.9287137985229492 0.11167311668395996 0.9287137985229492
0.0 0.44946815073490143 0.7165899612009525 0.724642738699913 0.7165899612009525 0.724642738699913 0.8408114574849606 0.44946815073490143 0.8408114574849606
0.0 0.7608984634280205 0.6209838092327118 1.0000000074505806 0.6209838092327118 1.0000000074505806 0.7397651970386505 0.7608984634280205 0.7397651970386505
0.0 0.8113391101360321 0.0 1.0000000298023224 0.0 1.0000000298023224 0.0857241079211235 0.8113391101360321 0.0857241079211235
0.0 0.8520972654223442 0.006932444870471954 1.0000000074505806 0.006932444870471954 1.0000000074505806 0.13026519864797592 0.8520972654223442 0.13026519864797592
0.0 0.8974454514682293 0.07289915904402733 0.9999999888241291 0.07289915904402733 0.9999999888241291 0.1948290504515171 0.8974454514682293 0.1948290504515171
0.0 0.9164289310574532 0.1468128114938736 0.9999999925494194 0.1468128114938736 0.9999999925494194 0.26242978870868683 0.9164289310574532 0.26242978870868683
