0.0 0.0 0.03823665529489517 0.33061620593070984 0.03823665529489517 0.33061620593070984 0.10355395823717117 0.0 0.10355395823717117
0.0 0.41607673466205597 0.03700447827577591 0.7678106278181076 0.03700447827577591 0.7678106278181076 0.1285327598452568 0.41607673466205597 0.1285327598452568
0.0 0.8189843818545341 0.07247411832213402 1.0000000074505806 0.07247411832213402 1.0000000074505806 0.15621953085064888 0.8189843818545341 0.15621953085064888
0.0 0.0 0.11119185760617256 0.3507104516029358 0.11119185760617256 0.3507104516029358 0.18042997643351555 0.0 0.18042997643351555
0.0 0.39752791821956635 0.12414288893342018 0.7692926079034805 0.12414288893342018 0.7692926079034805 0.19442268833518028 0.39752791821956635 0.19442268833518028
0.0 0.8442636653780937 0.14055821672081947 1.0000000074505806 0.14055821672081947 1.0000000074505806 0.20532434806227684 0.8442636653780937 0.20532434806227684
0.0 0.0 0.19012681767344475 0.3434188961982727 0.19012681767344475 0.3434188961982727 0.2633642740547657 0.0 0.2633642740547657
0.0 0.41179923713207245 0.191659115254879 0.7806666642427444 0.191659115254879 0.7806666642427444 0.2540151849389076 0.41179923713207245 0.2540151849389076
0.0 0.8212747350335121 0.21696587093174458 1.0000000223517418 0.21696587093174458 1.0000000223517418 0.27609781734645367 0.8212747350335121 0.27609781734645367
0.0 0.0 0.2588876709342003 0.3150927722454071 0.2588876709342003 0.3150927722454071 0.33003387600183487 0.0 0.33003387600183487
0.0 0.4165797233581543 0.2659521996974945 0.785477876663208 0.2659521996974945 0.785477876663208 0.33795127272605896 0.4165797233581543 0.33795127272605896
0.0 0.8583731353282928 0.2904116362333298 1.0000000298023224 0.2904116362333298 1.0000000298023224 0.34399737417697906 0.8583731353282928 0.34399737417697906
0.0 0.0 0.3477657213807106 0.32939913868904114 0.3477657213807106 0.32939913868904114 0.40036406368017197 0.0 0.40036406368017197
0.0 0.41013507544994354 0.35915855318307877 0.8195768147706985 0.35915855318307877 0.8195768147706985 0.4104556664824486 0.41013507544994354 0.4104556664824486
0.0 0.8629232719540596 0.35203791223466396 0.9999999925494194 0.35203791223466396 0.9999999925494194 0.40582876838743687 0.8629232719540596 0.40582876838743687
0.0 0.0 0.4133956953883171 0.3272725045681 0.4133956953883171 0.3272725045681 0.4823889210820198 0.0 0.4823889210820198
0.0 0.4131007641553879 0.41816627606749535 0.8042214661836624 0.41816627606749535 0.8042214661836624 0.4906052388250828 0.4131007641553879 0.4906052388250828
0.0 0.8456364944577217 0.4240048285573721 0.9999999925494194 0.4240048285573721 0.9999999925494194 0.4786792043596506 0.8456364944577217 0.4786792043596506
0.0 0.0 0.49743522331118584 0.3379134237766266 0.49743522331118584 0.3379134237766266 0.5721408016979694 0.0 0.5721408016979694
0.0 0.4046172648668289 0.49307068437337875 0.8284759968519211 0.49307068437337875 0.8284759968519211 0.5703184977173805 0.4046172648668289 0.5703184977173805
0.0 0.8764937147498131 0.49004101753234863 0.9999999776482582 0.49004101753234863 0.9999999776482582 0.5600311756134033 0.8764937147498131 0.5600311756134033
0.0 0.0 0.5893145501613617 0.36421528458595276 0.5893145501613617 0.36421528458595276 0.6548009216785431 0.0 0.6548009216785431
0.0 0.4111339598894119 0.5784207880496979 0.8327044695615768 0.5784207880496979 0.8327044695615768 0.647165983915329 0.4111339598894119 0.647165983915329
0.0 0.8697012513875961 0.5642495565116405 1.0000000149011612 0.5642495565116405 1.0000000149011612 0.6348176784813404 0.8697012513875961 0.6348176784813404
0.0 0.0 0.6661515943706036 0.33289995789527893 0.6661515943706036 0.33289995789527893 0.7485208995640278 0.0 0.7485208995640278
0.0 0.4206279516220093 0.6561692990362644 0.8053098917007446 0.6561692990362644 0.8053098917007446 0.7252125702798367 0.4206279516220093 0.7252125702798367
0.0 0.8828574530780315 0.6411927081644535 0.9999999888241291 0.6411927081644535 0.9999999888241291 0.7065190933644772 0.8828574530780315 0.7065190933644772
0.0 0.0 0.7439620941877365 0.327080100774765 0.7439620941877365 0.327080100774765 0.8282479792833328 0.0 0.8282479792833328
0.0 0.4435960501432419 0.731604240834713 0.8026352673768997 0.731604240834713 0.8026352673768997 0.8116175904870033 0.4435960501432419 0.8116175904870033
