0.0 0.0 0.0 0.21461133658885956 0.0 0.21461133658885956 0.05655312165617943 0.0 0.05655312165617943
0.0 0.0 0.17460991069674492 0.2595623731613159 0.17460991069674492 0.2595623731613159 0.2635962851345539 0.0 0.2635962851345539
0.0 0.3168594241142273 0.1304989494383335 0.5694366693496704 0.1304989494383335 0.5694366693496704 0.2101418934762478 0.3168594241142273 0.2101418934762478
0.0 0.6318554133176804 0.090846698731184 0.9083034545183182 0.090846698731184 0.9083034545183182 0.15484071150422096 0.6318554133176804 0.15484071150422096
0.0 0.0 0.24331721290946007 0.2761029005050659 0.24331721290946007 0.2761029005050659 0.31959113851189613 0.0 0.31959113851189613
0.0 0.3097732216119766 0.19145363196730614 0.5996731370687485 0.19145363196730614 0.5996731370687485 0.2671681083738804 0.3097732216119766 0.2671681083738804
0.0 0.6482221931219101 0.1418941430747509 0.9110852628946304 0.1418941430747509 0.9110852628946304 0.22226284816861153 0.6482221931219101 0.22226284816861153
0.0 0.008053675293922424 0.29291320592164993 0.2966172844171524 0.29291320592164993 0.2966172844171524 0.37323813885450363 0.008053675293922424 0.37323813885450363
0.0 0.3378452658653259 0.23999127373099327 0.6708992123603821 0.23999127373099327 0.6708992123603821 0.3278711773455143 0.3378452658653259 0.3278711773455143
0.0 0.6702115684747696 0.2068728543817997 0.9512451738119125 0.2068728543817997 0.9512451738119125 0.2883998118340969 0.6702115684747696 0.2883998118340969
0.0 0.029723241925239563 0.3492698408663273 0.3027537614107132 0.3492698408663273 0.3027537614107132 0.42981943115592003 0.029723241925239563 0.42981943115592003
0.0 0.3443366289138794 0.30231209471821785 0.6602568626403809 0.30231209471821785 0.6602568626403809 0.39022115990519524 0.3443366289138794 0.39022115990519524
0.0 0.683696910738945 0.2691812850534916 0.9623018056154251 0.2691812850534916 0.9623018056154251 0.3466987870633602 0.683696910738945 0.3466987870633602
0.0 0.03221301734447479 0.4108087606728077 0.2998151332139969 0.4108087606728077 0.2998151332139969 0.49865148589015007 0.03221301734447479 0.49865148589015007
0.0 0.35835790634155273 0.35717571154236794 0.6921216249465942 0.35717571154236794 0.6921216249465942 0.44832467660307884 0.35835790634155273 0.44832467660307884
0.0 0.7013648748397827 0.32358318567276 0.9852726459503174 0.32358318567276 0.9852726459503174 0.40758275985717773 0.7013648748397827 0.40758275985717773
0.0 0.03573235869407654 0.47925426438450813 0.3673390746116638 0.47925426438450813 0.3673390746116638 0.5568797402083874 0.03573235869407654 0.5568797402083874
0.0 0.380556121468544 0.4244147688150406 0.6898095458745956 0.4244147688150406 0.6898095458745956 0.5067360252141953 0.380556121468544 0.5067360252141953
0.0 0.7228533029556274 0.3855006657540798 1.0 0.3855006657540798 1.0 0.47307712212204933 0.7228533029556274 0.47307712212204933
0.0 0.07017916440963745 0.5336539521813393 0.35720500349998474 0.5336539521813393 0.35720500349998474 0.6068958267569542 0.07017916440963745 0.6068958267569542
0.0 0.39119507372379303 0.49089886993169785 0.6806495040655136 0.49089886993169785 0.6806495040655136 0.5681501403450966 0.39119507372379303 0.5681501403450966
0.0 0.7050635665655136 0.45244869962334633 1.0000000149011612 0.45244869962334633 1.0000000149011612 0.5310245417058468 0.7050635665655136 0.5310245417058468
0.0 0.07240466773509979 0.5882367230951786 0.37036316096782684 0.5882367230951786 0.37036316096782684 0.6723609827458858 0.07240466773509979 0.6723609827458858
0.0 0.39564037322998047 0.5542677976191044 0.6755188703536987 0.5542677976191044 0.6755188703536987 0.6340624950826168 0.39564037322998047 0.6340624950826168
0.0 0.7294889688491821 0.5110263228416443 1.0 0.5110263228416443 1.0 0.5965750813484192 0.7294889688491821 0.5965750813484192
0.0 0.08428935706615448 0.6521089151501656 0.36991600692272186 0.6521089151501656 0.36991600692272186 0.7368488237261772 0.08428935706615448 0.7368488237261772
0.0 0.41194431483745575 0.6094662062823772 0.7019551545381546 0.6094662062823772 0.7019551545381546 0.7000455744564533 0.41194431483745575 0.7000455744564533
0.0 0.7544429376721382 0.579899899661541 0.9999999925494194 0.579899899661541 0.9999999925494194 0.6541483476758003 0.7544429376721382 0.6541483476758003
0.0 0.10382229089736938 0.7086778208613396 0.41837114095687866 0.7086778208613396 0.41837114095687866 0.8118011429905891 0.10382229089736938 0.8118011429905891
0.0 0.4433562755584717 0.6821559704840183 0.7310918569564819 0.6821559704840183 0.7310918569564819 0.7586669884622097 0.4433562755584717 0.7586669884622097
0.0 0.7760497331619263 0.6381595358252525 1.0 0.6381595358252525 1.0 0.7223669067025185 0.7760497331619263 0.7223669067025185
