0.0 0.0 0.15456488728523254 0.12606114149093628 0.15456488728523254 0.12606114149093628 0.28028324246406555 0.0 0.28028324246406555
0.0 0.1668800413608551 0.06705852225422859 0.4242762625217438 0.06705852225422859 0.4242762625217438 0.17794420942664146 0.1668800413608551 0.17794420942664146
0.0 0.47313064336776733 0.0 0.7490308880805969 0.0 0.7490308880805969 0.07947701215744019 0.47313064336776733 0.07947701215744019
0.0 0.0 0.2191203087568283 0.15623866021633148 0.2191203087568283 0.15623866021633148 0.3312631994485855 0.0 0.3312631994485855
0.0 0.17545923590660095 0.12215515598654747 0.4669468104839325 0.12215515598654747 0.4669468104839325 0.23505619540810585 0.17545923590660095 0.23505619540810585
0.0 0.5011408478021622 0.029483042657375336 0.7683867067098618 0.029483042657375336 0.7683867067098618 0.14257966727018356 0.5011408478021622 0.14257966727018356
0.0 0.0 0.26485348120331764 0.189340278506279 0.26485348120331764 0.189340278506279 0.38177424296736717 0.0 0.38177424296736717
0.0 0.21629562973976135 0.15973932296037674 0.551398366689682 0.15973932296037674 0.551398366689682 0.29026567190885544 0.21629562973976135 0.29026567190885544
0.0 0.539138451218605 0.0873405709862709 0.8237531036138535 0.0873405709862709 0.8237531036138535 0.20422955602407455 0.539138451218605 0.20422955602407455
0.0 0.0 0.3192220777273178 0.20942023396492004 0.3192220777273178 0.20942023396492004 0.4340130239725113 0.0 0.4340130239725113
0.0 0.23711979389190674 0.2223396599292755 0.5561264753341675 0.2223396599292755 0.5561264753341675 0.3503165543079376 0.23711979389190674 0.3503165543079376
0.0 0.5674167275428772 0.14664921164512634 0.8487414717674255 0.14664921164512634 0.8487414717674255 0.2595025599002838 0.5674167275428772 0.2595025599002838
0.0 0.0 0.3801439590752125 0.22309085726737976 0.3801439590752125 0.22309085726737976 0.5007952265441418 0.0 0.5007952265441418
0.0 0.26471905410289764 0.2715442255139351 0.6013100892305374 0.2715442255139351 0.6013100892305374 0.4051699563860893 0.26471905410289764 0.4051699563860893
0.0 0.5981555730104446 0.19682171195745468 0.8860927075147629 0.19682171195745468 0.8860927075147629 0.31640640646219254 0.5981555730104446 0.31640640646219254
0.0 0.0 0.4369541108608246 0.30248358845710754 0.4369541108608246 0.30248358845710754 0.5578754246234894 0.0 0.5578754246234894
0.0 0.3022530674934387 0.33751896023750305 0.6135900616645813 0.33751896023750305 0.6135900616645813 0.45937809348106384 0.3022530674934387 0.45937809348106384
0.0 0.6342012733221054 0.2552911303937435 0.9179089218378067 0.2552911303937435 0.9179089218378067 0.37732991948723793 0.6342012733221054 0.37732991948723793
0.0 0.01740783452987671 0.49169304966926575 0.3055730164051056 0.49169304966926575 0.3055730164051056 0.6018984019756317 0.01740783452987671 0.6018984019756317
0.0 0.3281686156988144 0.40383221209049225 0.6196235567331314 0.40383221209049225 0.6196235567331314 0.5180731266736984 0.3281686156988144 0.5180731266736984
0.0 0.633857935667038 0.316070020198822 0.9603313505649567 0.316070020198822 0.9603313505649567 0.43707239627838135 0.633857935667038 0.43707239627838135
0.0 0.03289252519607544 0.5435598865151405 0.334066778421402 0.5435598865151405 0.334066778421402 0.6653713211417198 0.03289252519607544 0.6653713211417198
0.0 0.34740664064884186 0.4667234234511852 0.6305004805326462 0.4667234234511852 0.6305004805326462 0.5818529315292835 0.34740664064884186 0.5818529315292835
0.0 0.671554833650589 0.3732471689581871 0.9799678027629852 0.3732471689581871 0.9799678027629852 0.4974634423851967 0.671554833650589 0.4974634423851967
0.0 0.05961734056472778 0.6062254086136818 0.3493559956550598 0.6062254086136818 0.3493559956550598 0.7267462834715843 0.05961734056472778 0.7267462834715843
0.0 0.37708809971809387 0.5172996819019318 0.6724142730236053 0.5172996819019318 0.6724142730236053 0.643825501203537 0.37708809971809387 0.643825501203537
0.0 0.7121631950139999 0.44077159464359283 0.9919997602701187 0.44077159464359283 0.9919997602701187 0.5505255907773972 0.7121631950139999 0.5505255907773972
0.0 0.0933653712272644 0.6551724523305893 0.41490525007247925 0.6551724523305893 0.41490525007247925 0.796871080994606 0.0933653712272644 0.796871080994606
0.0 0.4258296638727188 0.5838736481964588 0.7154831737279892 0.5838736481964588 0.7154831737279892 0.6971784643828869 0.4258296638727188 0.6971784643828869
0.0 0.748457059264183 0.4907359965145588 1.0000000149011612 0.4907359965145588 1.0000000149011612 0.6140319220721722 0.748457059264183 0.6140319220721722
0.0 0.8912963680922985 0.0 1.0000000186264515 0.0 1.0000000186264515 0.10910798609256744 0.8912963680922985 0.10910798609256744
