0.0 0.8328874036669731 0.0 1.0000000074505806 0.0 1.0000000074505806 0.057042691856622696 0.8328874036669731 0.057042691856622696
0.0 0.0 0.0 0.12632404267787933 0.0 0.12632404267787933 0.0865185335278511 0.0 0.0865185335278511
0.0 0.0 0.05159544572234154 0.09032673388719559 0.05159544572234154 0.09032673388719559 0.14086316898465157 0.0 0.14086316898465157
0.0 0.15563037991523743 0.041823383420705795 0.4318843185901642 0.041823383420705795 0.4318843185901642 0.14414336159825325 0.15563037991523743 0.14414336159825325
0.0 0.481712244451046 0.09677699580788612 0.7192129865288734 0.09677699580788612 0.7192129865288734 0.18777083978056908 0.481712244451046 0.18777083978056908
0.0 0.7748307213187218 0.15314912050962448 0.9999999776482582 0.15314912050962448 0.9999999776482582 0.23020834475755692 0.7748307213187218 0.23020834475755692
0.0 0.1497478187084198 0.11239390447735786 0.4127154052257538 0.11239390447735786 0.4127154052257538 0.2016616277396679 0.1497478187084198 0.2016616277396679
0.0 0.44471457600593567 0.15537894889712334 0.7151913344860077 0.15537894889712334 0.7151913344860077 0.24455614760518074 0.44471457600593567 0.24455614760518074
0.0 0.7574846893548965 0.20290161296725273 0.9999999850988388 0.20290161296725273 0.9999999850988388 0.29515315964818 0.7574846893548965 0.29515315964818
0.0 0.13414835929870605 0.1626666896045208 0.40404778718948364 0.1626666896045208 0.40404778718948364 0.25625498965382576 0.13414835929870605 0.25625498965382576
0.0 0.43867766857147217 0.21282250806689262 0.7495379447937012 0.21282250806689262 0.7495379447937012 0.3161443956196308 0.43867766857147217 0.3161443956196308
0.0 0.7419614940881729 0.27115805447101593 0.9999999850988388 0.27115805447101593 0.9999999850988388 0.3655109852552414 0.7419614940881729 0.3655109852552414
0.0 0.12387578189373016 0.21900636702775955 0.3798607736825943 0.21900636702775955 0.3798607736825943 0.3119794651865959 0.12387578189373016 0.3119794651865959
0.0 0.41251350939273834 0.2701553404331207 0.7079959958791733 0.2701553404331207 0.7079959958791733 0.37258604168891907 0.41251350939273834 0.37258604168891907
0.0 0.7227291315793991 0.3322753272950649 0.9833092242479324 0.3322753272950649 0.9833092242479324 0.4225994385778904 0.7227291315793991 0.4225994385778904
0.0 0.09207604825496674 0.2756493017077446 0.3441721647977829 0.2756493017077446 0.3441721647977829 0.37542230635881424 0.09207604825496674 0.37542230635881424
0.0 0.394744411110878 0.3267235681414604 0.7066831439733505 0.3267235681414604 0.7066831439733505 0.4332621172070503 0.394744411110878 0.4332621172070503
0.0 0.707539975643158 0.3879251293838024 0.9737556576728821 0.3879251293838024 0.9737556576728821 0.48483647778630257 0.707539975643158 0.48483647778630257
0.0 0.061676159501075745 0.3474256619811058 0.36985303461551666 0.3474256619811058 0.36985303461551666 0.4406993165612221 0.061676159501075745 0.4406993165612221
0.0 0.3824692517518997 0.3924373909831047 0.6712123602628708 0.3924373909831047 0.6712123602628708 0.4890771582722664 0.3824692517518997 0.4890771582722664
0.0 0.6929281651973724 0.4504222646355629 0.9547283947467804 0.4504222646355629 0.9547283947467804 0.5505186542868614 0.6929281651973724 0.5505186542868614
0.0 0.06545963883399963 0.4023582600057125 0.33302244544029236 0.4023582600057125 0.33302244544029236 0.4889770485460758 0.06545963883399963 0.4889770485460758
0.0 0.3594115227460861 0.45461108535528183 0.629695788025856 0.45461108535528183 0.629695788025856 0.5452586188912392 0.3594115227460861 0.5452586188912392
0.0 0.6451351940631866 0.5128516964614391 0.9487296044826508 0.5128516964614391 0.9487296044826508 0.6067677922546864 0.6451351940631866 0.6067677922546864
0.0 0.03547005355358124 0.45431410893797874 0.3143165558576584 0.45431410893797874 0.3143165558576584 0.5521007813513279 0.03547005355358124 0.5521007813513279
0.0 0.32997381687164307 0.5131383128464222 0.592004656791687 0.5131383128464222 0.592004656791687 0.6057449392974377 0.32997381687164307 0.6057449392974377
0.0 0.6340020149946213 0.5712136700749397 0.919613316655159 0.5712136700749397 0.919613316655159 0.670778326690197 0.6340020149946213 0.670778326690197
0.0 0.012797161936759949 0.5151553973555565 0.2806559056043625 0.5151553973555565 0.2806559056043625 0.6128788366913795 0.012797161936759949 0.6128788366913795
0.0 0.3117036372423172 0.5695843435823917 0.5842864960432053 0.5695843435823917 0.5842864960432053 0.6732208989560604 0.3117036372423172 0.6732208989560604
0.0 0.6241015493869781 0.6389497853815556 0.8836033046245575 0.6389497853815556 0.8836033046245575 0.7260572575032711 0.6241015493869781 0.7260572575032711
0.0 0.0 0.5757682286202908 0.28997138142585754 0.5757682286202908 0.28997138142585754 0.692918423563242 0.0 0.692918423563242
0.0 0.30565400421619415 0.645653959363699 0.5742952674627304 0.645653959363699 0.5742952674627304 0.7354894913733006 0.30565400421619415 0.7354894913733006
0.0 0.6085911244153976 0.7019830867648125 0.8958581238985062 0.7019830867648125 0.8958581238985062 0.8003532961010933 0.6085911244153976 0.8003532961010933
0.0 0.895684015005827 0.7561252042651176 0.9999999888241291 0.7561252042651176 0.9999999888241291 0.8544954136013985 0.895684015005827 0.8544954136013985
