0.0 0.025281667709350586 0.082159623503685 0.3014945387840271 0.082159623503685 0.3014945387840271 0.14084507524967194 0.025281667709350586 0.14084507524967194
0.0 0.3703521341085434 0.07570423185825348 0.6066588312387466 0.07570423185825348 0.6066588312387466 0.1296948343515396 0.3703521341085434 0.1296948343515396
0.0 0.6778638362884521 0.07805164158344269 0.9415571689605713 0.07805164158344269 0.9415571689605713 0.11150234937667847 0.6778638362884521 0.11150234937667847
0.0 0.039366185665130615 0.15669013559818268 0.3054068684577942 0.15669013559818268 0.3054068684577942 0.2030516415834427 0.039366185665130615 0.2030516415834427
0.0 0.3500078320503235 0.14377935230731964 0.6246557235717773 0.14377935230731964 0.6246557235717773 0.18838028609752655 0.3500078320503235 0.18838028609752655
0.0 0.6833411455154419 0.13145539164543152 0.9298200607299805 0.13145539164543152 0.9298200607299805 0.18485915660858154 0.6833411455154419 0.18485915660858154
0.0 0.041713595390319824 0.2112675979733467 0.3140140771865845 0.2112675979733467 0.3140140771865845 0.2611502334475517 0.041713595390319824 0.2611502334475517
0.0 0.3656572699546814 0.20363849401474 0.6809937357902527 0.20363849401474 0.6809937357902527 0.2558685541152954 0.3656572699546814 0.2558685541152954
0.0 0.6903834342956543 0.2048121988773346 0.9548591375350952 0.2048121988773346 0.9548591375350952 0.25704225897789 0.6903834342956543 0.25704225897789
0.0 0.051103293895721436 0.27112674713134766 0.3077543079853058 0.27112674713134766 0.3077543079853058 0.3233568072319031 0.051103293895721436 0.3233568072319031
0.0 0.3593975305557251 0.26760563254356384 0.6575195789337158 0.26760563254356384 0.6575195789337158 0.32218310236930847 0.3593975305557251 0.32218310236930847
0.0 0.6903834342956543 0.27171361446380615 0.9532941579818726 0.27171361446380615 0.9532941579818726 0.3198356628417969 0.6903834342956543 0.3198356628417969
0.0 0.040931135416030884 0.3350938856601715 0.2905399203300476 0.3350938856601715 0.2905399203300476 0.39612677693367004 0.040931135416030884 0.39612677693367004
0.0 0.360962450504303 0.3292253613471985 0.6762989163398743 0.3292253613471985 0.6762989163398743 0.38497650623321533 0.360962450504303 0.38497650623321533
0.0 0.695860743522644 0.3315727710723877 0.962683916091919 0.3315727710723877 0.962683916091919 0.3861502408981323 0.695860743522644 0.3861502408981323
0.0 0.028411567211151123 0.4160798192024231 0.34453052282333374 0.4160798192024231 0.34453052282333374 0.4571596384048462 0.028411567211151123 0.4571596384048462
0.0 0.36878716945648193 0.39964789152145386 0.6614319086074829 0.39964789152145386 0.6614319086074829 0.4489436745643616 0.36878716945648193 0.4489436745643616
0.0 0.703685462474823 0.39847418665885925 0.9642488360404968 0.39847418665885925 0.9642488360404968 0.4577464759349823 0.703685462474823 0.4577464759349823
0.0 0.051103293895721436 0.4718310087919235 0.3234037756919861 0.4718310087919235 0.3234037756919861 0.5140845328569412 0.051103293895721436 0.5140845328569412
0.0 0.365657314658165 0.4683098644018173 0.6395226866006851 0.4683098644018173 0.6395226866006851 0.5146713405847549 0.365657314658165 0.5146713405847549
0.0 0.6716040372848511 0.47300469875335693 0.982245683670044 0.47300469875335693 0.982245683670044 0.5158450603485107 0.6716040372848511 0.5158450603485107
0.0 0.04171362519264221 0.5305164456367493 0.32262128591537476 0.5305164456367493 0.32262128591537476 0.5833333134651184 0.04171362519264221 0.5833333134651184
0.0 0.3570500761270523 0.5340375304222107 0.6207433789968491 0.5340375304222107 0.6207433789968491 0.5845070481300354 0.3570500761270523 0.5845070481300354
0.0 0.6833411455154419 0.5346243977546692 0.9712910652160645 0.5346243977546692 0.9712910652160645 0.5880281329154968 0.6833411455154419 0.5880281329154968
0.0 0.04014867544174194 0.5974178314208984 0.3085367679595947 0.5974178314208984 0.3085367679595947 0.6525821685791016 0.04014867544174194 0.6525821685791016
0.0 0.360962450504303 0.5950704216957092 0.6324804425239563 0.5950704216957092 0.6324804425239563 0.6561033129692078 0.360962450504303 0.6561033129692078
0.0 0.6935132741928101 0.6068074703216553 0.9564241170883179 0.6068074703216553 0.9564241170883179 0.6514084339141846 0.6935132741928101 0.6514084339141846
0.0 0.04640844464302063 0.6625586748123169 0.33983567357063293 0.6625586748123169 0.33983567357063293 0.7341549396514893 0.04640844464302063 0.7341549396514893
0.0 0.37582939863204956 0.6754694581031799 0.6481298804283142 0.6754694581031799 0.6481298804283142 0.7212441563606262 0.37582939863204956 0.7212441563606262
0.0 0.7013380527496338 0.6742957830429077 0.9916353225708008 0.6742957830429077 0.9916353225708008 0.7259389162063599 0.7013380527496338 0.7259389162063599
