0.0 0.0 0.0 0.12978386878967285 0.0 0.12978386878967285 0.09389616549015045 0.0 0.09389616549015045
0.0 0.0 0.036704275757074356 0.10710994154214859 0.036704275757074356 0.10710994154214859 0.1455281637609005 0.0 0.1455281637609005
0.0 0.20091260969638824 0.0005106329917907715 0.5014617890119553 0.0005106329917907715 0.5014617890119553 0.11816099286079407 0.20091260969638824 0.11816099286079407
0.0 0.553258016705513 0.07584064081311226 0.8117927759885788 0.07584064081311226 0.8117927759885788 0.1798919253051281 0.553258016705513 0.1798919253051281
0.0 0.8703244999051094 0.1502469815313816 0.9999999925494194 0.1502469815313816 0.9999999925494194 0.24228819832205772 0.8703244999051094 0.24228819832205772
0.0 0.19198110699653625 0.0707649476826191 0.47768089175224304 0.0707649476826191 0.47768089175224304 0.17495445534586906 0.19198110699653625 0.17495445534586906
0.0 0.5108958184719086 0.13220232725143433 0.8046257793903351 0.13220232725143433 0.8046257793903351 0.2368341088294983 0.5108958184719086 0.2368341088294983
0.0 0.8485594093799591 0.19950174540281296 0.9999999701976776 0.19950174540281296 0.9999999701976776 0.3054174855351448 0.8485594093799591 0.3054174855351448
0.0 0.17273449897766113 0.1203380711376667 0.4660608172416687 0.1203380711376667 0.4660608172416687 0.22916195914149284 0.17273449897766113 0.22916195914149284
0.0 0.5015784054994583 0.18964680656790733 0.8392039984464645 0.18964680656790733 0.8392039984464645 0.31069717183709145 0.5015784054994583 0.31069717183709145
0.0 0.8288102075457573 0.26704616844654083 1.0000000074505806 0.26704616844654083 1.0000000074505806 0.3761388510465622 0.8288102075457573 0.3761388510465622
0.0 0.15906566381454468 0.17631085216999054 0.4374740719795227 0.17631085216999054 0.4374740719795227 0.28356389701366425 0.15906566381454468 0.28356389701366425
0.0 0.4705899655818939 0.24563009664416313 0.7917185127735138 0.24563009664416313 0.7917185127735138 0.3647416718304157 0.4705899655818939 0.3647416718304157
0.0 0.8054482713341713 0.32713669538497925 1.0000000223517418 0.32713669538497925 1.0000000223517418 0.43217164278030396 0.8054482713341713 0.43217164278030396
0.0 0.12172766029834747 0.23137430101633072 0.39630506932735443 0.23137430101633072 0.39630506932735443 0.34487833827733994 0.12172766029834747 0.34487833827733994
0.0 0.44880713522434235 0.3013445697724819 0.7877427190542221 0.3013445697724819 0.7877427190542221 0.42555755749344826 0.44880713522434235 0.42555755749344826
0.0 0.7863031849265099 0.38218967616558075 0.9999999776482582 0.38218967616558075 0.9999999776482582 0.4939426928758621 0.7863031849265099 0.4939426928758621
0.0 0.08638772368431091 0.30117207393050194 0.4206545054912567 0.30117207393050194 0.4206545054912567 0.4123913086950779 0.08638772368431091 0.4123913086950779
0.0 0.43290410935878754 0.3664374053478241 0.7465406805276871 0.3664374053478241 0.7465406805276871 0.47951725125312805 0.43290410935878754 0.47951725125312805
0.0 0.7675618082284927 0.444119855761528 0.9999999850988388 0.444119855761528 0.9999999850988388 0.5586180239915848 0.7675618082284927 0.5586180239915848
0.0 0.0881064236164093 0.3565824553370476 0.37859439849853516 0.3565824553370476 0.37859439849853516 0.4585539177060127 0.0881064236164093 0.4585539177060127
0.0 0.40529224276542664 0.42737339809536934 0.6988876163959503 0.42737339809536934 0.6988876163959503 0.5334025137126446 0.40529224276542664 0.5334025137126446
0.0 0.7135744243860245 0.5035203024744987 0.9999999850988388 0.5035203024744987 0.9999999850988388 0.6150330975651741 0.7135744243860245 0.6150330975651741
0.0 0.05286805331707001 0.4070858992636204 0.35597120225429535 0.4070858992636204 0.35597120225429535 0.5205689035356045 0.05286805331707001 0.5205689035356045
0.0 0.3706250339746475 0.4843861050903797 0.6554845422506332 0.4843861050903797 0.6554845422506332 0.5917135290801525 0.3706250339746475 0.5917135290801525
0.0 0.6985626071691513 0.561626248061657 1.0000000149011612 0.561626248061657 1.0000000149011612 0.6772920563817024 0.6985626071691513 0.6772920563817024
0.0 0.025525256991386414 0.4668084718286991 0.31686876714229584 0.4668084718286991 0.31686876714229584 0.5794565342366695 0.025525256991386414 0.5794565342366695
0.0 0.34793587028980255 0.5401253998279572 0.6446209996938705 0.5401253998279572 0.6446209996938705 0.658780425786972 0.34793587028980255 0.658780425786972
0.0 0.6852465867996216 0.6288522928953171 0.9671331644058228 0.6288522928953171 0.9671331644058228 0.730724647641182 0.6852465867996216 0.730724647641182
0.0 0.001493021845817566 0.5267894193530083 0.32421596348285675 0.5267894193530083 0.32421596348285675 0.6600834205746651 0.001493021845817566 0.6600834205746651
0.0 0.3387022018432617 0.6158346980810165 0.6305001974105835 0.6158346980810165 0.6305001974105835 0.7209688574075699 0.3387022018432617 0.7209688574075699
0.0 0.665413573384285 0.6913096234202385 0.9775547236204147 0.6913096234202385 0.9775547236204147 0.8059459403157234 0.665413573384285 0.8059459403157234
