0.0 0.0 0.09454461559653282 0.26521652936935425 0.09454461559653282 0.26521652936935425 0.19054755941033363 0.0 0.19054755941033363
0.0 0.3169376030564308 0.05172974243760109 0.5590356215834618 0.05172974243760109 0.5590356215834618 0.1379619501531124 0.3169376030564308 0.1379619501531124
0.0 0.6161785125732422 0.014961615204811096 0.8800970315933228 0.014961615204811096 0.8800970315933228 0.08215545862913132 0.6161785125732422 0.08215545862913132
0.0 0.014292210340499878 0.17483233287930489 0.2834959030151367 0.17483233287930489 0.2834959030151367 0.25628937408328056 0.014292210340499878 0.25628937408328056
0.0 0.31302180886268616 0.12337035313248634 0.59017613530159 0.12337035313248634 0.59017613530159 0.20393031463027 0.31302180886268616 0.20393031463027
0.0 0.633929044008255 0.07419740781188011 0.8857710063457489 0.07419740781188011 0.8857710063457489 0.16098787263035774 0.633929044008255 0.16098787263035774
0.0 0.02927577495574951 0.23295166343450546 0.30537936091423035 0.23295166343450546 0.30537936091423035 0.3189583197236061 0.02927577495574951 0.3189583197236061
0.0 0.3421553373336792 0.1816091053187847 0.6606073379516602 0.1816091053187847 0.6606073379516602 0.2752106674015522 0.3421553373336792 0.2752106674015522
0.0 0.6578439325094223 0.1507336013019085 0.92689348757267 0.1507336013019085 0.92689348757267 0.23836498335003853 0.6578439325094223 0.23836498335003853
0.0 0.052329063415527344 0.29853832721710205 0.313778281211853 0.29853832721710205 0.313778281211853 0.3852512240409851 0.052329063415527344 0.3852512240409851
0.0 0.35096412897109985 0.25366708263754845 0.6532416939735413 0.25366708263754845 0.6532416939735413 0.3477911688387394 0.35096412897109985 0.3477911688387394
0.0 0.6734159141778946 0.2233988344669342 0.9399891942739487 0.2233988344669342 0.9399891942739487 0.30639585852622986 0.6734159141778946 0.30639585852622986
0.0 0.05733758211135864 0.36986152455210686 0.3139954209327698 0.36986152455210686 0.3139954209327698 0.4652848429977894 0.05733758211135864 0.4652848429977894
0.0 0.36682677268981934 0.3182220198214054 0.6860983371734619 0.3182220198214054 0.6860983371734619 0.41563835367560387 0.36682677268981934 0.41563835367560387
0.0 0.6926690340042114 0.2871485501527786 0.9645451307296753 0.2871485501527786 0.9645451307296753 0.37759868800640106 0.6926690340042114 0.37759868800640106
0.0 0.06402727961540222 0.45126475393772125 0.3806439936161041 0.45126475393772125 0.3806439936161041 0.5328779071569443 0.06402727961540222 0.5328779071569443
0.0 0.39081867039203644 0.3962634988129139 0.6865466088056564 0.3962634988129139 0.6865466088056564 0.48402241989970207 0.39081867039203644 0.48402241989970207
0.0 0.7158413827419281 0.35944636538624763 0.9827299416065216 0.35944636538624763 0.9827299416065216 0.4542481116950512 0.7158413827419281 0.4542481116950512
0.0 0.09904499351978302 0.5141459330916405 0.3733728379011154 0.5141459330916405 0.3733728379011154 0.5918871536850929 0.09904499351978302 0.5918871536850929
0.0 0.4037603437900543 0.4732241779565811 0.6805643737316132 0.4732241779565811 0.6805643737316132 0.5555996745824814 0.4037603437900543 0.5555996745824814
0.0 0.7020275443792343 0.4380808062851429 1.0000000149011612 0.4380808062851429 1.0000000149011612 0.5209584049880505 0.7020275443792343 0.5209584049880505
0.0 0.10358420014381409 0.5778181217610836 0.3887311518192291 0.5778181217610836 0.3887311518192291 0.668014083057642 0.10358420014381409 0.668014083057642
0.0 0.41069866716861725 0.5466384552419186 0.6785784810781479 0.5466384552419186 0.6785784810781479 0.6322706080973148 0.41069866716861725 0.6322706080973148
0.0 0.7277707010507584 0.5061259530484676 0.9999999850988388 0.5061259530484676 0.9999999850988388 0.597784373909235 0.7277707010507584 0.597784373909235
0.0 0.11763608455657959 0.6519529037177563 0.39116883277893066 0.6519529037177563 0.39116883277893066 0.7432225532829762 0.11763608455657959 0.7432225532829762
0.0 0.4287049025297165 0.6113842539489269 0.7066437751054764 0.6113842539489269 0.7066437751054764 0.7093793340027332 0.4287049025297165 0.7093793340027332
0.0 0.7544524967670441 0.5860748291015625 0.9999999701976776 0.5860748291015625 0.9999999701976776 0.6652570962905884 0.7544524967670441 0.6652570962905884
0.0 0.13887855410575867 0.7188530638813972 0.44055721163749695 0.7188530638813972 0.44055721163749695 0.8308643624186516 0.13887855410575867 0.8308643624186516
0.0 0.4618592858314514 0.6966522336006165 0.7370067238807678 0.6966522336006165 0.7370067238807678 0.778208315372467 0.4618592858314514 0.778208315372467
0.0 0.7777615562081337 0.6550590358674526 1.0000000223517418 0.6550590358674526 1.0000000223517418 0.7450855411589146 0.7777615562081337 0.7450855411589146
