0.0 0.02811853587627411 0.12776852771639824 0.3295571655035019 0.12776852771639824 0.3295571655035019 0.18971632793545723 0.02811853587627411 0.18971632793545723
0.0 0.40233977138996124 0.13021214306354523 0.6603715866804123 0.13021214306354523 0.6603715866804123 0.18676497042179108 0.40233977138996124 0.18676497042179108
0.0 0.7361433357000351 0.14000018127262592 1.0000000149011612 0.14000018127262592 1.0000000149011612 0.17793036811053753 0.7361433357000351 0.17793036811053753
0.0 0.04101046919822693 0.19813978858292103 0.33096152544021606 0.19813978858292103 0.33096152544021606 0.24825799278914928 0.04101046919822693 0.24825799278914928
0.0 0.3780706226825714 0.19366940297186375 0.6772784888744354 0.19366940297186375 0.6772784888744354 0.24234572611749172 0.3780706226825714 0.24234572611749172
0.0 0.7392875254154205 0.19030989706516266 0.9999999701976776 0.19030989706516266 0.9999999701976776 0.246562197804451 0.7392875254154205 0.246562197804451
0.0 0.04134437441825867 0.24947508238255978 0.33821022510528564 0.24947508238255978 0.33821022510528564 0.3030558619648218 0.04134437441825867 0.3030558619648218
0.0 0.39245694875717163 0.25029498897492886 0.7360307574272156 0.25029498897492886 0.7360307574272156 0.30714243091642857 0.39245694875717163 0.30714243091642857
0.0 0.7441717088222504 0.2594047710299492 1.0000000298023224 0.2594047710299492 1.0000000298023224 0.314998097717762 0.7441717088222504 0.314998097717762
0.0 0.049150630831718445 0.30594631284475327 0.32915346324443817 0.30594631284475327 0.32915346324443817 0.36134669929742813 0.049150630831718445 0.36134669929742813
0.0 0.3831547498703003 0.31023996882140636 0.7081702947616577 0.31023996882140636 0.7081702947616577 0.36886841244995594 0.3831547498703003 0.36886841244995594
0.0 0.7417842298746109 0.3222609404474497 0.9999999850988388 0.3222609404474497 0.9999999850988388 0.37395606003701687 0.7417842298746109 0.37395606003701687
0.0 0.03536491096019745 0.3657948113977909 0.3080739229917526 0.3657948113977909 0.3080739229917526 0.42929210886359215 0.03536491096019745 0.42929210886359215
0.0 0.3824625015258789 0.368172412738204 0.7261701822280884 0.368172412738204 0.7261701822280884 0.42832803167402744 0.3824625015258789 0.42832803167402744
0.0 0.7451962381601334 0.3786357343196869 0.9999999850988388 0.3786357343196869 0.9999999850988388 0.4364924132823944 0.7451962381601334 0.4364924132823944
0.0 0.01948261260986328 0.4415751751512289 0.3634800910949707 0.4415751751512289 0.3634800910949707 0.48796587623655796 0.01948261260986328 0.48796587623655796
0.0 0.38850662112236023 0.43452971801161766 0.7073880732059479 0.43452971801161766 0.7073880732059479 0.48806077614426613 0.38850662112236023 0.48806077614426613
0.0 0.7509502321481705 0.4416848495602608 0.9999999850988388 0.4416848495602608 0.9999999850988388 0.5037981197237968 0.7509502321481705 0.5037981197237968
0.0 0.041899070143699646 0.49451480992138386 0.3384748846292496 0.49451480992138386 0.3384748846292496 0.5409277807921171 0.041899070143699646 0.5409277807921171
0.0 0.38261716067790985 0.49896280467510223 0.6810442954301834 0.49896280467510223 0.6810442954301834 0.5492739230394363 0.38261716067790985 0.5492739230394363
0.0 0.7139891386032104 0.5109177846461535 1.0 0.5109177846461535 1.0 0.5588275175541639 0.7139891386032104 0.5588275175541639
0.0 0.029094859957695007 0.5494202766567469 0.33539600670337677 0.5494202766567469 0.33539600670337677 0.6059701051563025 0.029094859957695007 0.6059701051563025
0.0 0.3706382215023041 0.5605040043592453 0.6582026779651642 0.5605040043592453 0.6582026779651642 0.6144239455461502 0.3706382215023041 0.6144239455461502
0.0 0.7239589393138885 0.5691010169684887 1.0000000298023224 0.5691010169684887 1.0000000298023224 0.6263758726418018 0.7239589393138885 0.6263758726418018
0.0 0.024766772985458374 0.6122378688305616 0.31759536266326904 0.6122378688305616 0.31759536266326904 0.6706845182925463 0.024766772985458374 0.6706845182925463
0.0 0.372154176235199 0.6179429441690445 0.6685963273048401 0.6179429441690445 0.6685963273048401 0.6819804757833481 0.372154176235199 0.6819804757833481
0.0 0.7325681447982788 0.6371703092008829 1.0 0.6371703092008829 1.0 0.6855572517961264 0.7325681447982788 0.6855572517961264
0.0 0.028446227312088013 0.6735942587256432 0.3490231931209564 0.6735942587256432 0.3490231931209564 0.7480966821312904 0.028446227312088013 0.7480966821312904
0.0 0.3857821077108383 0.6938471831381321 0.6824917942285538 0.6938471831381321 0.6824917942285538 0.743568416684866 0.3857821077108383 0.743568416684866
0.0 0.7382106631994247 0.700770802795887 1.0000000149011612 0.700770802795887 1.0000000149011612 0.756449393928051 0.7382106631994247 0.756449393928051
