0.0 0.0028224438428878784 0.12853355333209038 0.28450123965740204 0.12853355333209038 0.28450123965740204 0.1999438889324665 0.0028224438428878784 0.1999438889324665
0.0 0.348606675863266 0.10898168385028839 0.5898796617984772 0.10898168385028839 0.5898796617984772 0.17392109334468842 0.348606675863266 0.17392109334468842
0.0 0.657375380396843 0.0971120037138462 0.9245564490556717 0.0971120037138462 0.9245564490556717 0.14233877882361412 0.657375380396843 0.14233877882361412
0.0 0.02266937494277954 0.20412586815655231 0.2931956648826599 0.20412586815655231 0.2931956648826599 0.26257614605128765 0.02266937494277954 0.26257614605128765
0.0 0.3334093689918518 0.17741267196834087 0.6124380826950073 0.17741267196834087 0.6124380826950073 0.23443974740803242 0.3334093689918518 0.23443974740803242
0.0 0.6669654995203018 0.15189551189541817 0.9184013456106186 0.15189551189541817 0.9184013456106186 0.2166714183986187 0.6669654995203018 0.2166714183986187
0.0 0.029208600521087646 0.25923643074929714 0.3062865436077118 0.25923643074929714 0.3062865436077118 0.3215323332697153 0.029208600521087646 0.3215323332697153
0.0 0.35370205342769623 0.2358602024614811 0.6741466671228409 0.2358602024614811 0.6741466671228409 0.30237415060400963 0.35370205342769623 0.30237415060400963
0.0 0.6796555668115616 0.22539547085762024 0.9490612596273422 0.22539547085762024 0.9490612596273422 0.28974440693855286 0.6796555668115616 0.28974440693855286
0.0 0.04321962594985962 0.3203485943377018 0.3047732412815094 0.3203485943377018 0.3047732412815094 0.38436445221304893 0.04321962594985962 0.38436445221304893
0.0 0.3523237854242325 0.3018808029592037 0.6556736081838608 0.3018808029592037 0.6556736081838608 0.37004807963967323 0.3523237854242325 0.37004807963967323
0.0 0.684783861041069 0.2934661079198122 0.9523041993379593 0.2934661079198122 0.9523041993379593 0.3535727094858885 0.684783861041069 0.3535727094858885
0.0 0.03791521489620209 0.38610274717211723 0.29307667911052704 0.38610274717211723 0.29307667911052704 0.45876674726605415 0.03791521489620209 0.45876674726605415
0.0 0.3586175888776779 0.3637167066335678 0.6793320924043655 0.3637167066335678 0.6793320924043655 0.4338097721338272 0.3586175888776779 0.4338097721338272
0.0 0.6948688477277756 0.3539121001958847 0.9668101817369461 0.3539121001958847 0.9668101817369461 0.4207470566034317 0.6948688477277756 0.4207470566034317
0.0 0.031559720635414124 0.46612517163157463 0.35193483531475067 0.46612517163157463 0.35193483531475067 0.5213384218513966 0.031559720635414124 0.5213384218513966
0.0 0.37186791002750397 0.4359327256679535 0.6693163961172104 0.4359327256679535 0.6693163961172104 0.4984981119632721 0.37186791002750397 0.4984981119632721
0.0 0.7078492492437363 0.4218495152890682 0.9738687425851822 0.4218495152890682 0.9738687425851822 0.4931902028620243 0.7078492492437363 0.4931902028620243
0.0 0.058604463934898376 0.5236944817006588 0.33509762585163116 0.5236944817006588 0.33509762585163116 0.5782355405390263 0.058604463934898376 0.5782355405390263
0.0 0.37399034202098846 0.5066588949412107 0.6523687392473221 0.5066588949412107 0.6523687392473221 0.5654422212392092 0.37399034202098846 0.5654422212392092
0.0 0.681368499994278 0.49684230238199234 0.996382087469101 0.49684230238199234 0.996382087469101 0.5536119565367699 0.681368499994278 0.5536119565367699
0.0 0.053680405020713806 0.5833804495632648 0.33962060511112213 0.5833804495632648 0.33962060511112213 0.6490253321826458 0.053680405020713806 0.6490253321826458
0.0 0.37039127945899963 0.5742692537605762 0.638876885175705 0.5742692537605762 0.638876885175705 0.6367953233420849 0.37039127945899963 0.6367953233420849
0.0 0.6978701800107956 0.5599438548088074 0.990922287106514 0.5599438548088074 0.990922287106514 0.6264850497245789 0.6978701800107956 0.6264850497245789
0.0 0.05723826587200165 0.6519839651882648 0.33079497516155243 0.6519839651882648 0.33079497516155243 0.7194820754230022 0.05723826587200165 0.7194820754230022
0.0 0.37899576127529144 0.6358083970844746 0.6561432033777237 0.6358083970844746 0.6561432033777237 0.7094050161540508 0.37899576127529144 0.7094050161540508
0.0 0.713611051440239 0.633949400857091 0.9808616191148758 0.633949400857091 0.9808616191148758 0.690476892516017 0.713611051440239 0.690476892516017
0.0 0.06851327419281006 0.7168660759925842 0.3684563934803009 0.7168660759925842 0.3684563934803009 0.802132785320282 0.06851327419281006 0.802132785320282
0.0 0.4000777155160904 0.7168663684278727 0.6768407672643661 0.7168663684278727 0.6768407672643661 0.7749866303056479 0.4000777155160904 0.7749866303056479
0.0 0.7266365140676498 0.7010511308908463 1.0000000149011612 0.7010511308908463 1.0000000149011612 0.7659026235342026 0.7266365140676498 0.7659026235342026
