0.0 0.0 0.08693304657936096 0.18067534267902374 0.08693304657936096 0.18067534267902374 0.18350690603256226 0.0 0.18350690603256226
0.0 0.22473323345184326 0.03686460107564926 0.45226550102233887 0.03686460107564926 0.45226550102233887 0.12315600365400314 0.22473323345184326 0.12315600365400314
0.0 0.5021484345197678 0.0 0.7486803084611893 0.0 0.7486803084611893 0.06136597692966461 0.5021484345197678 0.06136597692966461
0.0 0.0 0.1586635708808899 0.20130549371242523 0.1586635708808899 0.20130549371242523 0.24182337522506714 0.0 0.24182337522506714
0.0 0.22514575719833374 0.10031173378229141 0.48460376262664795 0.10031173378229141 0.48460376262664795 0.18299942463636398 0.22514575719833374 0.18299942463636398
0.0 0.5217660516500473 0.044550955295562744 0.7582922130823135 0.044550955295562744 0.7582922130823135 0.13173338770866394 0.5217660516500473 0.13173338770866394
0.0 0.0 0.21036634966731071 0.22503134608268738 0.21036634966731071 0.22503134608268738 0.2978401370346546 0.0 0.2978401370346546
0.0 0.25569403171539307 0.15028570219874382 0.553871214389801 0.15028570219874382 0.553871214389801 0.24621431902050972 0.25569403171539307 0.24621431902050972
0.0 0.5482800006866455 0.11211024597287178 0.8006809949874878 0.11211024597287178 0.8006809949874878 0.20073769614100456 0.5482800006866455 0.20073769614100456
0.0 0.0 0.2693263627588749 0.23650631308555603 0.2693263627588749 0.23650631308555603 0.35683056339621544 0.0 0.35683056339621544
0.0 0.2676532566547394 0.21570148691534996 0.5509825646877289 0.21570148691534996 0.5509825646877289 0.31143585219979286 0.2676532566547394 0.31143585219979286
0.0 0.5666801556944847 0.17722707241773605 0.8165427818894386 0.17722707241773605 0.8165427818894386 0.26164523512125015 0.5666801556944847 0.26164523512125015
0.0 0.0 0.33384353294968605 0.2410271018743515 0.33384353294968605 0.2410271018743515 0.42887526378035545 0.0 0.42887526378035545
0.0 0.2860092669725418 0.2727747857570648 0.5851548761129379 0.2727747857570648 0.5851548761129379 0.37211874127388 0.2860092669725418 0.37211874127388
0.0 0.5880732387304306 0.23394057899713516 0.8432326465845108 0.23394057899713516 0.8432326465845108 0.32518192380666733 0.5880732387304306 0.32518192380666733
0.0 0.010591641068458557 0.40464675799012184 0.3064063638448715 0.40464675799012184 0.3064063638448715 0.489872332662344 0.010591641068458557 0.489872332662344
0.0 0.3124203532934189 0.34321651607751846 0.5893672853708267 0.34321651607751846 0.5893672853708267 0.4330415353178978 0.3124203532934189 0.4330415353178978
0.0 0.6135158836841583 0.29860809072852135 0.864332526922226 0.29860809072852135 0.864332526922226 0.39350465312600136 0.6135158836841583 0.39350465312600136
0.0 0.046348318457603455 0.4617563635110855 0.3030479699373245 0.4617563635110855 0.3030479699373245 0.5418301671743393 0.046348318457603455 0.5418301671743393
0.0 0.3284877687692642 0.4129614681005478 0.5877256840467453 0.4129614681005478 0.5877256840467453 0.4972444921731949 0.3284877687692642 0.4972444921731949
0.0 0.6051400899887085 0.36831676214933395 0.8965092897415161 0.36831676214933395 0.8965092897415161 0.45446372777223587 0.6051400899887085 0.45446372777223587
0.0 0.05403786897659302 0.518791675567627 0.32138949632644653 0.518791675567627 0.32138949632644653 0.6103471517562866 0.05403786897659302 0.6103471517562866
0.0 0.33881840109825134 0.47941095754504204 0.5900309979915619 0.47941095754504204 0.5900309979915619 0.5662184245884418 0.33881840109825134 0.5662184245884418
0.0 0.6326513886451721 0.4296584166586399 0.9065026640892029 0.4296584166586399 0.9065026640892029 0.5227940641343594 0.6326513886451721 0.5227940641343594
0.0 0.07102955877780914 0.5857056677341461 0.3277588337659836 0.5857056677341461 0.3277588337659836 0.6777409017086029 0.07102955877780914 0.6777409017086029
0.0 0.3591257780790329 0.5369259677827358 0.6202861219644547 0.5369259677827358 0.6202861219644547 0.6351028122007847 0.3591257780790329 0.6351028122007847
0.0 0.6616594344377518 0.5018078051507473 0.9105537384748459 0.5018078051507473 0.9105537384748459 0.5828106440603733 0.6616594344377518 0.5828106440603733
0.0 0.09457948803901672 0.6443971432745457 0.37836408615112305 0.6443971432745457 0.37836408615112305 0.7559652291238308 0.09457948803901672 0.7559652291238308
0.0 0.394618958234787 0.6126639023423195 0.6522870361804962 0.6126639023423195 0.6522870361804962 0.6961531266570091 0.394618958234787 0.6961531266570091
0.0 0.6872635781764984 0.5622145719826221 0.9627433121204376 0.5622145719826221 0.9627433121204376 0.6539794616401196 0.6872635781764984 0.6539794616401196
0.0 0.8699323982000351 0.0 1.0000000149011612 0.0 1.0000000149011612 0.0762019157409668 0.8699323982000351 0.0762019157409668
0.0 0.8675720915198326 0.061184111982584 0.9999999776482582 0.061184111982584 0.9999999776482582 0.14981156215071678 0.8675720915198326 0.14981156215071678
0.0 0.8873808346688747 0.12607628852128983 1.0000000037252903 0.12607628852128983 1.0000000037252903 0.21049445122480392 0.8873808346688747 0.21049445122480392
0.0 0.8953931145370007 0.18492398411035538 1.0000000186264515 0.18492398411035538 1.0000000186264515 0.27616532891988754 0.8953931145370007 0.27616532891988754
0.0 0.9123848415911198 0.25093939527869225 1.000000026077032 0.25093939527869225 1.000000026077032 0.34583595767617226 0.9123848415911198 0.34583595767617226
