0.0 0.8803956285119057 0.0 1.0000000223517418 0.0 1.0000000223517418 0.0459781251847744 0.8803956285119057 0.0459781251847744
0.0 0.0 0.029877357184886932 0.06450345367193222 0.029877357184886932 0.06450345367193222 0.1233377531170845 0.0 0.1233377531170845
0.0 0.10139812529087067 0.07414286583662033 0.4205930680036545 0.07414286583662033 0.4205930680036545 0.1681642159819603 0.10139812529087067 0.1681642159819603
0.0 0.48049384355545044 0.11533395573496819 0.7592057585716248 0.11533395573496819 0.7592057585716248 0.19988321140408516 0.48049384355545044 0.19988321140408516
0.0 0.8252414166927338 0.16014715284109116 1.0000000298023224 0.16014715284109116 1.0000000298023224 0.22934309393167496 0.8252414166927338 0.22934309393167496
0.0 0.09993712604045868 0.1471860446035862 0.40410061180591583 0.1471860446035862 0.40410061180591583 0.22796335443854332 0.09993712604045868 0.22796335443854332
0.0 0.4416445195674896 0.17764320969581604 0.7597896158695221 0.17764320969581604 0.7597896158695221 0.25864967703819275 0.4416445195674896 0.25864967703819275
0.0 0.8102030828595161 0.21225404739379883 0.9999999925494194 0.21225404739379883 0.9999999925494194 0.29848337173461914 0.8102030828595161 0.29848337173461914
0.0 0.08686116337776184 0.19920655712485313 0.3983994424343109 0.19920655712485313 0.3983994424343109 0.284367386251688 0.08686116337776184 0.284367386251688
0.0 0.43980415165424347 0.2368585616350174 0.8053136318922043 0.2368585616350174 0.8053136318922043 0.3311675637960434 0.43980415165424347 0.3311675637960434
0.0 0.7970879077911377 0.2835763059556484 1.0 0.2835763059556484 1.0 0.3713918961584568 0.7970879077911377 0.3713918961584568
0.0 0.08038352429866791 0.25706178322434425 0.3749172240495682 0.25706178322434425 0.3749172240495682 0.34242969378829 0.08038352429866791 0.34242969378829
0.0 0.4146534204483032 0.2967695854604244 0.7607371807098389 0.2967695854604244 0.7607371807098389 0.3910573460161686 0.4146534204483032 0.3910573460161686
0.0 0.7790305316448212 0.3475176654756069 1.0000000298023224 0.3475176654756069 1.0000000298023224 0.43143177404999733 0.7790305316448212 0.43143177404999733
0.0 0.05004696547985077 0.31590453535318375 0.3384845405817032 0.31590453535318375 0.3384845405817032 0.4087250456213951 0.05004696547985077 0.4087250456213951
0.0 0.39891934394836426 0.3553747981786728 0.7639217376708984 0.3553747981786728 0.7639217376708984 0.45345909893512726 0.39891934394836426 0.45345909893512726
0.0 0.7660345733165741 0.40533341467380524 1.0000000298023224 0.40533341467380524 1.0000000298023224 0.49617962539196014 0.7660345733165741 0.49617962539196014
0.0 0.02016209065914154 0.390206728130579 0.37526045739650726 0.390206728130579 0.37526045739650726 0.4738871119916439 0.02016209065914154 0.4738871119916439
0.0 0.3898899555206299 0.42302605509757996 0.7271895408630371 0.42302605509757996 0.7271895408630371 0.5119308531284332 0.3898899555206299 0.5119308531284332
0.0 0.7542086541652679 0.4700234457850456 1.0000000298023224 0.4700234457850456 1.0000000298023224 0.564624734222889 0.7542086541652679 0.564624734222889
0.0 0.029534921050071716 0.4456028677523136 0.33676086366176605 0.4456028677523136 0.33676086366176605 0.5243249796330929 0.029534921050071716 0.5243249796330929
0.0 0.3684918284416199 0.4872468002140522 0.6833735108375549 0.4872468002140522 0.6833735108375549 0.5708281509578228 0.3684918284416199 0.5708281509578228
0.0 0.7020752131938934 0.5359724909067154 1.0000000298023224 0.5359724909067154 1.0000000298023224 0.6224332898855209 0.7020752131938934 0.6224332898855209
0.0 0.0011371076107025146 0.4990413226187229 0.31987184286117554 0.4990413226187229 0.31987184286117554 0.589092131704092 0.0011371076107025146 0.589092131704092
0.0 0.34006649255752563 0.5476994477212429 0.6440492272377014 0.5476994477212429 0.6440492272377014 0.6338323391973972 0.34006649255752563 0.6338323391973972
0.0 0.6945983022451401 0.5958213098347187 1.0000000149011612 0.5958213098347187 1.0000000149011612 0.6891932003200054 0.6945983022451401 0.6891932003200054
0.0 0.0 0.5610919743776321 0.2863067090511322 0.5610919743776321 0.2863067090511322 0.6516870707273483 0.0 0.6516870707273483
0.0 0.32471005618572235 0.6053682416677475 0.6397223025560379 0.6053682416677475 0.6397223025560379 0.7027863413095474 0.32471005618572235 0.7027863413095474
0.0 0.6879302710294724 0.6652731336653233 0.9937984496355057 0.6652731336653233 0.9937984496355057 0.7467591129243374 0.6879302710294724 0.7467591129243374
0.0 0.0 0.6224152147769928 0.30251336097717285 0.6224152147769928 0.30251336097717285 0.7322474420070648 0.0 0.7322474420070648
0.0 0.323008194565773 0.6826088726520538 0.6341948956251144 0.6826088726520538 0.6341948956251144 0.7660224139690399 0.323008194565773 0.7660224139690399
0.0 0.6752885580062866 0.7297314628958702 1.0 0.7297314628958702 1.0 0.8222436681389809 0.6752885580062866 0.8222436681389809
