0.0 0.0 0.09549155831336975 0.22718966007232666 0.09549155831336975 0.22718966007232666 0.22019371390342712 0.0 0.22019371390342712
0.0 0.22996921837329865 0.03828943520784378 0.5179006904363632 0.03828943520784378 0.5179006904363632 0.14190269261598587 0.22996921837329865 0.14190269261598587
0.0 0.5488690808415413 0.0 0.7883859202265739 0.0 0.7883859202265739 0.08108504861593246 0.5488690808415413 0.08108504861593246
0.0 0.0 0.1682211086153984 0.23533403873443604 0.1682211086153984 0.23533403873443604 0.2712629809975624 0.0 0.2712629809975624
0.0 0.24692846834659576 0.10139837488532066 0.5688251703977585 0.10139837488532066 0.5688251703977585 0.20896485820412636 0.24692846834659576 0.20896485820412636
0.0 0.5475694388151169 0.03905835747718811 0.846443846821785 0.03905835747718811 0.846443846821785 0.15338917076587677 0.5475694388151169 0.15338917076587677
0.0 0.0 0.2351956069469452 0.22937284409999847 0.2351956069469452 0.22937284409999847 0.34064802527427673 0.0 0.34064802527427673
0.0 0.2627122849225998 0.17858576029539108 0.5473613888025284 0.17858576029539108 0.5473613888025284 0.2676781192421913 0.2627122849225998 0.2676781192421913
0.0 0.5823822170495987 0.11606248468160629 0.8670917600393295 0.11606248468160629 0.8670917600393295 0.21212337166070938 0.5823822170495987 0.21212337166070938
0.0 0.0 0.30619461834430695 0.2642069160938263 0.30619461834430695 0.2642069160938263 0.39473651349544525 0.0 0.39473651349544525
0.0 0.2885277718305588 0.2386878840625286 0.5929962545633316 0.2386878840625286 0.5929962545633316 0.33839767053723335 0.2885277718305588 0.33839767053723335
0.0 0.6080152541399002 0.1858977973461151 0.8684262484312057 0.1858977973461151 0.8684262484312057 0.2780512869358063 0.6080152541399002 0.2780512869358063
0.0 0.0 0.35569171234965324 0.31419891119003296 0.35569171234965324 0.31419891119003296 0.4700474329292774 0.0 0.4700474329292774
0.0 0.31235723197460175 0.2984313406050205 0.6326732784509659 0.2984313406050205 0.6326732784509659 0.40570592507719994 0.31235723197460175 0.40570592507719994
0.0 0.6120253205299377 0.24086204543709755 0.8944846987724304 0.24086204543709755 0.8944846987724304 0.3504221700131893 0.6120253205299377 0.3504221700131893
0.0 0.007883310317993164 0.43365081772208214 0.32663875818252563 0.43365081772208214 0.32663875818252563 0.5429563261568546 0.007883310317993164 0.5429563261568546
0.0 0.3341190963983536 0.3720117583870888 0.6676081269979477 0.3720117583870888 0.6676081269979477 0.4741818532347679 0.3341190963983536 0.4741818532347679
0.0 0.6681779026985168 0.316990464925766 0.9208880066871643 0.316990464925766 0.9208880066871643 0.40830156207084656 0.6681779026985168 0.40830156207084656
0.0 0.05090421438217163 0.4960423894226551 0.36767369508743286 0.4960423894226551 0.36767369508743286 0.6038216166198254 0.05090421438217163 0.6038216166198254
0.0 0.36643996834754944 0.43274351581931114 0.6971728503704071 0.43274351581931114 0.6971728503704071 0.5355641581118107 0.36643996834754944 0.5355641581118107
0.0 0.6886635571718216 0.38354800269007683 0.9357190579175949 0.38354800269007683 0.9357190579175949 0.48251159861683846 0.6886635571718216 0.48251159861683846
0.0 0.054366886615753174 0.5575830675661564 0.38759171962738037 0.5575830675661564 0.38759171962738037 0.67477872595191 0.054366886615753174 0.67477872595191
0.0 0.3815150409936905 0.4935459867119789 0.6901984065771103 0.4935459867119789 0.6901984065771103 0.601571224629879 0.3815150409936905 0.601571224629879
0.0 0.6972735375165939 0.4412146247923374 0.9824891835451126 0.4412146247923374 0.9824891835451126 0.5501242242753506 0.6972735375165939 0.5501242242753506
0.0 0.07649368047714233 0.6287739016115665 0.4160212278366089 0.6287739016115665 0.4160212278366089 0.7448143027722836 0.07649368047714233 0.7448143027722836
0.0 0.40878926217556 0.5627600885927677 0.7368264347314835 0.5627600885927677 0.7368264347314835 0.6731999181210995 0.40878926217556 0.6731999181210995
0.0 0.7352679967880249 0.5195199549198151 1.0 0.5195199549198151 1.0 0.6152097880840302 0.7352679967880249 0.6152097880840302
0.0 0.11515755951404572 0.6972289010882378 0.4153092950582504 0.6972289010882378 0.4153092950582504 0.799620158970356 0.11515755951404572 0.799620158970356
0.0 0.4261940270662308 0.6337925381958485 0.7825217694044113 0.6337925381958485 0.7825217694044113 0.753515224903822 0.4261940270662308 0.753515224903822
0.0 0.7423175424337387 0.5860775001347065 1.0000000149011612 0.5860775001347065 1.0000000149011612 0.680174183100462 0.7423175424337387 0.680174183100462
