0.0 0.06083613634109497 0.14584928378462791 0.36182665824890137 0.14584928378462791 0.36182665824890137 0.22738835588097572 0.06083613634109497 0.22738835588097572
0.0 0.37937575578689575 0.12450948730111122 0.6459804177284241 0.12450948730111122 0.6459804177284241 0.19046911224722862 0.37937575578689575 0.19046911224722862
0.0 0.6873703151941299 0.1059159766882658 0.9073844999074936 0.1059159766882658 0.9073844999074936 0.16820945031940937 0.6873703151941299 0.16820945031940937
0.0 0.08218422532081604 0.21061326563358307 0.3584388494491577 0.21061326563358307 0.3584388494491577 0.27500392496585846 0.08218422532081604 0.27500392496585846
0.0 0.38139161467552185 0.18454524129629135 0.6812895834445953 0.18454524129629135 0.6812895834445953 0.25051552802324295 0.38139161467552185 0.25051552802324295
0.0 0.6738348752260208 0.15661850944161415 0.949060246348381 0.15661850944161415 0.949060246348381 0.23145541176199913 0.6738348752260208 0.23145541176199913
0.0 0.08423389494419098 0.26823244616389275 0.33833660185337067 0.26823244616389275 0.33833660185337067 0.33723076060414314 0.08423389494419098 0.33723076060414314
0.0 0.38201454281806946 0.25018079206347466 0.6485544145107269 0.25018079206347466 0.6485544145107269 0.3028539903461933 0.38201454281806946 0.3028539903461933
0.0 0.6912693232297897 0.2262985296547413 0.9563161879777908 0.2262985296547413 0.9563161879777908 0.285513024777174 0.6912693232297897 0.285513024777174
0.0 0.09981174767017365 0.3341041412204504 0.36031632125377655 0.3341041412204504 0.36031632125377655 0.38692752458155155 0.09981174767017365 0.38692752458155155
0.0 0.393481507897377 0.30677020736038685 0.6775956004858017 0.30677020736038685 0.6775956004858017 0.3672586064785719 0.393481507897377 0.3672586064785719
0.0 0.7021724358201027 0.287313099950552 0.9436421021819115 0.287313099950552 0.9436421021819115 0.34550583735108376 0.7021724358201027 0.34550583735108376
0.0 0.09267669916152954 0.38151316344738007 0.3933035433292389 0.38151316344738007 0.3933035433292389 0.4536197930574417 0.09267669916152954 0.4536197930574417
0.0 0.4032905548810959 0.36254966259002686 0.7016632109880447 0.36254966259002686 0.7016632109880447 0.42841804027557373 0.4032905548810959 0.42841804027557373
0.0 0.6944072097539902 0.33731556311249733 0.9541800171136856 0.33731556311249733 0.9541800171136856 0.40945982560515404 0.6944072097539902 0.40945982560515404
0.0 0.09396220743656158 0.45084188506007195 0.3903117924928665 0.45084188506007195 0.3903117924928665 0.5187887735664845 0.09396220743656158 0.5187887735664845
0.0 0.40838952362537384 0.43034963868558407 0.7211546152830124 0.43034963868558407 0.7211546152830124 0.48998511768877506 0.40838952362537384 0.48998511768877506
0.0 0.7324344217777252 0.4066898934543133 0.966343492269516 0.4066898934543133 0.966343492269516 0.4649308808147907 0.7324344217777252 0.4649308808147907
0.0 0.12164446711540222 0.5092576704919338 0.41633614897727966 0.5092576704919338 0.41633614897727966 0.575986985117197 0.12164446711540222 0.575986985117197
0.0 0.426521971821785 0.48613180220127106 0.7363688200712204 0.48613180220127106 0.7363688200712204 0.5466791242361069 0.426521971821785 0.5466791242361069
0.0 0.7386288568377495 0.46587538719177246 0.9651421383023262 0.46587538719177246 0.9651421383023262 0.5319235920906067 0.7386288568377495 0.5319235920906067
0.0 0.11218748986721039 0.5646374486386776 0.42133642733097076 0.5646374486386776 0.42133642733097076 0.6384203173220158 0.11218748986721039 0.6384203173220158
0.0 0.4294344037771225 0.5381725318729877 0.7159352451562881 0.5381725318729877 0.7159352451562881 0.6060147993266582 0.4294344037771225 0.6060147993266582
0.0 0.7338804751634598 0.5205873884260654 0.9965715855360031 0.5205873884260654 0.9965715855360031 0.5918198190629482 0.7338804751634598 0.5918198190629482
0.0 0.11841429769992828 0.6295489743351936 0.4341624230146408 0.6295489743351936 0.4341624230146408 0.7015589997172356 0.11841429769992828 0.7015589997172356
0.0 0.4403698444366455 0.6030786037445068 0.7458055019378662 0.6030786037445068 0.7458055019378662 0.671079158782959 0.4403698444366455 0.671079158782959
0.0 0.7538681030273438 0.5920911580324173 1.0 0.5920911580324173 1.0 0.6518608778715134 0.7538681030273438 0.6518608778715134
0.0 0.14215059578418732 0.6893968917429447 0.42132340371608734 0.6893968917429447 0.42132340371608734 0.7528756521642208 0.14215059578418732 0.7528756521642208
0.0 0.4415228068828583 0.6693043112754822 0.7733537256717682 0.6693043112754822 0.7733537256717682 0.7429422736167908 0.4415228068828583 0.7429422736167908
0.0 0.7470967918634415 0.6512766666710377 0.9999999850988388 0.6512766666710377 0.9999999850988388 0.7091206721961498 0.7470967918634415 0.7091206721961498
