0.0 0.07155546545982361 0.04791634902358055 0.367007851600647 0.04791634902358055 0.367007851600647 0.12477778270840645 0.07155546545982361 0.12477778270840645
0.0 0.38989634811878204 0.052854474633932114 0.6520446985960007 0.052854474633932114 0.6520446985960007 0.11381546035408974 0.38989634811878204 0.11381546035408974
0.0 0.6969416365027428 0.058803826570510864 0.9127146974205971 0.058803826570510864 0.9127146974205971 0.11804556846618652 0.6969416365027428 0.11804556846618652
0.0 0.08294139802455902 0.12074989452958107 0.3548620492219925 0.12074989452958107 0.3548620492219925 0.17942073568701744 0.08294139802455902 0.17942073568701744
0.0 0.38176026940345764 0.1227196678519249 0.6772352159023285 0.1227196678519249 0.6772352159023285 0.18194378167390823 0.38176026940345764 0.18194378167390823
0.0 0.6742636859416962 0.11824123561382294 0.9444051086902618 0.11824123561382294 0.9444051086902618 0.18883882462978363 0.6742636859416962 0.18883882462978363
0.0 0.0754598006606102 0.18369697034358978 0.3248755410313606 0.18369697034358978 0.3248755410313606 0.24876834452152252 0.0754598006606102 0.24876834452152252
0.0 0.37247322499752045 0.19381023570895195 0.635509267449379 0.19381023570895195 0.635509267449379 0.2396739311516285 0.37247322499752045 0.2396739311516285
0.0 0.6808010190725327 0.19727309234440327 0.9418735653162003 0.19727309234440327 0.9418735653162003 0.2506497334688902 0.6808010190725327 0.2506497334688902
0.0 0.0806882232427597 0.2595404349267483 0.33767203986644745 0.2595404349267483 0.33767203986644745 0.30589187517762184 0.0806882232427597 0.30589187517762184
0.0 0.37397778034210205 0.2594936341047287 0.6540457010269165 0.2594936341047287 0.6540457010269165 0.3133164793252945 0.37397778034210205 0.3133164793252945
0.0 0.681756466627121 0.2648302838206291 0.9193009436130524 0.2648302838206291 0.9193009436130524 0.31828422099351883 0.681756466627121 0.31828422099351883
0.0 0.06466430425643921 0.3147246763110161 0.36042889952659607 0.3147246763110161 0.36042889952659607 0.3808847740292549 0.06466430425643921 0.3808847740292549
0.0 0.37412063777446747 0.3238802570849657 0.6680759936571121 0.3238802570849657 0.6680759936571121 0.3830686789005995 0.37412063777446747 0.3830686789005995
0.0 0.6651043444871902 0.3212577514350414 0.9199704378843307 0.3212577514350414 0.9199704378843307 0.3896067924797535 0.6651043444871902 0.3896067924797535
0.0 0.05477157235145569 0.39212067797780037 0.3465527892112732 0.39212067797780037 0.3465527892112732 0.4537777118384838 0.05477157235145569 0.4537777118384838
0.0 0.36818498373031616 0.4013655111193657 0.6769943833351135 0.4013655111193657 0.6769943833351135 0.45271385461091995 0.36818498373031616 0.45271385461091995
0.0 0.6920251920819283 0.4007715340703726 0.9219978973269463 0.4007715340703726 0.9219978973269463 0.45467748679220676 0.6920251920819283 0.45467748679220676
0.0 0.07252192497253418 0.4600705001503229 0.36273083090782166 0.4600705001503229 0.36273083090782166 0.5204307939857244 0.07252192497253418 0.5204307939857244
0.0 0.3768702298402786 0.4653179235756397 0.6826930493116379 0.4653179235756397 0.6826930493116379 0.5178559236228466 0.3768702298402786 0.5178559236228466
0.0 0.6881057322025299 0.466960571706295 0.9101153314113617 0.466960571706295 0.9101153314113617 0.5301283374428749 0.6881057322025299 0.5301283374428749
0.0 0.05366942286491394 0.5221192874014378 0.35784465074539185 0.5221192874014378 0.35784465074539185 0.5897368155419827 0.05366942286491394 0.5897368155419827
0.0 0.37103985249996185 0.5219952873885632 0.6529697328805923 0.5219952873885632 0.6529697328805923 0.5840507932007313 0.37103985249996185 0.5840507932007313
0.0 0.67391736805439 0.5303774625062943 0.9317701309919357 0.5303774625062943 0.9317701309919357 0.5975368469953537 0.67391736805439 0.5975368469953537
0.0 0.049174413084983826 0.5958569347858429 0.3600827008485794 0.5958569347858429 0.3600827008485794 0.6611128747463226 0.049174413084983826 0.6611128747463226
0.0 0.37099848687648773 0.5971010718494654 0.6718712002038956 0.5971010718494654 0.6718712002038956 0.6583417858928442 0.37099848687648773 0.6583417858928442
0.0 0.6824446022510529 0.6119850892573595 0.9352118670940399 0.6119850892573595 0.9352118670940399 0.6664265375584364 0.6824446022510529 0.6664265375584364
0.0 0.06341531872749329 0.662456538528204 0.3383225202560425 0.662456538528204 0.3383225202560425 0.7199376560747623 0.06341531872749329 0.7199376560747623
0.0 0.36078979074954987 0.6732359528541565 0.6876805871725082 0.6732359528541565 0.6876805871725082 0.7394972443580627 0.36078979074954987 0.7394972443580627
0.0 0.666108563542366 0.6778707318007946 0.9233292788267136 0.6778707318007946 0.9233292788267136 0.729897040873766 0.666108563542366 0.729897040873766
