0.0 0.03740952908992767 0.08900834619998932 0.37097765505313873 0.08900834619998932 0.37097765505313873 0.1623978465795517 0.03740952908992767 0.1623978465795517
0.0 0.3984656482934952 0.09152909182012081 0.6906257718801498 0.09152909182012081 0.6906257718801498 0.14918770827353 0.3984656482934952 0.14918770827353
0.0 0.7428892999887466 0.09508351050317287 0.9798536151647568 0.09508351050317287 0.9798536151647568 0.15107915736734867 0.7428892999887466 0.15107915736734867
0.0 0.054350823163986206 0.160909004509449 0.36132991313934326 0.160909004509449 0.36132991313934326 0.21605917066335678 0.054350823163986206 0.21605917066335678
0.0 0.3932425081729889 0.16020360961556435 0.7223049104213715 0.16020360961556435 0.7223049104213715 0.21532398089766502 0.3932425081729889 0.21532398089766502
0.0 0.7211488485336304 0.15327133610844612 1.0 0.15327133610844612 1.0 0.21937347576022148 0.7211488485336304 0.21937347576022148
0.0 0.05026939511299133 0.2230210229754448 0.3313188850879669 0.2230210229754448 0.3313188850879669 0.28420794755220413 0.05026939511299133 0.28420794755220413
0.0 0.3863340765237808 0.22992432303726673 0.6794693320989609 0.22992432303726673 0.6794693320989609 0.27186274342238903 0.3863340765237808 0.27186274342238903
0.0 0.7316771596670151 0.23015024699270725 1.0000000149011612 0.23015024699270725 1.0000000149011612 0.27909878455102444 0.7316771596670151 0.27909878455102444
0.0 0.06027393043041229 0.2975212037563324 0.3499912768602371 0.2975212037563324 0.3499912768602371 0.33978471159935 0.06027393043041229 0.33978471159935
0.0 0.392204686999321 0.29406548105180264 0.7035321742296219 0.29406548105180264 0.7035321742296219 0.3430521432310343 0.392204686999321 0.3430521432310343
0.0 0.7362121343612671 0.29570748284459114 0.9965639114379883 0.29570748284459114 0.9965639114379883 0.3445455841720104 0.7362121343612671 0.3445455841720104
0.0 0.04654981195926666 0.351813156157732 0.37905825674533844 0.351813156157732 0.37905825674533844 0.41245005652308464 0.04654981195926666 0.41245005652308464
0.0 0.3963378965854645 0.35679093562066555 0.7224343717098236 0.35679093562066555 0.7224343717098236 0.41028806008398533 0.3963378965854645 0.41028806008398533
0.0 0.7212919890880585 0.3505406640470028 0.9998824894428253 0.3505406640470028 0.9998824894428253 0.4131073094904423 0.7212919890880585 0.4131073094904423
0.0 0.040159717202186584 0.42765103466808796 0.3679581433534622 0.42765103466808796 0.3679581433534622 0.48334927670657635 0.040159717202186584 0.48334927670657635
0.0 0.3937862664461136 0.4321588408201933 0.73622827231884 0.4321588408201933 0.73622827231884 0.47726683504879475 0.3937862664461136 0.47726683504879475
0.0 0.7545033469796181 0.42696770653128624 1.0000000223517418 0.42696770653128624 1.0000000223517418 0.47545281425118446 0.7545033469796181 0.47545281425118446
0.0 0.06465661525726318 0.4936485178768635 0.3900039494037628 0.4936485178768635 0.3900039494037628 0.5475543849170208 0.06465661525726318 0.5475543849170208
0.0 0.4072636663913727 0.4939862862229347 0.7457621991634369 0.4939862862229347 0.7457621991634369 0.539774976670742 0.4072636663913727 0.539774976670742
0.0 0.7539420649409294 0.4907342530786991 0.9956585839390755 0.4907342530786991 0.9956585839390755 0.547788467258215 0.7539420649409294 0.547788467258215
0.0 0.04765866696834564 0.5543032977730036 0.38822828233242035 0.5543032977730036 0.38822828233242035 0.6144872810691595 0.04765866696834564 0.6144872810691595
0.0 0.40447741746902466 0.5488503482192755 0.7158471941947937 0.5488503482192755 0.7158471941947937 0.603749105706811 0.40447741746902466 0.603749105706811
0.0 0.7416196018457413 0.551860298961401 0.9999999850988388 0.551860298961401 0.9999999850988388 0.6116855479776859 0.7416196018457413 0.6116855479776859
0.0 0.04724803566932678 0.6259281970560551 0.39496368169784546 0.6259281970560551 0.39496368169784546 0.683093037456274 0.04724803566932678 0.683093037456274
0.0 0.40868939459323883 0.6212533786892891 0.7405130714178085 0.6212533786892891 0.7405130714178085 0.6744325086474419 0.40868939459323883 0.6744325086474419
0.0 0.7545529380440712 0.6298711411654949 1.0000000223517418 0.6298711411654949 1.0000000223517418 0.6770986206829548 0.7545529380440712 0.6770986206829548
0.0 0.06732109189033508 0.6900940015912056 0.3744230270385742 0.6900940015912056 0.3744230270385742 0.7399648353457451 0.06732109189033508 0.7399648353457451
0.0 0.4018807113170624 0.6946238856762648 0.761773020029068 0.6946238856762648 0.761773020029068 0.7514541763812304 0.4018807113170624 0.7514541763812304
0.0 0.739763006567955 0.6930975336581469 1.0000000149011612 0.6930975336581469 1.0000000149011612 0.7375131230801344 0.739763006567955 0.7375131230801344
