0.0 0.07852493226528168 0.15996375307440758 0.37301798164844513 0.15996375307440758 0.37301798164844513 0.24651295319199562 0.07852493226528168 0.24651295319199562
0.0 0.38817112147808075 0.135665874928236 0.6488326340913773 0.135665874928236 0.6488326340913773 0.2058618851006031 0.38817112147808075 0.2058618851006031
0.0 0.6875976920127869 0.1143973283469677 0.9029431939125061 0.1143973283469677 0.9029431939125061 0.1804395504295826 0.6875976920127869 0.1804395504295826
0.0 0.10119113326072693 0.22694282606244087 0.37116876244544983 0.22694282606244087 0.37116876244544983 0.29559601470828056 0.10119113326072693 0.29559601470828056
0.0 0.3919743001461029 0.19746601954102516 0.6849401295185089 0.19746601954102516 0.6849401295185089 0.2679372690618038 0.3919743001461029 0.2679372690618038
0.0 0.676014855504036 0.16650738194584846 0.9453072994947433 0.16650738194584846 0.9453072994947433 0.24593446776270866 0.676014855504036 0.24593446776270866
0.0 0.10484456270933151 0.2866848520934582 0.35346681624650955 0.2866848520934582 0.35346681624650955 0.3599180169403553 0.10484456270933151 0.3599180169403553
0.0 0.3944564759731293 0.2655797079205513 0.6546564400196075 0.2655797079205513 0.6546564400196075 0.322061650454998 0.3944564759731293 0.322061650454998
0.0 0.6950419545173645 0.2384871020913124 0.953989565372467 0.2384871020913124 0.953989565372467 0.30170878022909164 0.6950419545173645 0.30170878022909164
0.0 0.12198346853256226 0.35461012087762356 0.37633198499679565 0.35461012087762356 0.37633198499679565 0.41119917668402195 0.12198346853256226 0.41119917668402195
0.0 0.4073327034711838 0.32387354224920273 0.6848191767930984 0.32387354224920273 0.6848191767930984 0.3885614052414894 0.4073327034711838 0.3885614052414894
0.0 0.7074197456240654 0.301676781848073 0.943460114300251 0.301676781848073 0.943460114300251 0.3636567275971174 0.7074197456240654 0.3636567275971174
0.0 0.11650744080543518 0.40338975563645363 0.4103645980358124 0.40338975563645363 0.4103645980358124 0.4802004061639309 0.11650744080543518 0.4802004061639309
0.0 0.41856373846530914 0.38136662542819977 0.7100465148687363 0.38136662542819977 0.7100465148687363 0.45172058045864105 0.41856373846530914 0.45172058045864105
0.0 0.701364204287529 0.35330982133746147 0.9555824548006058 0.35330982133746147 0.9555824548006058 0.42983506992459297 0.701364204287529 0.42983506992459297
0.0 0.11979985237121582 0.47509661689400673 0.40938204526901245 0.47509661689400673 0.40938204526901245 0.5475798510015011 0.11979985237121582 0.5475798510015011
0.0 0.42556388676166534 0.4513140432536602 0.7308243960142136 0.4513140432536602 0.7308243960142136 0.5153489597141743 0.42556388676166534 0.5153489597141743
0.0 0.7404133602976799 0.4249377027153969 0.9691192582249641 0.4249377027153969 0.9691192582249641 0.4869074448943138 0.7404133602976799 0.4869074448943138
0.0 0.14849184453487396 0.5352952517569065 0.43642885982990265 0.5352952517569065 0.43642885982990265 0.6065086089074612 0.14849184453487396 0.6065086089074612
0.0 0.44487108290195465 0.5088759362697601 0.7473274320363998 0.5088759362697601 0.7473274320363998 0.5738288462162018 0.44487108290195465 0.5738288462162018
0.0 0.7481797710061073 0.4861537516117096 0.9699439033865929 0.4861537516117096 0.9699439033865929 0.5561229884624481 0.7481797710061073 0.5561229884624481
0.0 0.14094091951847076 0.5925255976617336 0.44311724603176117 0.5925255976617336 0.44311724603176117 0.6711339987814426 0.14094091951847076 0.6711339987814426
0.0 0.44919735193252563 0.562854953110218 0.7292203307151794 0.562854953110218 0.7292203307151794 0.6351520344614983 0.44919735193252563 0.6351520344614983
0.0 0.7452401220798492 0.5424839481711388 0.9999999701976776 0.5424839481711388 0.9999999701976776 0.6180912032723427 0.7452401220798492 0.6180912032723427
0.0 0.14893805980682373 0.6595429964363575 0.4574642777442932 0.6595429964363575 0.4574642777442932 0.7363739423453808 0.14893805980682373 0.7363739423453808
0.0 0.46180590987205505 0.6297346316277981 0.7602057754993439 0.6297346316277981 0.7602057754993439 0.7023453749716282 0.46180590987205505 0.7023453749716282
0.0 0.7668161168694496 0.616299781948328 1.0000000223517418 0.616299781948328 1.0000000223517418 0.6800290010869503 0.7668161168694496 0.6800290010869503
0.0 0.17376019060611725 0.7215214669704437 0.4465419501066208 0.7215214669704437 0.4465419501066208 0.7892566025257111 0.17376019060611725 0.7892566025257111
0.0 0.464936226606369 0.6980015896260738 0.7891161739826202 0.6980015896260738 0.7891161739826202 0.7766404487192631 0.464936226606369 0.7766404487192631
0.0 0.7619760259985924 0.6775158010423183 0.9999999776482582 0.6775158010423183 0.9999999776482582 0.739291612058878 0.7619760259985924 0.739291612058878
