0.0 0.06440532207489014 0.10035210847854614 0.3656572699546814 0.10035210847854614 0.3656572699546814 0.1654929518699646 0.06440532207489014 0.1654929518699646
0.0 0.39147883653640747 0.09800469502806664 0.6590844988822937 0.09800469502806664 0.6590844988822937 0.14906102791428566 0.39147883653640747 0.14906102791428566
0.0 0.7075978517532349 0.09683098271489143 0.9274725914001465 0.09683098271489143 0.9274725914001465 0.14730046316981316 0.7075978517532349 0.14730046316981316
0.0 0.07848984003067017 0.167840376496315 0.35626763105392456 0.167840376496315 0.35626763105392456 0.21654929220676422 0.07848984003067017 0.21654929220676422
0.0 0.3860015720129013 0.1631455421447754 0.6880359798669815 0.1631455421447754 0.6880359798669815 0.2118544578552246 0.3860015720129013 0.2118544578552246
0.0 0.6872535347938538 0.15258215367794037 0.9626838564872742 0.15258215367794037 0.9626838564872742 0.2124413102865219 0.6872535347938538 0.2124413102865219
0.0 0.07379499077796936 0.22652582079172134 0.3280985951423645 0.22652582079172134 0.3280985951423645 0.2816901430487633 0.07379499077796936 0.2816901430487633
0.0 0.3789593130350113 0.22946009039878845 0.6481299251317978 0.22946009039878845 0.6481299251317978 0.26643192768096924 0.3789593130350113 0.26643192768096924
0.0 0.6966431736946106 0.22593895345926285 0.9634663462638855 0.22593895345926285 0.9634663462638855 0.26995303481817245 0.6966431736946106 0.26995303481817245
0.0 0.0816197395324707 0.2969483733177185 0.34453052282333374 0.2969483733177185 0.34453052282333374 0.3345070481300354 0.0816197395324707 0.3345070481300354
0.0 0.3836541771888733 0.2904929518699646 0.6700391173362732 0.2904929518699646 0.6700391173362732 0.3345070481300354 0.3836541771888733 0.3345070481300354
0.0 0.7005555629730225 0.2887323796749115 0.9431220293045044 0.2887323796749115 0.9431220293045044 0.3333333432674408 0.7005555629730225 0.3333333432674408
0.0 0.06831768155097961 0.34859153628349304 0.3703521192073822 0.34859153628349304 0.3703521192073822 0.40375587344169617 0.06831768155097961 0.40375587344169617
0.0 0.38678401708602905 0.35035210847854614 0.6872535347938538 0.35035210847854614 0.6872535347938538 0.39906102418899536 0.38678401708602905 0.39906102418899536
0.0 0.6864710450172424 0.341549277305603 0.9462519288063049 0.341549277305603 0.9462519288063049 0.39964789152145386 0.6864710450172424 0.39964789152145386
0.0 0.0612754225730896 0.4207746684551239 0.3593975007534027 0.4207746684551239 0.3593975007534027 0.47183099389076233 0.0612754225730896 0.47183099389076233
0.0 0.3836541175842285 0.4225352108478546 0.6997730731964111 0.4225352108478546 0.6997730731964111 0.4636150300502777 0.3836541175842285 0.4636150300502777
0.0 0.7169874906539917 0.4149061143398285 0.9517292976379395 0.4149061143398285 0.9517292976379395 0.4600938856601715 0.7169874906539917 0.4600938856601715
0.0 0.08240216970443726 0.48356807231903076 0.3789592981338501 0.48356807231903076 0.3789592981338501 0.533450722694397 0.08240216970443726 0.533450722694397
0.0 0.39539124071598053 0.48180752992630005 0.708380326628685 0.48180752992630005 0.708380326628685 0.5240610241889954 0.39539124071598053 0.5240610241889954
0.0 0.7162050604820251 0.47652584314346313 0.9423395991325378 0.47652584314346313 0.9423395991325378 0.5305164456367493 0.7162050604820251 0.5305164456367493
0.0 0.0659702718257904 0.5416666269302368 0.3766118884086609 0.5416666269302368 0.3766118884086609 0.5980046987533569 0.0659702718257904 0.5980046987533569
0.0 0.3922613263130188 0.534624457359314 0.6802112460136414 0.534624457359314 0.6802112460136414 0.5862675905227661 0.3922613263130188 0.5862675905227661
0.0 0.7044678926467896 0.5357980728149414 0.9673787355422974 0.5357980728149414 0.9673787355422974 0.59272301197052 0.7044678926467896 0.59272301197052
0.0 0.06440532207489014 0.6103286147117615 0.38208919763565063 0.6103286147117615 0.38208919763565063 0.6643192172050476 0.06440532207489014 0.6643192172050476
0.0 0.39539124071598053 0.6044600605964661 0.7029030174016953 0.6044600605964661 0.7029030174016953 0.6549295783042908 0.39539124071598053 0.6549295783042908
0.0 0.7162050008773804 0.6115023493766785 0.9744210243225098 0.6115023493766785 0.9744210243225098 0.6566901803016663 0.7162050008773804 0.6566901803016663
0.0 0.0816197395324707 0.6719483733177185 0.36252737045288086 0.6719483733177185 0.36252737045288086 0.7194835543632507 0.0816197395324707 0.7194835543632507
0.0 0.3883489519357681 0.6754694581031799 0.7224647849798203 0.6754694581031799 0.7224647849798203 0.7300469279289246 0.3883489519357681 0.7300469279289246
0.0 0.7021205425262451 0.6731220483779907 0.9650312662124634 0.6731220483779907 0.9650312662124634 0.7159624099731445 0.7021205425262451 0.7159624099731445
