0.0 0.0 0.10893191024661064 0.34447845816612244 0.10893191024661064 0.34447845816612244 0.22433828189969063 0.0 0.22433828189969063
0.0 0.3511801213026047 0.061232876032590866 0.692351296544075 0.061232876032590866 0.692351296544075 0.15586991980671883 0.3511801213026047 0.15586991980671883
0.0 0.7309499830007553 0.019239190965890884 1.0000000149011612 0.019239190965890884 1.0000000149011612 0.10532286390662193 0.7309499830007553 0.10532286390662193
0.0 0.0 0.18094978109002113 0.3486732244491577 0.18094978109002113 0.3486732244491577 0.2758258245885372 0.0 0.2758258245885372
0.0 0.36436568200588226 0.12472111359238625 0.7464167028665543 0.12472111359238625 0.7464167028665543 0.2223404012620449 0.36436568200588226 0.2223404012620449
0.0 0.7233410030603409 0.07164446264505386 0.9999999850988388 0.07164446264505386 0.9999999850988388 0.17602501064538956 0.7233410030603409 0.17602501064538956
0.0 0.004025667905807495 0.24672115966677666 0.3344481289386749 0.24672115966677666 0.3344481289386749 0.3451337106525898 0.004025667905807495 0.3451337106525898
0.0 0.3764726519584656 0.1997331641614437 0.7152230143547058 0.1997331641614437 0.7152230143547058 0.2804858423769474 0.3764726519584656 0.2804858423769474
0.0 0.75705636292696 0.14744312316179276 0.9999999925494194 0.14744312316179276 0.9999999925494194 0.23426570743322372 0.75705636292696 0.23426570743322372
0.0 0.03535367548465729 0.31778816506266594 0.3706979900598526 0.31778816506266594 0.3706979900598526 0.39943744614720345 0.03535367548465729 0.39943744614720345
0.0 0.4008197635412216 0.25969547405838966 0.7623843103647232 0.25969547405838966 0.7623843103647232 0.3509078584611416 0.4008197635412216 0.3509078584611416
0.0 0.781108632683754 0.21536749973893166 0.9999999850988388 0.21536749973893166 0.9999999850988388 0.299447949975729 0.781108632683754 0.299447949975729
0.0 0.034785524010658264 0.3676457144320011 0.4235544353723526 0.3676457144320011 0.4235544353723526 0.4745193384587765 0.034785524010658264 0.4745193384587765
0.0 0.42293255031108856 0.3191290982067585 0.802807405591011 0.3191290982067585 0.802807405591011 0.41789735481143 0.42293255031108856 0.41789735481143
0.0 0.7803568691015244 0.26938706263899803 1.0000000149011612 0.26938706263899803 1.0000000149011612 0.3705497421324253 0.7803568691015244 0.3705497421324253
0.0 0.04852770268917084 0.44487693905830383 0.43125127255916595 0.44487693905830383 0.43125127255916595 0.5473545491695404 0.04852770268917084 0.5473545491695404
0.0 0.44126464426517487 0.39207564666867256 0.8376213163137436 0.39207564666867256 0.8376213163137436 0.48588622733950615 0.44126464426517487 0.48588622733950615
0.0 0.8393610417842865 0.34425538033246994 1.0000000298023224 0.34425538033246994 1.0000000298023224 0.4284249618649483 0.8393610417842865 0.4284249618649483
0.0 0.09385590255260468 0.507353100925684 0.473881796002388 0.507353100925684 0.473881796002388 0.6087350510060787 0.09385590255260468 0.6087350510060787
0.0 0.4737088233232498 0.45221419259905815 0.8663710802793503 0.45221419259905815 0.8663710802793503 0.5471719987690449 0.4737088233232498 0.5471719987690449
0.0 0.8573488146066666 0.409343209117651 0.9999999850988388 0.409343209117651 0.9999999850988388 0.5016715861856937 0.8573488146066666 0.5016715861856937
0.0 0.09163472056388855 0.5684623569250107 0.4910317361354828 0.5684623569250107 0.4910317361354828 0.6794798523187637 0.09163472056388855 0.6794798523187637
0.0 0.48635897040367126 0.5115787051618099 0.8516807854175568 0.5115787051618099 0.8516807854175568 0.6127514578402042 0.48635897040367126 0.6127514578402042
0.0 0.8612584173679352 0.4667794927954674 0.9999999701976776 0.4667794927954674 0.9999999701976776 0.5681818500161171 0.8612584173679352 0.5681818500161171
0.0 0.11093835532665253 0.6393495500087738 0.5181318074464798 0.6393495500087738 0.5181318074464798 0.7495966255664825 0.11093835532665253 0.7495966255664825
0.0 0.511505976319313 0.5804021209478378 0.8998995870351791 0.5804021209478378 0.8998995870351791 0.6840334087610245 0.511505976319313 0.6840334087610245
0.0 0.8984420523047447 0.5440396033227444 0.9999999776482582 0.5440396033227444 0.9999999776482582 0.6326633729040623 0.8984420523047447 0.6326633729040623
0.0 0.15132835507392883 0.7070709317922592 0.5112558901309967 0.7070709317922592 0.5112558901309967 0.8047559410333633 0.15132835507392883 0.8047559410333633
0.0 0.5246940106153488 0.6508897468447685 0.9463835507631302 0.6508897468447685 0.9463835507631302 0.7637977674603462 0.5246940106153488 0.7637977674603462
0.0 0.9005150571465492 0.6092875711619854 1.0000000223517418 0.6092875711619854 1.0000000223517418 0.6965502984821796 0.9005150571465492 0.6965502984821796
