0.0 0.0 0.05022250488400459 0.27659106254577637 0.05022250488400459 0.27659106254577637 0.14776600524783134 0.0 0.14776600524783134
0.0 0.28922365605831146 0.019304778426885605 0.5594362765550613 0.019304778426885605 0.5594362765550613 0.09881148859858513 0.28922365605831146 0.09881148859858513
0.0 0.5970101878046989 0.0 0.8206082060933113 0.0 0.8206082060933113 0.06630879640579224 0.5970101878046989 0.06630879640579224
0.0 0.0 0.12192466855049133 0.2769187390804291 0.12192466855049133 0.2769187390804291 0.1999555230140686 0.0 0.1999555230140686
0.0 0.2959774434566498 0.08482646569609642 0.5992993414402008 0.08482646569609642 0.5992993414402008 0.16520962491631508 0.2959774434566498 0.16520962491631508
0.0 0.5875357538461685 0.04711177572607994 0.8670060485601425 0.04711177572607994 0.8670060485601425 0.1366109885275364 0.5875357538461685 0.1366109885275364
0.0 0.003548756241798401 0.18621430918574333 0.2615632563829422 0.18621430918574333 0.2615632563829422 0.26874010637402534 0.003548756241798401 0.26874010637402534
0.0 0.3014242649078369 0.15825683623552322 0.5705475211143494 0.15825683623552322 0.5705475211143494 0.22314142435789108 0.3014242649078369 0.22314142435789108
0.0 0.6102997809648514 0.12398328632116318 0.8784429281949997 0.12398328632116318 0.8784429281949997 0.19602716714143753 0.6102997809648514 0.19602716714143753
0.0 0.024243399500846863 0.25849030911922455 0.28737644851207733 0.25849030911922455 0.28737644851207733 0.3233834058046341 0.024243399500846863 0.3233834058046341
0.0 0.3173266053199768 0.2201523818075657 0.6045293807983398 0.2201523818075657 0.6045293807983398 0.294093307107687 0.3173266053199768 0.294093307107687
0.0 0.6257664710283279 0.19182315096259117 0.8703844994306564 0.19182315096259117 0.8703844994306564 0.26213032379746437 0.6257664710283279 0.26213032379746437
0.0 0.020868033170700073 0.3101571835577488 0.3253881335258484 0.3101571835577488 0.3253881335258484 0.3973117433488369 0.020868033170700073 0.3973117433488369
0.0 0.331486240029335 0.2812720946967602 0.6332834213972092 0.2812720946967602 0.6332834213972092 0.3615035004913807 0.331486240029335 0.3615035004913807
0.0 0.6218466013669968 0.24692173674702644 0.8857423812150955 0.24692173674702644 0.8857423812150955 0.33305661007761955 0.6218466013669968 0.33305661007761955
0.0 0.027404069900512695 0.3869357705116272 0.32734978199005127 0.3869357705116272 0.32734978199005127 0.46940183639526367 0.027404069900512695 0.46940183639526367
0.0 0.3418342024087906 0.3557742200791836 0.6574631184339523 0.3557742200791836 0.6574631184339523 0.42952072992920876 0.3418342024087906 0.42952072992920876
0.0 0.6651950255036354 0.32333800569176674 0.9022981747984886 0.32333800569176674 0.9022981747984886 0.3935019038617611 0.6651950255036354 0.3935019038617611
0.0 0.05964326858520508 0.4509057104587555 0.35784634947776794 0.4509057104587555 0.35784634947776794 0.5319888889789581 0.05964326858520508 0.5319888889789581
0.0 0.36427126824855804 0.417113047093153 0.6770684868097305 0.417113047093153 0.6770684868097305 0.4917871542274952 0.36427126824855804 0.4917871542274952
0.0 0.6758696138858795 0.38888437300920486 0.9062202870845795 0.38888437300920486 0.9062202870845795 0.46744727343320847 0.6758696138858795 0.46744727343320847
0.0 0.054416537284851074 0.5120756477117538 0.36754071712493896 0.5120756477117538 0.36754071712493896 0.6012960821390152 0.054416537284851074 0.6012960821390152
0.0 0.3710247427225113 0.4752469100058079 0.6611683219671249 0.4752469100058079 0.6611683219671249 0.5573420487344265 0.3710247427225113 0.5573420487344265
0.0 0.675434947013855 0.44862961769104004 0.9421625137329102 0.44862961769104004 0.9421625137329102 0.5338369011878967 0.675434947013855 0.5338369011878967
0.0 0.06563574075698853 0.5835672505199909 0.38518571853637695 0.5835672505199909 0.38518571853637695 0.6710082404315472 0.06563574075698853 0.6710082404315472
0.0 0.38703615963459015 0.5463002026081085 0.6960216015577316 0.5463002026081085 0.6960216015577316 0.6290613114833832 0.38703615963459015 0.6290613114833832
0.0 0.7009218484163284 0.5273564383387566 0.9608966559171677 0.5273564383387566 0.9608966559171677 0.5997968390583992 0.7009218484163284 0.5997968390583992
0.0 0.0938451886177063 0.6501001492142677 0.3763647973537445 0.6501001492142677 0.3763647973537445 0.727203331887722 0.0938451886177063 0.727203331887722
0.0 0.3933543562889099 0.6188882291316986 0.7290233969688416 0.6188882291316986 0.7290233969688416 0.7085383236408234 0.3933543562889099 0.7085383236408234
0.0 0.6986358314752579 0.5929028168320656 0.962749108672142 0.5929028168320656 0.962749108672142 0.6633361205458641 0.6986358314752579 0.6633361205458641
