0.0 0.0 0.11899217218160629 0.31022289395332336 0.11899217218160629 0.31022289395332336 0.2280663326382637 0.0 0.2280663326382637
0.0 0.3162069469690323 0.07051055878400803 0.5924659818410873 0.07051055878400803 0.5924659818410873 0.1604900136590004 0.3162069469690323 0.1604900136590004
0.0 0.6223440691828728 0.027188200503587723 0.8532853797078133 0.027188200503587723 0.8532853797078133 0.10877427086234093 0.6223440691828728 0.10877427086234093
0.0 0.029056385159492493 0.1837003082036972 0.3151010423898697 0.1837003082036972 0.3151010423898697 0.2742731422185898 0.029056385159492493 0.2742731422185898
0.0 0.32872237265110016 0.1266757845878601 0.6394361704587936 0.1266757845878601 0.6394361704587936 0.22061169147491455 0.32872237265110016 0.22061169147491455
0.0 0.6186898946762085 0.07337726652622223 0.9082448482513428 0.07337726652622223 0.9082448482513428 0.17309032380580902 0.6186898946762085 0.17309032380580902
0.0 0.03961554169654846 0.2435442991554737 0.30539998412132263 0.2435442991554737 0.30539998412132263 0.33728621527552605 0.03961554169654846 0.33728621527552605
0.0 0.3402215242385864 0.1953112781047821 0.6163066625595093 0.1953112781047821 0.6163066625595093 0.27360570430755615 0.3402215242385864 0.27360570430755615
0.0 0.6494546979665756 0.141854677349329 0.9270143657922745 0.141854677349329 0.9270143657922745 0.22601642832159996 0.6494546979665756 0.22601642832159996
0.0 0.06594924628734589 0.30787619948387146 0.3363906294107437 0.30787619948387146 0.3363906294107437 0.38689568638801575 0.06594924628734589 0.38689568638801575
0.0 0.3617924302816391 0.2495507411658764 0.6582757383584976 0.2495507411658764 0.6582757383584976 0.33806945756077766 0.3617924302816391 0.33806945756077766
0.0 0.6720570027828217 0.2042662352323532 0.9268642961978912 0.2042662352323532 0.9268642961978912 0.2857975512742996 0.6720570027828217 0.2857975512742996
0.0 0.06623201072216034 0.3531455211341381 0.38163991272449493 0.3531455211341381 0.38163991272449493 0.4563268609344959 0.06623201072216034 0.4563268609344959
0.0 0.38165220618247986 0.3038155622780323 0.6948693096637726 0.3038155622780323 0.6948693096637726 0.3999283127486706 0.38165220618247986 0.3999283127486706
0.0 0.6739615648984909 0.2538636326789856 0.9511632472276688 0.2538636326789856 0.9511632472276688 0.351823627948761 0.6739615648984909 0.351823627948761
0.0 0.07839822769165039 0.42457539588212967 0.39015185832977295 0.42457539588212967 0.39015185832977295 0.5241330787539482 0.07839822769165039 0.5241330787539482
0.0 0.3989642858505249 0.3711039423942566 0.7271016836166382 0.3711039423942566 0.7271016836166382 0.46332424879074097 0.3989642858505249 0.46332424879074097
0.0 0.7262777537107468 0.32313449308276176 0.9757726937532425 0.32313449308276176 0.9757726937532425 0.4053860791027546 0.7262777537107468 0.4053860791027546
0.0 0.11635753512382507 0.4824981391429901 0.4274713695049286 0.4824981391429901 0.4274713695049286 0.581483393907547 0.11635753512382507 0.581483393907547
0.0 0.42753055691719055 0.4270937666296959 0.7543127238750458 0.4270937666296959 0.7543127238750458 0.5207194462418556 0.42753055691719055 0.5207194462418556
0.0 0.7443753778934479 0.3840818703174591 0.989124983549118 0.3840818703174591 0.989124983549118 0.47425463795661926 0.7443753778934479 0.47425463795661926
0.0 0.11552445590496063 0.5398100577294827 0.44393183290958405 0.5398100577294827 0.44393183290958405 0.6484754122793674 0.11552445590496063 0.6484754122793674
0.0 0.4396872967481613 0.48323363438248634 0.7452784329652786 0.48323363438248634 0.7452784329652786 0.5826972089707851 0.4396872967481613 0.5826972089707851
0.0 0.7507432848215103 0.43753379583358765 0.9999999850988388 0.43753379583358765 0.9999999850988388 0.537510871887207 0.7507432848215103 0.537510871887207
0.0 0.13262248039245605 0.6067384332418442 0.46894049644470215 0.6067384332418442 0.46894049644470215 0.715310588479042 0.13262248039245605 0.715310588479042
0.0 0.46302616596221924 0.5481056720018387 0.7896617650985718 0.5481056720018387 0.7896617650985718 0.650697872042656 0.46302616596221924 0.650697872042656
0.0 0.7859233841300011 0.5105319507420063 0.9999999776482582 0.5105319507420063 0.9999999776482582 0.5990143530070782 0.7859233841300011 0.5990143530070782
0.0 0.16697731614112854 0.6714820973575115 0.46532705426216125 0.6714820973575115 0.46532705426216125 0.7680870182812214 0.16697731614112854 0.7680870182812214
0.0 0.47666971385478973 0.6151918806135654 0.8333849459886551 0.6151918806135654 0.8333849459886551 0.7275624834001064 0.47666971385478973 0.7275624834001064
0.0 0.7910678461194038 0.5729426257312298 0.9999999925494194 0.5729426257312298 0.9999999925494194 0.6606449969112873 0.7910678461194038 0.6606449969112873
