0.0 0.0 0.6382712982594967 0.06061122193932533 0.6382712982594967 0.06061122193932533 0.7476799823343754 0.0 0.7476799823343754
0.0 0.0 0.7010017409920692 0.08984009176492691 0.7010017409920692 0.08984009176492691 0.8066886886954308 0.0 0.8066886886954308
0.0 0.0 0.7719786278903484 0.1097949743270874 0.7719786278903484 0.1097949743270874 0.8816488869488239 0.0 0.8816488869488239
0.0 0.0 0.11139954999089241 0.228755921125412 0.11139954999089241 0.228755921125412 0.20166055485606194 0.0 0.20166055485606194
0.0 0.2487238049507141 0.05388609692454338 0.5441904067993164 0.05388609692454338 0.5441904067993164 0.1695082075893879 0.2487238049507141 0.1695082075893879
0.0 0.5870067626237869 0.005556173622608185 0.9317117184400558 0.005556173622608185 0.9317117184400558 0.12903980165719986 0.5870067626237869 0.12903980165719986
0.0 0.0 0.17180561646819115 0.2762923538684845 0.17180561646819115 0.2762923538684845 0.2832890786230564 0.0 0.2832890786230564
0.0 0.2742088735103607 0.12297695875167847 0.6025901734828949 0.12297695875167847 0.6025901734828949 0.226401686668396 0.2742088735103607 0.226401686668396
0.0 0.6039420813322067 0.07486911118030548 0.9354147464036942 0.07486911118030548 0.9354147464036942 0.1860976368188858 0.6039420813322067 0.1860976368188858
0.0 0.0 0.24759821966290474 0.2791036367416382 0.24759821966290474 0.2791036367416382 0.3541036359965801 0.0 0.3541036359965801
0.0 0.307328999042511 0.18729044497013092 0.6097735166549683 0.18729044497013092 0.6097735166549683 0.29833172261714935 0.307328999042511 0.29833172261714935
0.0 0.6360329240560532 0.12861880287528038 1.0000000149011612 0.12861880287528038 1.0000000149011612 0.24883878603577614 0.6360329240560532 0.24883878603577614
0.0 0.0 0.3118673041462898 0.28128787875175476 0.3118673041462898 0.28128787875175476 0.421842984855175 0.0 0.421842984855175
0.0 0.3258666694164276 0.25187161192297935 0.6627362072467804 0.25187161192297935 0.6627362072467804 0.36093035712838173 0.3258666694164276 0.36093035712838173
0.0 0.6628468036651611 0.20147857442498207 0.9835162162780762 0.20147857442498207 0.9835162162780762 0.31763389334082603 0.6628468036651611 0.31763389334082603
0.0 0.015309393405914307 0.37440231814980507 0.34272709488868713 0.37440231814980507 0.34272709488868713 0.4868626855313778 0.015309393405914307 0.4868626855313778
0.0 0.3727881908416748 0.3297526389360428 0.6515153646469116 0.3297526389360428 0.6515153646469116 0.4205470532178879 0.3727881908416748 0.4205470532178879
0.0 0.6839774549007416 0.27290842682123184 0.9911185801029205 0.27290842682123184 0.9911185801029205 0.37390580028295517 0.6839774549007416 0.37390580028295517
0.0 0.02768467366695404 0.4387880750000477 0.3530847579240799 0.4387880750000477 0.3530847579240799 0.5493089370429516 0.02768467366695404 0.5493089370429516
0.0 0.37965261936187744 0.3857516162097454 0.7122550010681152 0.3857516162097454 0.7122550010681152 0.49033157899975777 0.37965261936187744 0.49033157899975777
0.0 0.7121471166610718 0.3254718519747257 1.0 0.3254718519747257 1.0 0.43475839123129845 0.7121471166610718 0.43475839123129845
0.0 0.04603147506713867 0.49843765422701836 0.403146892786026 0.49843765422701836 0.403146892786026 0.6221191771328449 0.04603147506713867 0.6221191771328449
0.0 0.40219293534755707 0.45106141269207 0.7114137560129166 0.45106141269207 0.7114137560129166 0.5621342211961746 0.40219293534755707 0.5621342211961746
0.0 0.7546622455120087 0.39979758113622665 1.0000000298023224 0.39979758113622665 1.0000000298023224 0.4970596209168434 0.7546622455120087 0.4970596209168434
0.0 0.07595159113407135 0.5835608951747417 0.38988782465457916 0.5835608951747417 0.38988782465457916 0.6950563676655293 0.07595159113407135 0.6950563676655293
0.0 0.4354920834302902 0.5320675559341908 0.7237839251756668 0.5320675559341908 0.7237839251756668 0.6203739456832409 0.4354920834302902 0.6203739456832409
0.0 0.7612390592694283 0.46271074563264847 0.9999999925494194 0.46271074563264847 0.9999999925494194 0.5758101865649223 0.7612390592694283 0.5758101865649223
0.0 0.08800116181373596 0.651206448674202 0.39067983627319336 0.651206448674202 0.39067983627319336 0.758516475558281 0.08800116181373596 0.758516475558281
0.0 0.4304681867361069 0.5918019972741604 0.7590774446725845 0.5918019972741604 0.7590774446725845 0.6982022561132908 0.4304681867361069 0.6982022561132908
0.0 0.79237911850214 0.5336884967982769 1.0000000223517418 0.5336884967982769 1.0000000223517418 0.6467556245625019 0.79237911850214 0.6467556245625019
0.0 0.11433577537536621 0.7182939350605011 0.43468719720840454 0.7182939350605011 0.43468719720840454 0.8294948041439056 0.11433577537536621 0.8294948041439056
0.0 0.48347896337509155 0.6584143042564392 0.7690873742103577 0.6584143042564392 0.7690873742103577 0.7661241888999939 0.48347896337509155 0.7661241888999939
0.0 0.7996037974953651 0.6047567427158356 1.0000000223517418 0.6047567427158356 1.0000000223517418 0.7064504325389862 0.7996037974953651 0.7064504325389862
