0.0 0.0 0.0 0.1398078203201294 0.0 0.1398078203201294 0.10712540149688721 0.0 0.10712540149688721
0.0 0.0 0.06738457828760147 0.1163131445646286 0.06738457828760147 0.1163131445646286 0.1728055402636528 0.0 0.1728055402636528
0.0 0.0 0.12739809229969978 0.09307967126369476 0.12739809229969978 0.09307967126369476 0.23534588143229485 0.0 0.23534588143229485
0.0 0.18924535810947418 0.005056798458099365 0.44826631247997284 0.005056798458099365 0.44826631247997284 0.09610182046890259 0.18924535810947418 0.09610182046890259
0.0 0.45871247351169586 0.05930974334478378 0.7149511426687241 0.05930974334478378 0.7149511426687241 0.1732271984219551 0.45871247351169586 0.1732271984219551
0.0 0.7393693774938583 0.13524149358272552 1.0000000149011612 0.13524149358272552 1.0000000149011612 0.2579278498888016 0.7393693774938583 0.2579278498888016
0.0 0.1596636325120926 0.06461059674620628 0.44172702729701996 0.06461059674620628 0.44172702729701996 0.1753643937408924 0.1596636325120926 0.1753643937408924
0.0 0.4377190172672272 0.12970636039972305 0.7206260859966278 0.12970636039972305 0.7206260859966278 0.2331504449248314 0.4377190172672272 0.2331504449248314
0.0 0.7135243266820908 0.1962919682264328 1.0000000149011612 0.1962919682264328 1.0000000149011612 0.30719901621341705 0.7135243266820908 0.30719901621341705
0.0 0.13012206554412842 0.13092412799596786 0.39743995666503906 0.13092412799596786 0.39743995666503906 0.2363450899720192 0.13012206554412842 0.2363450899720192
0.0 0.4211852252483368 0.18886001780629158 0.6826169788837433 0.18886001780629158 0.6826169788837433 0.29845089837908745 0.4211852252483368 0.29845089837908745
0.0 0.699361190199852 0.2556823380291462 1.0000000149011612 0.2556823380291462 1.0000000149011612 0.3756817691028118 0.699361190199852 0.3756817691028118
0.0 0.10562296211719513 0.1871780939400196 0.3575725704431534 0.1871780939400196 0.3575725704431534 0.29512588307261467 0.10562296211719513 0.29512588307261467
0.0 0.39426544308662415 0.2528170198202133 0.6842640340328217 0.2528170198202133 0.6842640340328217 0.36136408150196075 0.39426544308662415 0.36136408150196075
0.0 0.6774435043334961 0.3171192966401577 0.9554790258407593 0.3171192966401577 0.9554790258407593 0.4319630302488804 0.6774435043334961 0.4319630302488804
0.0 0.08500106632709503 0.25175825133919716 0.36589930951595306 0.25175825133919716 0.36589930951595306 0.36274876818060875 0.08500106632709503 0.36274876818060875
0.0 0.390026330947876 0.32374995574355125 0.6298017501831055 0.32374995574355125 0.6298017501831055 0.4139453209936619 0.390026330947876 0.4139453209936619
0.0 0.6545917689800262 0.3809962831437588 0.9199207127094269 0.3809962831437588 0.9199207127094269 0.48146742954850197 0.6545917689800262 0.48146742954850197
0.0 0.05552992224693298 0.307939026504755 0.33437901735305786 0.307939026504755 0.33437901735305786 0.4169662855565548 0.05552992224693298 0.4169662855565548
0.0 0.35349375009536743 0.37883418053388596 0.639173150062561 0.37883418053388596 0.639173150062561 0.4829048588871956 0.35349375009536743 0.4829048588871956
0.0 0.6392332762479782 0.4355168677866459 0.9222709685564041 0.4355168677866459 0.9222709685564041 0.5439907573163509 0.6392332762479782 0.5439907573163509
0.0 0.026932552456855774 0.3663162402808666 0.33291222155094147 0.3663162402808666 0.33291222155094147 0.4879758544266224 0.026932552456855774 0.4879758544266224
0.0 0.3288339227437973 0.43540139496326447 0.5951473265886307 0.43540139496326447 0.5951473265886307 0.5445955246686935 0.3288339227437973 0.5445955246686935
0.0 0.6308658495545387 0.5040166676044464 0.8774816617369652 0.5040166676044464 0.8774816617369652 0.6002583205699921 0.6308658495545387 0.6002583205699921
0.0 0.003216877579689026 0.4391460083425045 0.2720816284418106 0.4391460083425045 0.2720816284418106 0.5484168268740177 0.003216877579689026 0.5484168268740177
0.0 0.31250109523534775 0.5098010711371899 0.5595186725258827 0.5098010711371899 0.5595186725258827 0.5976330824196339 0.31250109523534775 0.5976330824196339
0.0 0.5896323174238205 0.5615374185144901 0.8663419038057327 0.5615374185144901 0.8663419038057327 0.6730812452733517 0.5896323174238205 0.6730812452733517
0.0 0.0 0.4962700679898262 0.23180246353149414 0.4962700679898262 0.23180246353149414 0.6013045236468315 0.0 0.6013045236468315
0.0 0.2640555202960968 0.5615922920405865 0.5457673370838165 0.5615922920405865 0.5457673370838165 0.6667663343250751 0.2640555202960968 0.6667663343250751
0.0 0.5698240101337433 0.6258009076118469 0.8279812037944794 0.6258009076118469 0.8279812037944794 0.7366518378257751 0.5698240101337433 0.7366518378257751
0.0 0.0 0.561243612319231 0.22327426075935364 0.561243612319231 0.22327426075935364 0.6701176576316357 0.0 0.6701176576316357
0.0 0.2641255855560303 0.6259987726807594 0.5098676085472107 0.6259987726807594 0.5098676085472107 0.7310434207320213 0.2641255855560303 0.7310434207320213
0.0 0.5349689275026321 0.6864648796617985 0.7940301150083542 0.6864648796617985 0.7940301150083542 0.7870195172727108 0.5349689275026321 0.7870195172727108
0.0 0.9094052314758301 0.6338116861879826 1.0 0.6338116861879826 1.0 0.7453555129468441 0.9094052314758301 0.7453555129468441
0.0 0.8958346657454967 0.6994849443435669 1.0000000186264515 0.6994849443435669 1.0000000186264515 0.8103358745574951 0.8958346657454967 0.8103358745574951
0.0 0.8831580840051174 0.7651616670191288 1.0000000037252903 0.7651616670191288 1.0000000037252903 0.8657163046300411 0.8831580840051174 0.8657163046300411
