0.0 0.10369300842285156 0.0 0.42879706621170044 0.0 0.42879706621170044 0.0694650337100029 0.10369300842285156 0.0694650337100029
0.0 0.44843800365924835 0.019886009395122528 0.7795771807432175 0.019886009395122528 0.7795771807432175 0.1560666337609291 0.44843800365924835 0.1560666337609291
0.0 0.8207932859659195 0.10422012954950333 0.9999999850988388 0.10422012954950333 0.9999999850988388 0.25202565640211105 0.8207932859659195 0.25202565640211105
0.0 0.07580159604549408 0.041234955191612244 0.4275602251291275 0.041234955191612244 0.4275602251291275 0.16929087042808533 0.07580159604549408 0.16929087042808533
0.0 0.4275805950164795 0.11052979156374931 0.7959798574447632 0.11052979156374931 0.7959798574447632 0.2321559377014637 0.4275805950164795 0.2321559377014637
0.0 0.7924685329198837 0.183619886636734 1.0000000149011612 0.183619886636734 1.0000000149011612 0.31744131445884705 0.7924685329198837 0.31744131445884705
0.0 0.046845704317092896 0.12470405921339989 0.3785537779331207 0.12470405921339989 0.3785537779331207 0.24715352430939674 0.046845704317092896 0.24715352430939674
0.0 0.4145788103342056 0.18511372804641724 0.7519167512655258 0.18511372804641724 0.7519167512655258 0.31696248054504395 0.4145788103342056 0.31696248054504395
0.0 0.7807557657361031 0.2600121274590492 0.9999999925494194 0.2600121274590492 0.9999999925494194 0.4053385481238365 0.7807557657361031 0.4053385481238365
0.0 0.02397136390209198 0.19450853019952774 0.3341756910085678 0.19450853019952774 0.3341756910085678 0.32181980460882187 0.02397136390209198 0.32181980460882187
0.0 0.3867366164922714 0.2662177011370659 0.7621848732233047 0.2662177011370659 0.7621848732233047 0.39704061299562454 0.3867366164922714 0.39704061299562454
0.0 0.7594425827264786 0.339039109647274 0.9999999850988388 0.339039109647274 0.9999999850988388 0.4811166301369667 0.7594425827264786 0.4811166301369667
0.0 0.005609199404716492 0.27432651072740555 0.35255174338817596 0.27432651072740555 0.35255174338817596 0.4058622643351555 0.005609199404716492 0.4058622643351555
0.0 0.38843032717704773 0.35514015704393387 0.6976046860218048 0.35514015704393387 0.6976046860218048 0.46496617048978806 0.38843032717704773 0.46496617048978806
0.0 0.7352792173624039 0.4212285205721855 0.9999999850988388 0.4212285205721855 0.9999999850988388 0.5465223267674446 0.7352792173624039 0.5465223267674446
0.0 0.0 0.34384387731552124 0.3191976547241211 0.34384387731552124 0.3191976547241211 0.4739800691604614 0.0 0.4739800691604614
0.0 0.34897764027118683 0.4246707558631897 0.7172482460737228 0.4246707558631897 0.7172482460737228 0.552567183971405 0.34897764027118683 0.552567183971405
0.0 0.7218250334262848 0.49085740745067596 0.9999999701976776 0.49085740745067596 0.9999999701976776 0.6272637397050858 0.7218250334262848 0.6272637397050858
0.0 0.0 0.41580691933631897 0.32442376017570496 0.41580691933631897 0.32442376017570496 0.5624737441539764 0.0 0.5624737441539764
0.0 0.3254987746477127 0.49541719257831573 0.6656100004911423 0.49541719257831573 0.6656100004911423 0.6314338892698288 0.3254987746477127 0.6314338892698288
0.0 0.718166247010231 0.5781786441802979 0.9999999850988388 0.5781786441802979 0.9999999850988388 0.7017157077789307 0.718166247010231 0.7017157077789307
0.0 0.0 0.50555120408535 0.2557072043418884 0.50555120408535 0.2557072043418884 0.6379319578409195 0.0 0.6379319578409195
0.0 0.3112347722053528 0.5884498916566372 0.6274649500846863 0.5884498916566372 0.6274649500846863 0.6984446682035923 0.3112347722053528 0.6984446682035923
0.0 0.6719633340835571 0.6513783186674118 1.0 0.6513783186674118 1.0 0.7960260659456253 0.6719633340835571 0.7960260659456253
0.0 0.0 0.5763804838061333 0.21186627447605133 0.5763804838061333 0.21186627447605133 0.7034591510891914 0.0 0.7034591510891914
0.0 0.2577740550041199 0.6528926119208336 0.6163052916526794 0.6528926119208336 0.6163052916526794 0.7859588637948036 0.2577740550041199 0.7859588637948036
0.0 0.6539406925439835 0.7327994033694267 0.9949341863393784 0.7327994033694267 0.9949341863393784 0.8778165653347969 0.6539406925439835 0.8778165653347969
0.0 0.0 0.656341940164566 0.20881780982017517 0.656341940164566 0.20881780982017517 0.7884615361690521 0.0 0.7884615361690521
0.0 0.2659158408641815 0.7325947657227516 0.5762215554714203 0.7325947657227516 0.5762215554714203 0.8668957576155663 0.2659158408641815 0.8668957576155663
0.0 0.6143800169229507 0.8095453679561615 0.9564430564641953 0.8095453679561615 0.9564430564641953 0.9420510828495026 0.6143800169229507 0.9420510828495026
