0.0 0.0 0.0954311341047287 0.21569722890853882 0.0954311341047287 0.21569722890853882 0.14229246973991394 0.0 0.14229246973991394
0.0 0.2540278732776642 0.0800396166741848 0.5717850625514984 0.0800396166741848 0.5717850625514984 0.15961350873112679 0.2540278732776642 0.15961350873112679
0.0 0.64329694211483 0.08787500858306885 1.0000000149011612 0.08787500858306885 1.0000000149011612 0.16885235905647278 0.64329694211483 0.16885235905647278
0.0 0.0 0.1670963168144226 0.24492469429969788 0.1670963168144226 0.24492469429969788 0.23070231080055237 0.0 0.23070231080055237
0.0 0.25995317101478577 0.16704617999494076 0.6215697824954987 0.16704617999494076 0.6215697824954987 0.22246516682207584 0.25995317101478577 0.22246516682207584
0.0 0.6396899372339249 0.1676754578948021 0.9999999850988388 0.1676754578948021 0.9999999850988388 0.23335561901330948 0.6396899372339249 0.23335561901330948
0.0 0.0 0.2475827168673277 0.22782249748706818 0.2475827168673277 0.22782249748706818 0.30619473941624165 0.0 0.30619473941624165
0.0 0.2792486697435379 0.2368961125612259 0.6042154878377914 0.2368961125612259 0.6042154878377914 0.30451004207134247 0.2792486697435379 0.30451004207134247
0.0 0.6560418605804443 0.23983212187886238 1.0 0.23983212187886238 1.0 0.3062168173491955 0.6560418605804443 0.3062168173491955
0.0 0.0 0.31353577598929405 0.21077997982501984 0.31353577598929405 0.21077997982501984 0.3795684315264225 0.0 0.3795684315264225
0.0 0.27907058596611023 0.3153410982340574 0.6451514065265656 0.3153410982340574 0.6451514065265656 0.37297131307423115 0.27907058596611023 0.37297131307423115
0.0 0.6647478491067886 0.3152448944747448 0.9999999850988388 0.3152448944747448 0.9999999850988388 0.3865754194557667 0.6647478491067886 0.3865754194557667
0.0 0.0 0.3866049312055111 0.25961682200431824 0.3866049312055111 0.25961682200431824 0.44947484508156776 0.0 0.44947484508156776
0.0 0.3097294121980667 0.3936917223036289 0.6103363484144211 0.3936917223036289 0.6103363484144211 0.44293439015746117 0.3097294121980667 0.44293439015746117
0.0 0.6649774461984634 0.39290195517241955 0.9999999850988388 0.39290195517241955 0.9999999850988388 0.4497880954295397 0.6649774461984634 0.4497880954295397
0.0 0.0 0.45195472054183483 0.2535077929496765 0.45195472054183483 0.2535077929496765 0.51381522603333 0.0 0.51381522603333
0.0 0.29891975224018097 0.46072649396955967 0.6576618999242783 0.46072649396955967 0.6576618999242783 0.5162730272859335 0.29891975224018097 0.5162730272859335
0.0 0.677922248840332 0.4560684449970722 1.0 0.4560684449970722 1.0 0.5196351520717144 0.677922248840332 0.5196351520717144
0.0 0.0 0.5179062820971012 0.2872360050678253 0.5179062820971012 0.2872360050678253 0.5894449017941952 0.0 0.5894449017941952
0.0 0.3059878498315811 0.525347538292408 0.6318824142217636 0.525347538292408 0.6318824142217636 0.5935079380869865 0.3059878498315811 0.5935079380869865
0.0 0.7026543468236923 0.5331641007214785 1.0000000149011612 0.5331641007214785 1.0000000149011612 0.5918063353747129 0.7026543468236923 0.5918063353747129
0.0 0.0 0.5978876352310181 0.25202393531799316 0.5978876352310181 0.25202393531799316 0.6645475625991821 0.0 0.6645475625991821
0.0 0.3187445402145386 0.6087820380926132 0.6262439489364624 0.6087820380926132 0.6262439489364624 0.6561770588159561 0.3187445402145386 0.6561770588159561
0.0 0.6874488741159439 0.6036198921501637 0.9999999850988388 0.6036198921501637 0.9999999850988388 0.6750901155173779 0.6874488741159439 0.6750901155173779
0.0 0.0 0.6621932163834572 0.23564648628234863 0.6621932163834572 0.23564648628234863 0.726831279695034 0.0 0.726831279695034
0.0 0.2956019937992096 0.6718445755541325 0.641585499048233 0.6718445755541325 0.641585499048233 0.7331598065793514 0.2956019937992096 0.7331598065793514
0.0 0.6996112763881683 0.6763918213546276 1.0000000298023224 0.6763918213546276 1.0000000298023224 0.7525322623550892 0.6996112763881683 0.7525322623550892
0.0 0.0 0.7321144975721836 0.2626372277736664 0.7321144975721836 0.2626372277736664 0.7988623939454556 0.0 0.7988623939454556
0.0 0.3344539999961853 0.7378150336444378 0.6283231973648071 0.7378150336444378 0.6283231973648071 0.8083484061062336 0.3344539999961853 0.8083484061062336
0.0 0.6838202625513077 0.7488261237740517 0.9999999850988388 0.7488261237740517 0.9999999850988388 0.8126497492194176 0.6838202625513077 0.8126497492194176
