0.0 0.022151798009872437 0.10328638553619385 0.29836463928222656 0.10328638553619385 0.29836463928222656 0.14143192768096924 0.022151798009872437 0.14143192768096924
0.0 0.334358349442482 0.09448358044028282 0.5957041829824448 0.09448358044028282 0.5957041829824448 0.16021126881241798 0.334358349442482 0.16021126881241798
0.0 0.6559545993804932 0.10680750384926796 0.966596245765686 0.10680750384926796 0.966596245765686 0.1713615022599697 0.6559545993804932 0.1713615022599697
0.0 0.022934257984161377 0.1666666716337204 0.31792646646499634 0.1666666716337204 0.31792646646499634 0.22183097898960114 0.022934257984161377 0.22183097898960114
0.0 0.3343583941459656 0.1696009337902069 0.6340453624725342 0.1696009337902069 0.6340453624725342 0.21596243977546692 0.3343583941459656 0.21596243977546692
0.0 0.6504772901535034 0.17312206327915192 0.9517292976379395 0.17312206327915192 0.9517292976379395 0.22711266577243805 0.6504772901535034 0.22711266577243805
0.0 0.019021928310394287 0.23826289921998978 0.29836463928222656 0.23826289921998978 0.29836463928222656 0.2910798117518425 0.019021928310394287 0.2910798117518425
0.0 0.34687793254852295 0.23004695773124695 0.6168310046195984 0.23004695773124695 0.6168310046195984 0.28931924700737 0.34687793254852295 0.28931924700737
0.0 0.6614319682121277 0.23415493965148926 0.9971126914024353 0.23415493965148926 0.9971126914024353 0.2904929518699646 0.6614319682121277 0.2904929518699646
0.0 0.019804388284683228 0.2981220781803131 0.2788028120994568 0.2981220781803131 0.2788028120994568 0.35798123478889465 0.019804388284683228 0.35798123478889465
0.0 0.34218311309814453 0.2992957830429077 0.6481298804283142 0.2992957830429077 0.6481298804283142 0.34976524114608765 0.34218311309814453 0.34976524114608765
0.0 0.6661267876625061 0.2987089157104492 0.9540767073631287 0.2987089157104492 0.9540767073631287 0.35974180698394775 0.6661267876625061 0.35974180698394775
0.0 0.023716747760772705 0.3661971688270569 0.317143976688385 0.3661971688270569 0.317143976688385 0.4219483733177185 0.023716747760772705 0.4219483733177185
0.0 0.3640923351049423 0.3703051805496216 0.6168309599161148 0.3703051805496216 0.6168309599161148 0.4125586748123169 0.3640923351049423 0.4125586748123169
0.0 0.6637793779373169 0.3673709034919739 0.9431220293045044 0.3673709034919739 0.9431220293045044 0.4149060845375061 0.6637793779373169 0.4149060845375061
0.0 0.01589202880859375 0.42781689763069153 0.3077543079853058 0.42781689763069153 0.3077543079853058 0.48180750012397766 0.01589202880859375 0.48180750012397766
0.0 0.3507903218269348 0.43192487955093384 0.653607189655304 0.43192487955093384 0.653607189655304 0.47828638553619385 0.3507903218269348 0.47828638553619385
0.0 0.6723865866661072 0.4237089157104492 0.9697261452674866 0.4237089157104492 0.9697261452674866 0.47593897581100464 0.6723865866661072 0.47593897581100464
0.0 0.013544619083404541 0.4906103163957596 0.3327934145927429 0.4906103163957596 0.3327934145927429 0.5522300451993942 0.013544619083404541 0.5522300451993942
0.0 0.353137731552124 0.4917840212583542 0.6293505430221558 0.4917840212583542 0.6293505430221558 0.5492957383394241 0.353137731552124 0.5492957383394241
0.0 0.6903834342956543 0.4929577708244324 0.9485993385314941 0.4929577708244324 0.9485993385314941 0.5404929518699646 0.6903834342956543 0.5404929518699646
0.0 0.01745694875717163 0.5674882531166077 0.2967996597290039 0.5674882531166077 0.2967996597290039 0.6244131922721863 0.01745694875717163 0.6244131922721863
0.0 0.3593975156545639 0.5698356628417969 0.6223082691431046 0.5698356628417969 0.6223082691431046 0.6073943376541138 0.3593975156545639 0.6073943376541138
0.0 0.6755164265632629 0.5575117468833923 0.9634663462638855 0.5575117468833923 0.9634663462638855 0.6150234341621399 0.6755164265632629 0.6150234341621399
0.0 0.008849769830703735 0.6302816867828369 0.27802035212516785 0.6302816867828369 0.27802035212516785 0.6848591566085815 0.008849769830703735 0.6848591566085815
0.0 0.33514082431793213 0.6302816867828369 0.6324804425239563 0.6302816867828369 0.6324804425239563 0.6789906024932861 0.33514082431793213 0.6789906024932861
0.0 0.6833411455154419 0.6244131326675415 0.9485993385314941 0.6244131326675415 0.9485993385314941 0.6860328912734985 0.6833411455154419 0.6860328912734985
0.0 0.011979639530181885 0.6989436745643616 0.29758214950561523 0.6989436745643616 0.29758214950561523 0.7541080117225647 0.011979639530181885 0.7541080117225647
0.0 0.3656572699546814 0.6924882531166077 0.6183959245681763 0.6924882531166077 0.6183959245681763 0.7505868077278137 0.3656572699546814 0.7505868077278137
0.0 0.667691707611084 0.6924882531166077 0.9392096996307373 0.6924882531166077 0.9392096996307373 0.7417840361595154 0.667691707611084 0.7417840361595154
