0.0 0.0 0.7286300547420979 0.09621771425008774 0.7286300547420979 0.09621771425008774 0.8269485346972942 0.0 0.8269485346972942
0.0 0.0 0.8032075315713882 0.11162792146205902 0.8032075315713882 0.11162792146205902 0.9043712466955185 0.0 0.9043712466955185
0.0 0.0 0.11047493666410446 0.2372184544801712 0.11047493666410446 0.2372184544801712 0.19648049026727676 0.0 0.19648049026727676
0.0 0.2581466734409332 0.06254760548472404 0.5176636278629303 0.06254760548472404 0.5176636278629303 0.1767832227051258 0.2581466734409332 0.1767832227051258
0.0 0.5592639446258545 0.02804764360189438 0.8624475002288818 0.02804764360189438 0.8624475002288818 0.1487162485718727 0.5592639446258545 0.1487162485718727
0.0 0.0 0.17714252322912216 0.27653446793556213 0.17714252322912216 0.27653446793556213 0.2847282364964485 0.0 0.2847282364964485
0.0 0.2779325991868973 0.13957980647683144 0.567441925406456 0.13957980647683144 0.567441925406456 0.23831843957304955 0.2779325991868973 0.23831843957304955
0.0 0.5713148862123489 0.10284186154603958 0.8627807348966599 0.10284186154603958 0.8627807348966599 0.21003448218107224 0.5713148862123489 0.21003448218107224
0.0 0.0028443187475204468 0.2584651783108711 0.2765965610742569 0.2584651783108711 0.2765965610742569 0.3606640622019768 0.0028443187475204468 0.3606640622019768
0.0 0.3054380267858505 0.20856845378875732 0.570478156208992 0.20856845378875732 0.570478156208992 0.31625837087631226 0.3054380267858505 0.31625837087631226
0.0 0.5970887094736099 0.1632942259311676 0.920360192656517 0.1632942259311676 0.920360192656517 0.27810177206993103 0.5970887094736099 0.27810177206993103
0.0 0.019619151949882507 0.32694126293063164 0.27604199945926666 0.32694126293063164 0.27604199945926666 0.43322544172406197 0.019619151949882507 0.43322544172406197
0.0 0.3192391097545624 0.2797791138291359 0.6148132383823395 0.2797791138291359 0.6148132383823395 0.3831467851996422 0.3192391097545624 0.3831467851996422
0.0 0.6179402321577072 0.24007121473550797 0.8983372002840042 0.24007121473550797 0.8983372002840042 0.35196568816900253 0.6179402321577072 0.35196568816900253
0.0 0.041429296135902405 0.3959638588130474 0.32821716368198395 0.3959638588130474 0.32821716368198395 0.5027568824589252 0.041429296135902405 0.5027568824589252
0.0 0.35807691514492035 0.36213410645723343 0.6020739823579788 0.36213410645723343 0.6020739823579788 0.44777440279722214 0.35807691514492035 0.44777440279722214
0.0 0.6333860009908676 0.3164365850389004 0.9020480066537857 0.3164365850389004 0.9020480066537857 0.4119188226759434 0.6333860009908676 0.4119188226759434
0.0 0.05059315264225006 0.46449849009513855 0.3351661413908005 0.46449849009513855 0.3351661413908005 0.5687374174594879 0.05059315264225006 0.5687374174594879
0.0 0.36185310781002045 0.42380519956350327 0.6526904255151749 0.42380519956350327 0.6526904255151749 0.5213705077767372 0.36185310781002045 0.5213705077767372
0.0 0.6556484550237656 0.3740212768316269 0.94167460501194 0.3740212768316269 0.94167460501194 0.4770449548959732 0.6556484550237656 0.4770449548959732
0.0 0.06511722505092621 0.5293099246919155 0.3765637129545212 0.5293099246919155 0.3765637129545212 0.6456388868391514 0.06511722505092621 0.6456388868391514
0.0 0.3796047866344452 0.4924011416733265 0.6485718786716461 0.4924011416733265 0.6485718786716461 0.597509365528822 0.3796047866344452 0.597509365528822
0.0 0.6897880434989929 0.4524356611073017 0.9384594559669495 0.4524356611073017 0.9384594559669495 0.5438857786357403 0.6897880434989929 0.5438857786357403
0.0 0.0891866385936737 0.6181069388985634 0.36217448115348816 0.6181069388985634 0.36217448115348816 0.7226925119757652 0.0891866385936737 0.7226925119757652
0.0 0.40561772882938385 0.5781572498381138 0.6568379253149033 0.5781572498381138 0.6568379253149033 0.6592273078858852 0.40561772882938385 0.6592273078858852
0.0 0.6925162672996521 0.5200227573513985 0.970662534236908 0.5200227573513985 0.970662534236908 0.6264245435595512 0.6925162672996521 0.6264245435595512
0.0 0.09786626696586609 0.6888104751706123 0.3605911433696747 0.6888104751706123 0.3605911433696747 0.7889208719134331 0.09786626696586609 0.7889208719134331
0.0 0.398959144949913 0.6418542191386223 0.6843911558389664 0.6418542191386223 0.6843911558389664 0.7398639395833015 0.398959144949913 0.7398639395833015
0.0 0.7166022956371307 0.5945226959884167 0.9748004972934723 0.5945226959884167 0.9748004972934723 0.7014324851334095 0.7166022956371307 0.7014324851334095
0.0 0.11891528964042664 0.7603752948343754 0.3965187966823578 0.7603752948343754 0.3965187966823578 0.8631925247609615 0.11891528964042664 0.8631925247609615
0.0 0.44305483251810074 0.7113931030035019 0.6897024735808372 0.7113931030035019 0.6897024735808372 0.8123102337121964 0.44305483251810074 0.8123102337121964
0.0 0.7195731103420258 0.669072549790144 0.9799948036670685 0.669072549790144 0.9799948036670685 0.7633194513618946 0.7195731103420258 0.7633194513618946
0.0 0.9066556729376316 0.0 0.9999999962747097 0.0 0.9999999962747097 0.09754491597414017 0.9066556729376316 0.09754491597414017
0.0 0.9370009638369083 0.052331551909446716 1.000000026077032 0.052331551909446716 1.000000026077032 0.1559024453163147 0.9370009638369083 0.1559024453163147
0.0 0.910705454647541 0.11979132890701294 0.9999999925494194 0.11979132890701294 0.9999999925494194 0.23105356097221375 0.910705454647541 0.23105356097221375
