0.0 0.0 0.6219686791300774 0.10792731493711472 0.6219686791300774 0.10792731493711472 0.7313605025410652 0.0 0.7313605025410652
0.0 0.0 0.6741796024143696 0.13811121881008148 0.6741796024143696 0.13811121881008148 0.7793515436351299 0.0 0.7793515436351299
0.0 0.0 0.7339806109666824 0.16117018461227417 0.7339806109666824 0.16117018461227417 0.8432093113660812 0.0 0.8432093113660812
0.0 0.0 0.15398819372057915 0.2078278362751007 0.15398819372057915 0.2078278362751007 0.24653269723057747 0.0 0.24653269723057747
0.0 0.222233846783638 0.08214450255036354 0.4785296767950058 0.08214450255036354 0.4785296767950058 0.19522669538855553 0.222233846783638 0.19522669538855553
0.0 0.5120393931865692 0.012596163898706436 0.811615377664566 0.012596163898706436 0.811615377664566 0.1353219412267208 0.5120393931865692 0.1353219412267208
0.0 0.0 0.20433684065937996 0.2551707625389099 0.20433684065937996 0.2551707625389099 0.3155948929488659 0.0 0.3155948929488659
0.0 0.2502579689025879 0.13854112848639488 0.5333316922187805 0.13854112848639488 0.5333316922187805 0.2432338036596775 0.2502579689025879 0.2432338036596775
0.0 0.531921848654747 0.0729125440120697 0.8192297369241714 0.0729125440120697 0.8192297369241714 0.18451285362243652 0.531921848654747 0.18451285362243652
0.0 0.0 0.2702159434556961 0.2636570632457733 0.2702159434556961 0.2636570632457733 0.37607036530971527 0.0 0.37607036530971527
0.0 0.2839115411043167 0.1943114772439003 0.54543237388134 0.1943114772439003 0.54543237388134 0.3036952242255211 0.2839115411043167 0.3036952242255211
0.0 0.5644065737724304 0.11565904691815376 0.8831233382225037 0.11565904691815376 0.8831233382225037 0.2367217354476452 0.5644065737724304 0.2367217354476452
0.0 0.019242942333221436 0.3259883187711239 0.2712675929069519 0.3259883187711239 0.2712675929069519 0.43350980058312416 0.019242942333221436 0.43350980058312416
0.0 0.3055826425552368 0.24717677757143974 0.5957404375076294 0.24717677757143974 0.5957404375076294 0.3567597158253193 0.3055826425552368 0.3567597158253193
0.0 0.5926533788442612 0.1805475316941738 0.87079156935215 0.1805475316941738 0.87079156935215 0.2953369654715061 0.5926533788442612 0.2953369654715061
0.0 0.04810944199562073 0.37632085010409355 0.3291347324848175 0.37632085010409355 0.3291347324848175 0.48774604871869087 0.04810944199562073 0.48774604871869087
0.0 0.3515043631196022 0.31508730351924896 0.5914093479514122 0.31508730351924896 0.5914093479514122 0.4060956984758377 0.3515043631196022 0.4060956984758377
0.0 0.6161873787641525 0.24203970655798912 0.881656602025032 0.24203970655798912 0.881656602025032 0.3433460332453251 0.6161873787641525 0.3433460332453251
0.0 0.0641586035490036 0.4314107298851013 0.343139186501503 0.4314107298851013 0.343139186501503 0.540981650352478 0.0641586035490036 0.540981650352478
0.0 0.36269597709178925 0.36019936949014664 0.6485454589128494 0.36019936949014664 0.6485454589128494 0.46556850522756577 0.36269597709178925 0.46556850522756577
0.0 0.6448387503623962 0.28480223938822746 0.9280200600624084 0.28480223938822746 0.9280200600624084 0.39404096081852913 0.6448387503623962 0.39404096081852913
0.0 0.08550316095352173 0.48007023334503174 0.39161771535873413 0.48007023334503174 0.39161771535873413 0.6021295785903931 0.08550316095352173 0.6021295785903931
0.0 0.3871094584465027 0.4169863685965538 0.6535249352455139 0.4169863685965538 0.6535249352455139 0.5262070074677467 0.3871094584465027 0.5262070074677467
0.0 0.6866339445114136 0.3489982560276985 0.9333668947219849 0.3489982560276985 0.9333668947219849 0.4457384869456291 0.6866339445114136 0.4457384869456291
0.0 0.1176537424325943 0.5540488287806511 0.3866260498762131 0.5540488287806511 0.3866260498762131 0.663440652191639 0.1176537424325943 0.663440652191639
0.0 0.42177968472242355 0.48571839928627014 0.6689543202519417 0.48571839928627014 0.6689543202519417 0.5748825967311859 0.42177968472242355 0.5748825967311859
0.0 0.6975323259830475 0.4013722538948059 0.9743568599224091 0.4013722538948059 0.9743568599224091 0.5131295919418335 0.6975323259830475 0.5131295919418335
0.0 0.1334468275308609 0.6121787317097187 0.3925222009420395 0.6121787317097187 0.3925222009420395 0.717350672930479 0.1334468275308609 0.717350672930479
0.0 0.42281830310821533 0.5355697087943554 0.7046860456466675 0.5355697087943554 0.7046860456466675 0.6417764015495777 0.42281830310821533 0.6417764015495777
0.0 0.729430615901947 0.46219395473599434 0.9876635670661926 0.46219395473599434 0.9876635670661926 0.5725844018161297 0.729430615901947 0.5725844018161297
0.0 0.1618383377790451 0.6670754104852676 0.4357053190469742 0.6670754104852676 0.4357053190469742 0.7763041108846664 0.1618383377790451 0.7763041108846664
0.0 0.4730892851948738 0.5921796001493931 0.718905620276928 0.5921796001493931 0.718905620276928 0.6968321166932583 0.4730892851948738 0.6968321166932583
0.0 0.7409487664699554 0.5228425040841103 1.0000000298023224 0.5228425040841103 1.0000000298023224 0.6239737495779991 0.7409487664699554 0.6239737495779991
0.0 0.8847052790224552 0.0 1.000000026077032 0.0 1.000000026077032 0.09853825718164444 0.8847052790224552 0.09853825718164444
0.0 0.8672265037894249 0.041860733181238174 0.9999999776482582 0.041860733181238174 0.9999999776482582 0.1629234217107296 0.8672265037894249 0.1629234217107296
