0.0 0.0 0.0 0.13291192054748535 0.0 0.13291192054748535 0.05279223248362541 0.0 0.05279223248362541
0.0 0.0 0.049660515040159225 0.11817321926355362 0.049660515040159225 0.11817321926355362 0.13986285403370857 0.0 0.13986285403370857
0.0 0.0 0.12928594276309013 0.10582546144723892 0.12928594276309013 0.10582546144723892 0.21533073857426643 0.0 0.21533073857426643
0.0 0.0 0.1961885616183281 0.09186659008264542 0.1961885616183281 0.09186659008264542 0.2877701297402382 0.0 0.2877701297402382
0.0 0.16419729590415955 0.016009490936994553 0.4203660190105438 0.016009490936994553 0.4203660190105438 0.08582815900444984 0.16419729590415955 0.08582815900444984
0.0 0.44003961235284805 0.03864680975675583 0.6889835819602013 0.03864680975675583 0.6889835819602013 0.13683172315359116 0.44003961235284805 0.13683172315359116
0.0 0.7259926795959473 0.08515297248959541 1.0 0.08515297248959541 1.0 0.18714658543467522 0.7259926795959473 0.18714658543467522
0.0 0.14709295332431793 0.08479335531592369 0.42387305200099945 0.08479335531592369 0.42387305200099945 0.17499569430947304 0.14709295332431793 0.17499569430947304
0.0 0.42769236862659454 0.12007281929254532 0.7067333906888962 0.12007281929254532 0.7067333906888962 0.20121695846319199 0.42769236862659454 0.20121695846319199
0.0 0.7087330371141434 0.1564723365008831 0.9908673018217087 0.1564723365008831 0.9908673018217087 0.24604760482907295 0.7087330371141434 0.24604760482907295
0.0 0.1282474845647812 0.16199926659464836 0.39047254621982574 0.16199926659464836 0.39047254621982574 0.24804406240582466 0.1282474845647812 0.24804406240582466
0.0 0.4226740002632141 0.18688572570681572 0.6779076457023621 0.18688572570681572 0.6779076457023621 0.2789602465927601 0.4226740002632141 0.2789602465927601
0.0 0.7045208066701889 0.22376010566949844 1.0000000149011612 0.22376010566949844 1.0000000149011612 0.319428525865078 0.7045208066701889 0.319428525865078
0.0 0.11413247138261795 0.22696629911661148 0.3596714660525322 0.22696629911661148 0.3596714660525322 0.3185478672385216 0.11413247138261795 0.3185478672385216
0.0 0.40507638454437256 0.26146645471453667 0.6906412839889526 0.26146645471453667 0.6906412839889526 0.3477087505161762 0.40507638454437256 0.3477087505161762
0.0 0.6933946907520294 0.294219471514225 0.9651586711406708 0.294219471514225 0.9651586711406708 0.39005740731954575 0.6933946907520294 0.39005740731954575
0.0 0.10347434878349304 0.30116184428334236 0.3789809048175812 0.30116184428334236 0.3789809048175812 0.39183906838297844 0.10347434878349304 0.39183906838297844
0.0 0.41081860661506653 0.3406976945698261 0.646844357252121 0.3406976945698261 0.646844357252121 0.41254980489611626 0.41081860661506653 0.41254980489611626
0.0 0.6790720820426941 0.368405994027853 0.9401273131370544 0.368405994027853 0.9401273131370544 0.44872546568512917 0.6790720820426941 0.44872546568512917
0.0 0.08319967985153198 0.367150142788887 0.3569127917289734 0.367150142788887 0.3569127917289734 0.45575760304927826 0.08319967985153198 0.45575760304927826
0.0 0.38433194160461426 0.4061213992536068 0.6661800146102905 0.4061213992536068 0.6661800146102905 0.48758814111351967 0.38433194160461426 0.48758814111351967
0.0 0.6732743829488754 0.43036266043782234 0.9515098482370377 0.43036266043782234 0.9515098482370377 0.517626266926527 0.6732743829488754 0.517626266926527
0.0 0.06549778580665588 0.4349752515554428 0.365462064743042 0.4349752515554428 0.365462064743042 0.5346753150224686 0.06549778580665588 0.5346753150224686
0.0 0.37071067094802856 0.47124968469142914 0.6311684250831604 0.47124968469142914 0.6311684250831604 0.5620609670877457 0.37071067094802856 0.5620609670877457
0.0 0.6751178950071335 0.5072822608053684 0.9172256737947464 0.5072822608053684 0.9172256737947464 0.585424181073904 0.6751178950071335 0.585424181073904
0.0 0.05302006006240845 0.5187129490077496 0.3161548972129822 0.5187129490077496 0.3161548972129822 0.6092107780277729 0.05302006006240845 0.6092107780277729
0.0 0.36345748603343964 0.5565015859901905 0.607566311955452 0.5565015859901905 0.607566311955452 0.6243130378425121 0.36345748603343964 0.6243130378425121
0.0 0.6452780514955521 0.575725369155407 0.9162621945142746 0.575725369155407 0.9162621945142746 0.6677463725209236 0.6452780514955521 0.6677463725209236
0.0 0.03191365301609039 0.5858928598463535 0.285405769944191 0.5858928598463535 0.285405769944191 0.672797616571188 0.03191365301609039 0.672797616571188
0.0 0.32584643363952637 0.6195239387452602 0.6033021211624146 0.6195239387452602 0.6033021211624146 0.7029706872999668 0.32584643363952637 0.7029706872999668
0.0 0.6365690678358078 0.649051871150732 0.888112023472786 0.649051871150732 0.888112023472786 0.743187103420496 0.6365690678358078 0.743187103420496
0.0 0.01938401162624359 0.6606439463794231 0.287743017077446 0.6606439463794231 0.287743017077446 0.7498785145580769 0.01938401162624359 0.7498785145580769
0.0 0.3373584523797035 0.6901002414524555 0.5768934711813927 0.6901002414524555 0.5768934711813927 0.7791281454265118 0.3373584523797035 0.7791281454265118
0.0 0.6101865917444229 0.7212311886250973 0.8646142333745956 0.7212311886250973 0.8646142333745956 0.8026526309549809 0.6101865917444229 0.8026526309549809
