0.0 0.12221218645572662 0.03555368259549141 0.40258781611919403 0.03555368259549141 0.40258781611919403 0.10368111357092857 0.12221218645572662 0.10368111357092857
0.0 0.4268852472305298 0.06392330676317215 0.698029637336731 0.06392330676317215 0.698029637336731 0.156144879758358 0.4268852472305298 0.156144879758358
0.0 0.742341622710228 0.11318475753068924 1.0000000149011612 0.11318475753068924 1.0000000149011612 0.2100883051753044 0.742341622710228 0.2100883051753044
0.0 0.10708767175674438 0.09501733258366585 0.4093779921531677 0.09501733258366585 0.4093779921531677 0.181289654225111 0.10708767175674438 0.181289654225111
0.0 0.41586150228977203 0.13428997248411179 0.721048578619957 0.13428997248411179 0.721048578619957 0.21286682039499283 0.41586150228977203 0.21286682039499283
0.0 0.7259075492620468 0.1746629700064659 1.0000000149011612 0.1746629700064659 1.0000000149011612 0.2605699673295021 0.7259075492620468 0.2605699673295021
0.0 0.08953046798706055 0.16162673383951187 0.37589865922927856 0.16162673383951187 0.37589865922927856 0.2438647374510765 0.08953046798706055 0.2438647374510765
0.0 0.413722887635231 0.19238146767020226 0.6920927613973618 0.19238146767020226 0.6920927613973618 0.27956536784768105 0.413722887635231 0.27956536784768105
0.0 0.7241958528757095 0.23312068730592728 0.9999999850988388 0.23312068730592728 0.9999999850988388 0.32526444643735886 0.7241958528757095 0.32526444643735886
0.0 0.07707482576370239 0.21779195591807365 0.3447401523590088 0.21779195591807365 0.3447401523590088 0.3042408414185047 0.07707482576370239 0.3042408414185047
0.0 0.39713340997695923 0.2567001283168793 0.7093159556388855 0.2567001283168793 0.7093159556388855 0.339859277009964 0.39713340997695923 0.339859277009964
0.0 0.7151405662298203 0.29414262250065804 1.0000000149011612 0.29414262250065804 1.0000000149011612 0.38508645817637444 0.7151405662298203 0.38508645817637444
0.0 0.06829099357128143 0.28202057257294655 0.3691515475511551 0.28202057257294655 0.3691515475511551 0.3686591349542141 0.06829099357128143 0.3686591349542141
0.0 0.4063582718372345 0.3257881663739681 0.6643591821193695 0.3257881663739681 0.6643591821193695 0.39501068368554115 0.4063582718372345 0.39501068368554115
0.0 0.7019141167402267 0.35818686708807945 0.987237885594368 0.35818686708807945 0.987237885594368 0.4354771710932255 0.7019141167402267 0.4354771710932255
0.0 0.04872594773769379 0.3388255648314953 0.3476925939321518 0.3388255648314953 0.3476925939321518 0.42363132908940315 0.04872594773769379 0.42363132908940315
0.0 0.3802225589752197 0.3819507583975792 0.688501238822937 0.3819507583975792 0.688501238822937 0.4608946815133095 0.3802225589752197 0.4608946815133095
0.0 0.6983478963375092 0.4119713306427002 1.0000000298023224 0.4119713306427002 1.0000000298023224 0.49577027559280396 0.6983478963375092 0.49577027559280396
0.0 0.032482489943504333 0.39737239480018616 0.3600090593099594 0.39737239480018616 0.3600090593099594 0.4925366938114166 0.032482489943504333 0.4925366938114166
0.0 0.3685004413127899 0.4382994584739208 0.6527053415775299 0.4382994584739208 0.6527053415775299 0.5245682783424854 0.3685004413127899 0.5245682783424854
0.0 0.7033601552248001 0.4789513275027275 0.9678156822919846 0.4789513275027275 0.9678156822919846 0.5537638738751411 0.7033601552248001 0.5537638738751411
0.0 0.022074073553085327 0.46984710916876793 0.30925452709198 0.46984710916876793 0.30925452709198 0.5559333302080631 0.022074073553085327 0.5559333302080631
0.0 0.3631957024335861 0.5121489875018597 0.630315974354744 0.5121489875018597 0.630315974354744 0.5781665928661823 0.3631957024335861 0.5781665928661823
0.0 0.6739379912614822 0.537679061293602 0.9697363823652267 0.537679061293602 0.9697363823652267 0.6253243833780289 0.6739379912614822 0.6253243833780289
0.0 0.0016200989484786987 0.5276598073542118 0.27828873693943024 0.5276598073542118 0.27828873693943024 0.6103540323674679 0.0016200989484786987 0.6103540323674679
0.0 0.32507897913455963 0.5659273788332939 0.6284115761518478 0.5659273788332939 0.6284115761518478 0.6464278772473335 0.32507897913455963 0.6464278772473335
0.0 0.667626142501831 0.6012670248746872 0.9418227672576904 0.6012670248746872 0.9418227672576904 0.6900993138551712 0.667626142501831 0.6900993138551712
0.0 0.0 0.5923464819788933 0.28403452038764954 0.5923464819788933 0.28403452038764954 0.6775176003575325 0.0 0.6775176003575325
0.0 0.3410651683807373 0.6277787461876869 0.6021991968154907 0.6277787461876869 0.6021991968154907 0.711844228208065 0.3410651683807373 0.711844228208065
0.0 0.641144409775734 0.663201455026865 0.9190873950719833 0.663201455026865 0.9190873950719833 0.741223331540823 0.641144409775734 0.741223331540823
