0.0 0.0 0.004142437130212784 0.12009596079587936 0.004142437130212784 0.12009596079587936 0.07920519635081291 0.0 0.07920519635081291
0.0 0.0 0.06774917989969254 0.10390043258666992 0.06774917989969254 0.10390043258666992 0.16296083480119705 0.0 0.16296083480119705
0.0 0.0 0.14492187649011612 0.09026961773633957 0.14492187649011612 0.09026961773633957 0.2356865033507347 0.0 0.2356865033507347
0.0 0.1538897007703781 0.04507805034518242 0.43178267776966095 0.04507805034518242 0.43178267776966095 0.12014080956578255 0.1538897007703781 0.12014080956578255
0.0 0.4529222995042801 0.07577108591794968 0.7230747193098068 0.07577108591794968 0.7230747193098068 0.17770303040742874 0.4529222995042801 0.17770303040742874
0.0 0.7629437148571014 0.12969836965203285 1.0000000298023224 0.12969836965203285 1.0000000298023224 0.2367021106183529 0.7629437148571014 0.2367021106183529
0.0 0.1350715458393097 0.11128312349319458 0.4353710114955902 0.11128312349319458 0.4353710114955902 0.2064947783946991 0.1350715458393097 0.2064947783946991
0.0 0.4393455684185028 0.154117900878191 0.7420667707920074 0.154117900878191 0.7420667707920074 0.24074790999293327 0.4393455684185028 0.24074790999293327
0.0 0.7440405040979385 0.19816438481211662 0.9999999850988388 0.19816438481211662 0.9999999850988388 0.2929513640701771 0.7440405040979385 0.2929513640701771
0.0 0.11440323293209076 0.1854577586054802 0.3989126831293106 0.1854577586054802 0.3989126831293106 0.2762223854660988 0.11440323293209076 0.2762223854660988
0.0 0.43365608155727386 0.21876160800457 0.7106065899133682 0.21876160800457 0.7106065899133682 0.31505991518497467 0.43365608155727386 0.31505991518497467
0.0 0.7392587959766388 0.26322028413414955 0.9999999701976776 0.26322028413414955 0.9999999701976776 0.36485275253653526 0.7392587959766388 0.36485275253653526
0.0 0.09887205064296722 0.24799034371972084 0.3653126209974289 0.24799034371972084 0.3653126209974289 0.34350165352225304 0.09887205064296722 0.34350165352225304
0.0 0.4143705517053604 0.29038796946406364 0.7241794914007187 0.29038796946406364 0.7241794914007187 0.38210203126072884 0.4143705517053604 0.38210203126072884
0.0 0.7269605398178101 0.3311491869390011 1.0 0.3311491869390011 1.0 0.4315823055803776 0.7269605398178101 0.4315823055803776
0.0 0.0870991051197052 0.31949180364608765 0.38601961731910706 0.31949180364608765 0.38601961731910706 0.41511571407318115 0.0870991051197052 0.41511571407318115
0.0 0.420384481549263 0.36724838986992836 0.6764502972364426 0.36724838986992836 0.6764502972364426 0.4435976408421993 0.420384481549263 0.4435976408421993
0.0 0.7112439870834351 0.40246330946683884 0.9944671392440796 0.40246330946683884 0.9944671392440796 0.4877191260457039 0.7112439870834351 0.4877191260457039
0.0 0.064912810921669 0.3827613331377506 0.3618827611207962 0.3827613331377506 0.3618827611207962 0.4763490818440914 0.064912810921669 0.4763490818440914
0.0 0.39144267141819 0.42981836199760437 0.6972075551748276 0.42981836199760437 0.6972075551748276 0.5168481171131134 0.39144267141819 0.5168481171131134
0.0 0.704751119017601 0.46232273057103157 1.0000000149011612 0.46232273057103157 1.0000000149011612 0.5547737888991833 0.704751119017601 0.5547737888991833
0.0 0.04548047482967377 0.44795458018779755 0.3709403723478317 0.44795458018779755 0.3709403723478317 0.5529971867799759 0.04548047482967377 0.5529971867799759
0.0 0.3764329105615616 0.492550753057003 0.6590419858694077 0.492550753057003 0.6590419858694077 0.5878122821450233 0.3764329105615616 0.5878122821450233
0.0 0.706531748175621 0.5368472374975681 0.9692101627588272 0.5368472374975681 0.9692101627588272 0.6194047890603542 0.706531748175621 0.6194047890603542
0.0 0.03170675039291382 0.5286373496055603 0.31721657514572144 0.5286373496055603 0.31721657514572144 0.6236866116523743 0.03170675039291382 0.6236866116523743
0.0 0.3683718889951706 0.574757520109415 0.6331862956285477 0.574757520109415 0.6331862956285477 0.6475092731416225 0.3683718889951706 0.6475092731416225
0.0 0.6739243716001511 0.6022777445614338 0.9679471999406815 0.6022777445614338 0.9679471999406815 0.699038278311491 0.6739243716001511 0.699038278311491
0.0 0.008616626262664795 0.5930310934782028 0.28366291522979736 0.5930310934782028 0.28366291522979736 0.6843328028917313 0.008616626262664795 0.6843328028917313
0.0 0.3273480385541916 0.6347042098641396 0.6283582001924515 0.6347042098641396 0.6283582001924515 0.7234827503561974 0.3273480385541916 0.7234827503561974
0.0 0.6642410010099411 0.6730547286570072 0.9371976405382156 0.6730547286570072 0.9371976405382156 0.771201815456152 0.6642410010099411 0.771201815456152
0.0 0.0 0.6650447472929955 0.2859649956226349 0.6650447472929955 0.2859649956226349 0.7590572014451027 0.0 0.7590572014451027
0.0 0.33958838880062103 0.703482661396265 0.5995128899812698 0.703482661396265 0.5995128899812698 0.7963581942021847 0.33958838880062103 0.7963581942021847
0.0 0.6354459673166275 0.7420578338205814 0.9114887565374374 0.7420578338205814 0.9114887565374374 0.8281505964696407 0.6354459673166275 0.8281505964696407
