0.0 0.0 0.0 0.13022194802761078 0.0 0.13022194802761078 0.09367858618497849 0.0 0.09367858618497849
0.0 0.0 0.025099292397499084 0.12413401156663895 0.025099292397499084 0.12413401156663895 0.1656164526939392 0.0 0.1656164526939392
0.0 0.0 0.11772596091032028 0.07463019341230392 0.11772596091032028 0.07463019341230392 0.22096989303827286 0.0 0.22096989303827286
0.0 0.17112292349338531 0.0 0.5207000821828842 0.0 0.5207000821828842 0.1151880994439125 0.17112292349338531 0.1151880994439125
0.0 0.5144956111907959 0.06962871551513672 0.8462334871292114 0.06962871551513672 0.8462334871292114 0.1928492784500122 0.5144956111907959 0.1928492784500122
0.0 0.8451221957802773 0.1447545662522316 1.0000000223517418 0.1447545662522316 1.0000000223517418 0.26075684279203415 0.8451221957802773 0.26075684279203415
0.0 0.16656599938869476 0.05359364300966263 0.4638466387987137 0.05359364300966263 0.4638466387987137 0.16953492909669876 0.16656599938869476 0.16953492909669876
0.0 0.48669201135635376 0.14798764139413834 0.8121470808982849 0.14798764139413834 0.8121470808982849 0.2604714557528496 0.48669201135635376 0.2604714557528496
0.0 0.816794142127037 0.20611024275422096 1.0000000149011612 0.20611024275422096 1.0000000149011612 0.312822338193655 0.816794142127037 0.312822338193655
0.0 0.12355074286460876 0.09916091710329056 0.4492098391056061 0.09916091710329056 0.4492098391056061 0.23947428911924362 0.12355074286460876 0.23947428911924362
0.0 0.44854736328125 0.1854018196463585 0.8115921020507812 0.1854018196463585 0.8115921020507812 0.31729087978601456 0.44854736328125 0.31729087978601456
0.0 0.8020447641611099 0.273410152643919 0.9999999850988388 0.273410152643919 0.9999999850988388 0.3821806199848652 0.8020447641611099 0.3821806199848652
0.0 0.11174473166465759 0.19033031538128853 0.39283624291419983 0.19033031538128853 0.39283624291419983 0.2933737747371197 0.11174473166465759 0.2933737747371197
0.0 0.43298427760601044 0.25382746011018753 0.7630632668733597 0.25382746011018753 0.7630632668733597 0.37996380776166916 0.43298427760601044 0.37996380776166916
0.0 0.7572205364704132 0.33731819689273834 0.9999999701976776 0.33731819689273834 0.9999999701976776 0.45127587020397186 0.7572205364704132 0.45127587020397186
0.0 0.08690370619297028 0.2522135488688946 0.3943459540605545 0.2522135488688946 0.3943459540605545 0.3699393756687641 0.08690370619297028 0.3699393756687641
0.0 0.40390394628047943 0.3291926607489586 0.7103967815637589 0.3291926607489586 0.7103967815637589 0.44640979915857315 0.40390394628047943 0.44640979915857315
0.0 0.7113093137741089 0.39799584448337555 1.0 0.39799584448337555 1.0 0.5299688428640366 0.7113093137741089 0.5299688428640366
0.0 0.053154706954956055 0.31076374650001526 0.3548077642917633 0.31076374650001526 0.3548077642917633 0.4268626272678375 0.053154706954956055 0.4268626272678375
0.0 0.37493500113487244 0.39330627396702766 0.6570129692554474 0.39330627396702766 0.6570129692554474 0.5059366635978222 0.37493500113487244 0.5059366635978222
0.0 0.6804373264312744 0.4628094285726547 1.0 0.4628094285726547 1.0 0.5904895216226578 0.6804373264312744 0.5904895216226578
0.0 0.01526208221912384 0.37506864219903946 0.3192315846681595 0.37506864219903946 0.3192315846681595 0.4989373907446861 0.01526208221912384 0.4989373907446861
0.0 0.3385680764913559 0.45087916031479836 0.6387792974710464 0.45087916031479836 0.6387792974710464 0.5627673231065273 0.3385680764913559 0.5627673231065273
0.0 0.6692899614572525 0.5399439483880997 0.9751241058111191 0.5399439483880997 0.9751241058111191 0.6535454839468002 0.6692899614572525 0.6535454839468002
0.0 0.0 0.4360867887735367 0.2978206276893616 0.4360867887735367 0.2978206276893616 0.5655391067266464 0.0 0.5655391067266464
0.0 0.30242443084716797 0.5207780040800571 0.6277171969413757 0.5207780040800571 0.6277171969413757 0.6434655748307705 0.30242443084716797 0.6434655748307705
0.0 0.6280828565359116 0.5941144302487373 0.9630776792764664 0.5941144302487373 0.9630776792764664 0.7204594537615776 0.6280828565359116 0.7204594537615776
0.0 0.0 0.5164794437587261 0.29154840111732483 0.5164794437587261 0.29154840111732483 0.6368804462254047 0.0 0.6368804462254047
0.0 0.2812233567237854 0.5875584483146667 0.5851829648017883 0.5875584483146667 0.5851829648017883 0.7073437571525574 0.2812233567237854 0.7073437571525574
0.0 0.6104957908391953 0.6735361516475677 0.9088313728570938 0.6735361516475677 0.9088313728570938 0.7903836071491241 0.6104957908391953 0.7903836071491241
0.0 0.0 0.5836869105696678 0.24035972356796265 0.5836869105696678 0.24035972356796265 0.6934072151780128 0.0 0.6934072151780128
0.0 0.24736033380031586 0.6502702459692955 0.5578161031007767 0.6502702459692955 0.5578161031007767 0.7838182225823402 0.24736033380031586 0.7838182225823402
0.0 0.5775524079799652 0.7377169579267502 0.8737980425357819 0.7377169579267502 0.8737980425357819 0.8488059788942337 0.5775524079799652 0.8488059788942337
0.0 0.958553671836853 0.8256352320313454 1.0 0.8256352320313454 1.0 0.9353619441390038 0.958553671836853 0.9353619441390038
