0.0 0.001980304718017578 0.03726287931203842 0.3344060182571411 0.03726287931203842 0.3344060182571411 0.12829656153917313 0.001980304718017578 0.12829656153917313
0.0 0.3619387000799179 0.0766572579741478 0.6686111837625504 0.0766572579741478 0.6686111837625504 0.148987777531147 0.3619387000799179 0.148987777531147
0.0 0.695586547255516 0.09443871676921844 0.9474195390939713 0.09443871676921844 0.9474195390939713 0.16721723973751068 0.695586547255516 0.16721723973751068
0.0 0.023574739694595337 0.119890958070755 0.3100229501724243 0.119890958070755 0.3100229501724243 0.1913238763809204 0.023574739694595337 0.1913238763809204
0.0 0.363792821764946 0.15939325839281082 0.6700713187456131 0.15939325839281082 0.6700713187456131 0.22047864645719528 0.363792821764946 0.22047864645719528
0.0 0.6930909678339958 0.15914002433419228 0.9314501956105232 0.15914002433419228 0.9314501956105232 0.2249486707150936 0.6930909678339958 0.2249486707150936
0.0 0.00803077220916748 0.1719878539443016 0.3166985511779785 0.1719878539443016 0.3166985511779785 0.26586879044771194 0.00803077220916748 0.26586879044771194
0.0 0.348434641957283 0.2022927887737751 0.687964603304863 0.2022927887737751 0.687964603304863 0.2777348570525646 0.348434641957283 0.2777348570525646
0.0 0.7071333974599838 0.2274063415825367 0.9616054445505142 0.2274063415825367 0.9616054445505142 0.29201726242899895 0.7071333974599838 0.29201726242899895
0.0 0.021244525909423828 0.26895651407539845 0.29792577028274536 0.26895651407539845 0.29792577028274536 0.3284644167870283 0.021244525909423828 0.3284644167870283
0.0 0.36247916519641876 0.2731945365667343 0.6696958988904953 0.2731945365667343 0.6696958988904953 0.3486834317445755 0.36247916519641876 0.3486834317445755
0.0 0.6952537596225739 0.2977358140051365 0.9520432651042938 0.2977358140051365 0.9520432651042938 0.36735665425658226 0.6952537596225739 0.36735665425658226
0.0 0.025960013270378113 0.33621590211987495 0.32680104672908783 0.33621590211987495 0.32680104672908783 0.40694839879870415 0.025960013270378113 0.40694839879870415
0.0 0.3643367290496826 0.35468002408742905 0.6513744592666626 0.35468002408742905 0.6513744592666626 0.424469031393528 0.3643367290496826 0.424469031393528
0.0 0.6817164868116379 0.3657579906284809 0.9900707751512527 0.3657579906284809 0.9900707751512527 0.4436583034694195 0.6817164868116379 0.4436583034694195
0.0 0.016331061720848083 0.4030641056597233 0.3129483312368393 0.4030641056597233 0.3129483312368393 0.472824539989233 0.016331061720848083 0.472824539989233
0.0 0.3637154698371887 0.4253043383359909 0.6273273229598999 0.4253043383359909 0.6273273229598999 0.49467284977436066 0.3637154698371887 0.49467284977436066
0.0 0.6800230145454407 0.43646904453635216 0.9773570895195007 0.43646904453635216 0.9773570895195007 0.5117910839617252 0.6800230145454407 0.5117910839617252
0.0 0.008287504315376282 0.4768560901284218 0.30566172301769257 0.4768560901284218 0.30566172301769257 0.5549150928854942 0.008287504315376282 0.5549150928854942
0.0 0.3507845401763916 0.49180126562714577 0.6366146206855774 0.49180126562714577 0.6366146206855774 0.5554211102426052 0.3507845401763916 0.5554211102426052
0.0 0.6982251107692719 0.5170878879725933 0.9769162237644196 0.5170878879725933 0.9769162237644196 0.5806251056492329 0.6982251107692719 0.5806251056492329
0.0 0.01983731985092163 0.5436025410890579 0.30990567803382874 0.5436025410890579 0.30990567803382874 0.6291488856077194 0.01983731985092163 0.6291488856077194
0.0 0.347693532705307 0.5706667602062225 0.6580947935581207 0.5706667602062225 0.6580947935581207 0.6404980719089508 0.347693532705307 0.6404980719089508
0.0 0.686156690120697 0.5795417167246342 0.9918977618217468 0.5795417167246342 0.9918977618217468 0.6507532261312008 0.686156690120697 0.6507532261312008
0.0 0.01437823474407196 0.6366229169070721 0.3405933827161789 0.6366229169070721 0.3405933827161789 0.703594196587801 0.01437823474407196 0.703594196587801
0.0 0.35609981417655945 0.6442470662295818 0.6451899111270905 0.6442470662295818 0.6451899111270905 0.7151417620480061 0.35609981417655945 0.7151417620480061
0.0 0.7028663605451584 0.664329294115305 0.9746970683336258 0.664329294115305 0.9746970683336258 0.7322796545922756 0.7028663605451584 0.7322796545922756
0.0 0.011477470397949219 0.7147257141768932 0.3175925016403198 0.7147257141768932 0.3175925016403198 0.773591298609972 0.011477470397949219 0.773591298609972
0.0 0.35546138882637024 0.7158028930425644 0.6467486321926117 0.7158028930425644 0.6467486321926117 0.8014868646860123 0.35546138882637024 0.8014868646860123
0.0 0.6972400993108749 0.7377686984837055 0.9711026102304459 0.7377686984837055 0.9711026102304459 0.7985486499965191 0.6972400993108749 0.7985486499965191
