0.0 0.0 0.8815081268548965 0.12101895362138748 0.8815081268548965 0.12101895362138748 0.9999999850988388 0.0 0.9999999850988388
0.0 0.0 0.17461110651493073 0.18817579746246338 0.17461110651493073 0.18817579746246338 0.32779739797115326 0.0 0.32779739797115326
0.0 0.19163699448108673 0.10215017944574356 0.5226870030164719 0.10215017944574356 0.5226870030164719 0.2365376576781273 0.19163699448108673 0.2365376576781273
0.0 0.5252330005168915 0.02367018163204193 0.8111162483692169 0.02367018163204193 0.8111162483692169 0.149534672498703 0.5252330005168915 0.149534672498703
0.0 0.0 0.25568824261426926 0.1927706003189087 0.25568824261426926 0.1927706003189087 0.381895013153553 0.0 0.381895013153553
0.0 0.23010173439979553 0.17894139885902405 0.5557797849178314 0.17894139885902405 0.5557797849178314 0.3035624027252197 0.23010173439979553 0.3035624027252197
0.0 0.5514707565307617 0.08989217132329941 0.8203920125961304 0.08989217132329941 0.8203920125961304 0.2065090611577034 0.5514707565307617 0.2065090611577034
0.0 0.0 0.30231890082359314 0.23203103244304657 0.30231890082359314 0.23203103244304657 0.4544192850589752 0.0 0.4544192850589752
0.0 0.2343454360961914 0.21479777991771698 0.5988020896911621 0.21479777991771698 0.5988020896911621 0.360781267285347 0.2343454360961914 0.360781267285347
0.0 0.5956398695707321 0.1455850787460804 0.8807779103517532 0.1455850787460804 0.8807779103517532 0.26552898809313774 0.5956398695707321 0.26552898809313774
0.0 0.0 0.3950219750404358 0.24165041744709015 0.3950219750404358 0.24165041744709015 0.509475827217102 0.0 0.509475827217102
0.0 0.2790861576795578 0.2850320637226105 0.6119087487459183 0.2850320637226105 0.6119087487459183 0.4245767891407013 0.2790861576795578 0.4245767891407013
0.0 0.6148562580347061 0.21545735001564026 0.9041652530431747 0.21545735001564026 0.9041652530431747 0.34120437502861023 0.6148562580347061 0.34120437502861023
0.0 0.0 0.4483759328722954 0.3036389648914337 0.4483759328722954 0.3036389648914337 0.579221136868 0.0 0.579221136868
0.0 0.316693514585495 0.36541440337896347 0.6270158588886261 0.36541440337896347 0.6270158588886261 0.4957801476120949 0.316693514585495 0.4957801476120949
0.0 0.6313307136297226 0.26959435641765594 0.9765465408563614 0.26959435641765594 0.9765465408563614 0.4161164313554764 0.6313307136297226 0.4161164313554764
0.0 0.009960964322090149 0.5129245743155479 0.3191981464624405 0.5129245743155479 0.3191981464624405 0.6424780860543251 0.009960964322090149 0.6424780860543251
0.0 0.3470442593097687 0.43715565651655197 0.6339548528194427 0.43715565651655197 0.6339548528194427 0.562256820499897 0.3470442593097687 0.562256820499897
0.0 0.6606541872024536 0.3397308811545372 0.9933067560195923 0.3397308811545372 0.9933067560195923 0.48182979971170425 0.6606541872024536 0.48182979971170425
0.0 0.03477349877357483 0.5817204266786575 0.3480116128921509 0.5817204266786575 0.3480116128921509 0.719631239771843 0.03477349877357483 0.719631239771843
0.0 0.3636886328458786 0.49627338349819183 0.669612243771553 0.49627338349819183 0.669612243771553 0.6218146234750748 0.3636886328458786 0.6218146234750748
0.0 0.7139645665884018 0.4147800877690315 1.0000000149011612 0.4147800877690315 1.0000000149011612 0.5421610996127129 0.7139645665884018 0.5421610996127129
0.0 0.07454386353492737 0.6403389945626259 0.38430213928222656 0.6403389945626259 0.38430213928222656 0.7840726599097252 0.07454386353492737 0.7840726599097252
0.0 0.395070418715477 0.5629068985581398 0.7278350740671158 0.5629068985581398 0.7278350740671158 0.7008760794997215 0.395070418715477 0.7008760794997215
0.0 0.7291800826787949 0.4694060906767845 1.0000000149011612 0.4694060906767845 1.0000000149011612 0.6112701073288918 0.7291800826787949 0.6112701073288918
0.0 0.10975661873817444 0.7159464657306671 0.44588908553123474 0.7159464657306671 0.44588908553123474 0.8522226512432098 0.10975661873817444 0.8522226512432098
0.0 0.4350724369287491 0.6334250271320343 0.7473952621221542 0.6334250271320343 0.7473952621221542 0.7679694592952728 0.4350724369287491 0.7679694592952728
0.0 0.7826063483953476 0.5527732372283936 1.0000000149011612 0.5527732372283936 1.0000000149011612 0.6839709281921387 0.7826063483953476 0.6839709281921387
0.0 0.14079473912715912 0.7918175011873245 0.45408327877521515 0.7918175011873245 0.45408327877521515 0.916742131114006 0.14079473912715912 0.916742131114006
0.0 0.465423122048378 0.6982773095369339 0.786203607916832 0.6982773095369339 0.786203607916832 0.8475790470838547 0.465423122048378 0.8475790470838547
0.0 0.8087898418307304 0.6221171617507935 1.0000000074505806 0.6221171617507935 1.0000000074505806 0.7477759122848511 0.8087898418307304 0.7477759122848511
