0.0 0.0 0.07878316938877106 0.3287423849105835 0.07878316938877106 0.3287423849105835 0.15252341330051422 0.0 0.15252341330051422
0.0 0.3568829596042633 0.10238340497016907 0.6724793612957001 0.10238340497016907 0.6724793612957001 0.16010236740112305 0.3568829596042633 0.16010236740112305
0.0 0.700930267572403 0.10668655671179295 0.9646711051464081 0.10668655671179295 0.9646711051464081 0.1674806233495474 0.700930267572403 0.1674806233495474
0.0 0.015054330229759216 0.15580396726727486 0.30374179780483246 0.15580396726727486 0.30374179780483246 0.21321676298975945 0.015054330229759216 0.21321676298975945
0.0 0.3584958016872406 0.1810201331973076 0.6735141575336456 0.1810201331973076 0.6735141575336456 0.22861836105585098 0.3584958016872406 0.22861836105585098
0.0 0.6978761851787567 0.16895837523043156 0.9472328722476959 0.16895837523043156 0.9472328722476959 0.2238814141601324 0.6978761851787567 0.2238814141601324
0.0 0.0 0.205348152667284 0.31032848358154297 0.205348152667284 0.31032848358154297 0.2836381010711193 0.0 0.2836381010711193
0.0 0.3426749110221863 0.22230415605008602 0.6917161345481873 0.22230415605008602 0.6917161345481873 0.2828772757202387 0.3426749110221863 0.2828772757202387
0.0 0.712012454867363 0.23399009555578232 0.9784332066774368 0.23399009555578232 0.9784332066774368 0.28765300661325455 0.712012454867363 0.28765300661325455
0.0 0.012735560536384583 0.29598492197692394 0.2910647839307785 0.29598492197692394 0.2910647839307785 0.3434529919177294 0.012735560536384583 0.3434529919177294
0.0 0.35675129294395447 0.2891047280281782 0.6722600758075714 0.2891047280281782 0.6722600758075714 0.35134235210716724 0.35675129294395447 0.35134235210716724
0.0 0.6991540044546127 0.3017969038337469 0.9675847440958023 0.3017969038337469 0.9675847440958023 0.3606524560600519 0.6991540044546127 0.3606524560600519
0.0 0.017440706491470337 0.35891750641167164 0.3201320767402649 0.35891750641167164 0.3201320767402649 0.41677078418433666 0.017440706491470337 0.41677078418433666
0.0 0.3583649545907974 0.36625393666327 0.6527682393789291 0.36625393666327 0.6527682393789291 0.42424569092690945 0.3583649545907974 0.42424569092690945
0.0 0.6846187263727188 0.367299847304821 0.9999999850988388 0.367299847304821 0.9999999850988388 0.43307770043611526 0.6846187263727188 0.43307770043611526
0.0 0.00785200297832489 0.4217972084879875 0.3058917671442032 0.4217972084879875 0.3058917671442032 0.4793210104107857 0.00785200297832489 0.4793210104107857
0.0 0.3574870526790619 0.4330852199345827 0.6274473965167999 0.4330852199345827 0.6274473965167999 0.4917894434183836 0.3574870526790619 0.4917894434183836
0.0 0.6823774129152298 0.43489111587405205 0.9928647726774216 0.43489111587405205 0.9928647726774216 0.4990200288593769 0.6823774129152298 0.4990200288593769
0.0 0.0 0.49100030958652496 0.2982911467552185 0.49100030958652496 0.2982911467552185 0.5568379014730453 0.0 0.5568379014730453
0.0 0.3441125303506851 0.4962384980171919 0.6366599649190903 0.4962384980171919 0.6366599649190903 0.549345226958394 0.3441125303506851 0.549345226958394
0.0 0.7007006406784058 0.5113103203475475 0.9917042255401611 0.5113103203475475 0.9917042255401611 0.5651948638260365 0.7007006406784058 0.5651948638260365
0.0 0.011355578899383545 0.5530320070683956 0.30238187313079834 0.5530320070683956 0.30238187313079834 0.6265596486628056 0.011355578899383545 0.6265596486628056
0.0 0.3407069444656372 0.5706759318709373 0.6583071351051331 0.5706759318709373 0.6583071351051331 0.6297008171677589 0.3407069444656372 0.6297008171677589
0.0 0.687754899263382 0.5711029656231403 0.9999999701976776 0.5711029656231403 0.9999999701976776 0.6321756951510906 0.687754899263382 0.6321756951510906
0.0 0.005938529968261719 0.6398727633059025 0.3331810534000397 0.6398727633059025 0.3331810534000397 0.6958750747144222 0.005938529968261719 0.6958750747144222
0.0 0.34899628162384033 0.6397637911140919 0.6444951891899109 0.6397637911140919 0.6444951891899109 0.7007979564368725 0.34899628162384033 0.7007979564368725
0.0 0.7044774442911148 0.6513829808682203 0.9878388494253159 0.6513829808682203 0.9878388494253159 0.7106756586581469 0.7044774442911148 0.7106756586581469
0.0 0.003069266676902771 0.7126065567135811 0.3096994012594223 0.7126065567135811 0.3096994012594223 0.7619833871722221 0.003069266676902771 0.7619833871722221
0.0 0.348096638917923 0.7070555835962296 0.6455488502979279 0.7070555835962296 0.6455488502979279 0.7825529426336288 0.348096638917923 0.7825529426336288
0.0 0.6981360018253326 0.7212544251233339 0.9833924472332001 0.7212544251233339 0.9833924472332001 0.7741431426256895 0.6981360018253326 0.7741431426256895
