0.0 0.0 0.5866406075656414 0.07601431012153625 0.5866406075656414 0.07601431012153625 0.6981332190334797 0.0 0.6981332190334797
0.0 0.0 0.6732747703790665 0.0973675474524498 0.6732747703790665 0.0973675474524498 0.7725082486867905 0.0 0.7725082486867905
0.0 0.0 0.7462170161306858 0.11601388454437256 0.7462170161306858 0.11601388454437256 0.8366274796426296 0.0 0.8366274796426296
0.0 0.0 0.06324666365981102 0.2898564040660858 0.06324666365981102 0.2898564040660858 0.17715713754296303 0.0 0.17715713754296303
0.0 0.3002893924713135 0.03313439339399338 0.5994789600372314 0.03313439339399338 0.5994789600372314 0.13002120703458786 0.3002893924713135 0.13002120703458786
0.0 0.6103434413671494 0.0 0.8671792894601822 0.0 0.8671792894601822 0.08522762358188629 0.6103434413671494 0.08522762358188629
0.0 0.011802628636360168 0.14264291524887085 0.282914474606514 0.14264291524887085 0.282914474606514 0.2352224588394165 0.011802628636360168 0.2352224588394165
0.0 0.3220369517803192 0.11148657277226448 0.6183372437953949 0.11148657277226448 0.6183372437953949 0.19866616651415825 0.3220369517803192 0.19866616651415825
0.0 0.6240170076489449 0.05586613342165947 0.8663377687335014 0.05586613342165947 0.8663377687335014 0.14297238364815712 0.6240170076489449 0.14297238364815712
0.0 0.010211676359176636 0.19107696041464806 0.3070726990699768 0.19107696041464806 0.3070726990699768 0.30763697996735573 0.010211676359176636 0.30763697996735573
0.0 0.3183507174253464 0.1504344940185547 0.6491938382387161 0.1504344940185547 0.6491938382387161 0.25529786944389343 0.3183507174253464 0.25529786944389343
0.0 0.6540244072675705 0.1167704425752163 0.912155345082283 0.1167704425752163 0.912155345082283 0.20523721352219582 0.6540244072675705 0.20523721352219582
0.0 0.045034751296043396 0.28370697796344757 0.3048168867826462 0.28370697796344757 0.3048168867826462 0.3659302443265915 0.045034751296043396 0.3659302443265915
0.0 0.34807465970516205 0.21988772600889206 0.6496310979127884 0.21988772600889206 0.6496310979127884 0.3227144554257393 0.34807465970516205 0.3227144554257393
0.0 0.6602403819561005 0.1869395449757576 0.9219012558460236 0.1869395449757576 0.9219012558460236 0.28136079758405685 0.6602403819561005 0.28136079758405685
0.0 0.06480781733989716 0.342375285923481 0.3497174233198166 0.342375285923481 0.3497174233198166 0.4385684058070183 0.06480781733989716 0.4385684058070183
0.0 0.36947351694107056 0.30005865916609764 0.6511692404747009 0.30005865916609764 0.6511692404747009 0.39642447605729103 0.36947351694107056 0.39642447605729103
0.0 0.6643226742744446 0.24778229370713234 0.9779770970344543 0.24778229370713234 0.9779770970344543 0.35678165778517723 0.6643226742744446 0.35678165778517723
0.0 0.07218371331691742 0.40721653774380684 0.35308896005153656 0.40721653774380684 0.35308896005153656 0.5028948299586773 0.07218371331691742 0.5028948299586773
0.0 0.38595396280288696 0.37084587663412094 0.6460323929786682 0.37084587663412094 0.6460323929786682 0.4652043953537941 0.38595396280288696 0.4652043953537941
0.0 0.6802182197570801 0.3183163106441498 0.9828486442565918 0.3183163106441498 0.9828486442565918 0.4245690405368805 0.6802182197570801 0.4245690405368805
0.0 0.08243536949157715 0.4775521196424961 0.3663734495639801 0.4775521196424961 0.3663734495639801 0.5821397863328457 0.08243536949157715 0.5821397863328457
0.0 0.39037829637527466 0.43335453420877457 0.6695887446403503 0.43335453420877457 0.6695887446403503 0.5253791436553001 0.39037829637527466 0.5253791436553001
0.0 0.7173219472169876 0.3959643431007862 0.9998118132352829 0.3959643431007862 0.9998118132352829 0.48973391577601433 0.7173219472169876 0.48973391577601433
0.0 0.10813771188259125 0.5390860736370087 0.38813893496990204 0.5390860736370087 0.38813893496990204 0.6509744226932526 0.10813771188259125 0.6509744226932526
0.0 0.4065512716770172 0.5055607929825783 0.7106556594371796 0.5055607929825783 0.7106556594371796 0.6074692830443382 0.4065512716770172 0.6074692830443382
0.0 0.7213932573795319 0.45480573549866676 0.9999999701976776 0.45480573549866676 0.9999999701976776 0.5601440630853176 0.7213932573795319 0.5601440630853176
0.0 0.12560465931892395 0.6221785955131054 0.43357107043266296 0.6221785955131054 0.43357107043266296 0.7217212505638599 0.12560465931892395 0.7217212505638599
0.0 0.43194468319416046 0.5773818828165531 0.716978594660759 0.5773818828165531 0.716978594660759 0.6789126060903072 0.43194468319416046 0.6789126060903072
0.0 0.7581703439354897 0.5393192209303379 1.0000000223517418 0.5393192209303379 1.0000000223517418 0.6385930143296719 0.7581703439354897 0.6385930143296719
0.0 0.1416095346212387 0.6986658424139023 0.42954929172992706 0.6986658424139023 0.42954929172992706 0.789254680275917 0.1416095346212387 0.789254680275917
0.0 0.44851261377334595 0.6455190144479275 0.7397896647453308 0.6455190144479275 0.7397896647453308 0.7626062668859959 0.44851261377334595 0.7626062668859959
0.0 0.7710967063903809 0.6114757247269154 1.0 0.6114757247269154 1.0 0.7048604302108288 0.7710967063903809 0.7048604302108288
