0.0 0.008849769830703735 0.09507042542099953 0.32262128591537476 0.09507042542099953 0.32262128591537476 0.16079812869429588 0.008849769830703735 0.16079812869429588
0.0 0.34922534227371216 0.11208919808268547 0.6489123702049255 0.11208919808268547 0.6489123702049255 0.1631455309689045 0.34922534227371216 0.1631455309689045
0.0 0.6762989163398743 0.11091549322009087 0.9298200011253357 0.11091549322009087 0.9298200011253357 0.1660798080265522 0.6762989163398743 0.1660798080265522
0.0 0.02919405698776245 0.1684272289276123 0.2991470992565155 0.1684272289276123 0.2991470992565155 0.21948355436325073 0.02919405698776245 0.21948355436325073
0.0 0.3507903218269348 0.18779343366622925 0.6496948599815369 0.18779343366622925 0.6496948599815369 0.22946009039878845 0.3507903218269348 0.22946009039878845
0.0 0.6731690168380737 0.17136150598526 0.9126056432723999 0.17136150598526 0.9126056432723999 0.22124412655830383 0.6731690168380737 0.22124412655830383
0.0 0.015109539031982422 0.21596243977546692 0.3054068684577942 0.21596243977546692 0.3054068684577942 0.2869718372821808 0.015109539031982422 0.2869718372821808
0.0 0.33592331409454346 0.22769954800605774 0.6669092178344727 0.22769954800605774 0.6669092178344727 0.28169015049934387 0.33592331409454346 0.28169015049934387
0.0 0.6864710450172424 0.23415493965148926 0.9423395991325378 0.23415493965148926 0.9423395991325378 0.2828638553619385 0.6864710450172424 0.2828638553619385
0.0 0.027629107236862183 0.3022300601005554 0.28741002082824707 0.3022300601005554 0.28741002082824707 0.34448355436325073 0.027629107236862183 0.34448355436325073
0.0 0.34922534227371216 0.2916666865348816 0.6481298804283142 0.2916666865348816 0.6481298804283142 0.34800469875335693 0.34922534227371216 0.34800469875335693
0.0 0.6739514470100403 0.2998826205730438 0.9313849806785583 0.2998826205730438 0.9313849806785583 0.35387322306632996 0.6739514470100403 0.35387322306632996
0.0 0.03232395648956299 0.3620891869068146 0.3147965669631958 0.3620891869068146 0.3147965669631958 0.41431924700737 0.03232395648956299 0.41431924700737
0.0 0.3507903218269348 0.3656103014945984 0.6293505430221558 0.3656103014945984 0.6293505430221558 0.4184272289276123 0.3507903218269348 0.4184272289276123
0.0 0.659866988658905 0.3632628917694092 0.9689436554908752 0.3632628917694092 0.9689436554908752 0.4237089157104492 0.659866988658905 0.4237089157104492
0.0 0.023716747760772705 0.4219483435153961 0.3014945387840271 0.4219483435153961 0.3014945387840271 0.47417840361595154 0.023716747760772705 0.47417840361595154
0.0 0.3500078320503235 0.42957746982574463 0.6050938963890076 0.42957746982574463 0.6050938963890076 0.48356807231903076 0.3500078320503235 0.48356807231903076
0.0 0.6575195789337158 0.42840376496315 0.9548591375350952 0.42840376496315 0.9548591375350952 0.48767605423927307 0.6575195789337158 0.48767605423927307
0.0 0.01667448878288269 0.4876760244369507 0.2944522798061371 0.4876760244369507 0.2944522798061371 0.5481220483779907 0.01667448878288269 0.5481220483779907
0.0 0.33748823404312134 0.49002349376678467 0.6137011051177979 0.49002349376678467 0.6137011051177979 0.5387324094772339 0.33748823404312134 0.5387324094772339
0.0 0.6747339367866516 0.5017605423927307 0.9532942175865173 0.5017605423927307 0.9532942175865173 0.5516431927680969 0.6747339367866516 0.5516431927680969
0.0 0.027629107236862183 0.5463614463806152 0.29836463928222656 0.5463614463806152 0.29836463928222656 0.6144366264343262 0.027629107236862183 0.6144366264343262
0.0 0.3343583941459656 0.5610328316688538 0.6340453624725342 0.5610328316688538 0.6340453624725342 0.6156103014945984 0.3343583941459656 0.6156103014945984
0.0 0.6622143983840942 0.559272289276123 0.9673787355422974 0.559272289276123 0.9673787355422974 0.6161972284317017 0.6622143983840942 0.6161972284317017
0.0 0.022934257984161377 0.6285210847854614 0.3273161053657532 0.6285210847854614 0.3273161053657532 0.6801643371582031 0.022934257984161377 0.6801643371582031
0.0 0.34218311309814453 0.6267605423927307 0.6207433342933655 0.6267605423927307 0.6207433342933655 0.6836854815483093 0.34218311309814453 0.6836854815483093
0.0 0.6778638362884521 0.6361502408981323 0.9485993385314941 0.6361502408981323 0.9485993385314941 0.691901445388794 0.6778638362884521 0.691901445388794
0.0 0.020586848258972168 0.6971830725669861 0.3054068684577942 0.6971830725669861 0.3054068684577942 0.7429577708244324 0.020586848258972168 0.7429577708244324
0.0 0.3414006233215332 0.690727710723877 0.6215258240699768 0.690727710723877 0.6215258240699768 0.7617371082305908 0.3414006233215332 0.7617371082305908
0.0 0.6716040372848511 0.7030516266822815 0.9439045190811157 0.7030516266822815 0.9439045190811157 0.7529342770576477 0.6716040372848511 0.7529342770576477
