0.0 0.13218805193901062 0.0 0.47710439562797546 0.0 0.47710439562797546 0.09541555494070053 0.13218805193901062 0.09541555494070053
0.0 0.4765266627073288 0.05351981148123741 0.8012142926454544 0.05351981148123741 0.8012142926454544 0.17405347898602486 0.4765266627073288 0.17405347898602486
0.0 0.8071336671710014 0.12886233627796173 1.0000000074505806 0.12886233627796173 1.0000000074505806 0.24265603721141815 0.8071336671710014 0.24265603721141815
0.0 0.12906239926815033 0.034319985657930374 0.42358680069446564 0.034319985657930374 0.42358680069446564 0.14789890870451927 0.12906239926815033 0.14789890870451927
0.0 0.4512613117694855 0.1286722719669342 0.7713529765605927 0.1286722719669342 0.7713529765605927 0.2397470772266388 0.4512613117694855 0.2397470772266388
0.0 0.7816207408905029 0.1878434419631958 1.0 0.1878434419631958 1.0 0.2931251525878906 0.7816207408905029 0.2931251525878906
0.0 0.08744636178016663 0.0779845267534256 0.4106883704662323 0.0779845267534256 0.4106883704662323 0.21603311598300934 0.08744636178016663 0.21603311598300934
0.0 0.41503003239631653 0.16461718827486038 0.7726565301418304 0.16461718827486038 0.7726565301418304 0.29537030309438705 0.41503003239631653 0.29537030309438705
0.0 0.7701629474759102 0.2529868856072426 0.9999999925494194 0.2529868856072426 0.9999999925494194 0.3609525188803673 0.7701629474759102 0.3609525188803673
0.0 0.0768582820892334 0.166134562343359 0.3574991524219513 0.166134562343359 0.3574991524219513 0.26863813772797585 0.0768582820892334 0.26863813772797585
0.0 0.4016712009906769 0.23092012852430344 0.7277037799358368 0.23092012852430344 0.7277037799358368 0.3564884141087532 0.4016712009906769 0.3564884141087532
0.0 0.7287086248397827 0.3149893954396248 1.0 0.3149893954396248 1.0 0.4285387322306633 0.7287086248397827 0.4285387322306633
0.0 0.05334213376045227 0.2263660915195942 0.3610421419143677 0.2263660915195942 0.3610421419143677 0.3440328352153301 0.05334213376045227 0.3440328352153301
0.0 0.37474240362644196 0.30433329939842224 0.6787111610174179 0.30433329939842224 0.6787111610174179 0.42166468501091003 0.37474240362644196 0.42166468501091003
0.0 0.686142086982727 0.37430692464113235 1.0 0.37430692464113235 1.0 0.5063126608729362 0.686142086982727 0.5063126608729362
0.0 0.020371735095977783 0.2834863029420376 0.32330915331840515 0.2834863029420376 0.32330915331840515 0.4000549353659153 0.020371735095977783 0.4000549353659153
0.0 0.34757092595100403 0.36734190955758095 0.6282019317150116 0.36734190955758095 0.6282019317150116 0.48034217581152916 0.34757092595100403 0.48034217581152916
0.0 0.6578584313392639 0.4381089434027672 0.9834915995597839 0.4381089434027672 0.9834915995597839 0.5662098899483681 0.6578584313392639 0.5662098899483681
0.0 0.0 0.34676993265748024 0.28954994678497314 0.34676993265748024 0.28954994678497314 0.4714549146592617 0.0 0.4714549146592617
0.0 0.31253276765346527 0.4241267964243889 0.612456813454628 0.4241267964243889 0.612456813454628 0.5368509367108345 0.31253276765346527 0.5368509367108345
0.0 0.6494188904762268 0.5146027766168118 0.9521995186805725 0.5146027766168118 0.9521995186805725 0.6290354765951633 0.6494188904762268 0.6290354765951633
0.0 0.0 0.40730613470077515 0.26975515484809875 0.40730613470077515 0.26975515484809875 0.5378805994987488 0.0 0.5378805994987488
0.0 0.27822738885879517 0.4935431554913521 0.6043407917022705 0.4935431554913521 0.6043407917022705 0.6175552532076836 0.27822738885879517 0.6175552532076836
0.0 0.6105785816907883 0.5684889405965805 0.9431989938020706 0.5684889405965805 0.9431989938020706 0.6961012035608292 0.6105785816907883 0.6961012035608292
0.0 0.0 0.487371563911438 0.26585543155670166 0.487371563911438 0.26585543155670166 0.6095831394195557 0.0 0.6095831394195557
0.0 0.258599191904068 0.5603041797876358 0.5642314255237579 0.5603041797876358 0.5642314255237579 0.6816937774419785 0.258599191904068 0.6816937774419785
0.0 0.5957988500595093 0.6480952277779579 0.8930181264877319 0.6480952277779579 0.8930181264877319 0.7664951309561729 0.5957988500595093 0.7664951309561729
0.0 0.0 0.5546520389616489 0.21582645177841187 0.5546520389616489 0.21582645177841187 0.6664907298982143 0.0 0.6664907298982143
0.0 0.22619976103305817 0.6233127787709236 0.5391228049993515 0.6233127787709236 0.5391228049993515 0.7589821144938469 0.22619976103305817 0.7589821144938469
0.0 0.5647345185279846 0.7127213589847088 0.8611649870872498 0.7127213589847088 0.8611649870872498 0.8256899006664753 0.5647345185279846 0.8256899006664753
