0.0 0.0 0.0 0.16250962018966675 0.0 0.16250962018966675 0.08954969793558121 0.0 0.08954969793558121
0.0 0.0 0.02806606888771057 0.15512827038764954 0.02806606888771057 0.15512827038764954 0.1598241627216339 0.0 0.1598241627216339
0.0 0.0 0.11789372190833092 0.10788101702928543 0.11789372190833092 0.10788101702928543 0.2145635224878788 0.0 0.2145635224878788
0.0 0.1995227336883545 0.0 0.5059680342674255 0.0 0.5059680342674255 0.10485076904296875 0.1995227336883545 0.10485076904296875
0.0 0.5011164098978043 0.06184807047247887 0.7888988107442856 0.06184807047247887 0.7888988107442856 0.17567402496933937 0.5011164098978043 0.17567402496933937
0.0 0.7906395494937897 0.1293233186006546 0.9999999701976776 0.1293233186006546 0.9999999701976776 0.23755763471126556 0.7906395494937897 0.23755763471126556
0.0 0.1930377185344696 0.05087633430957794 0.4543881118297577 0.05087633430957794 0.4543881118297577 0.15846173465251923 0.1930377185344696 0.15846173465251923
0.0 0.47474341094493866 0.1376902237534523 0.7578990012407303 0.1376902237534523 0.7578990012407303 0.24198590964078903 0.47474341094493866 0.24198590964078903
0.0 0.7647614106535912 0.18896030262112617 0.9984928742051125 0.18896030262112617 0.9984928742051125 0.2889701835811138 0.7647614106535912 0.2889701835811138
0.0 0.15226171910762787 0.09533585608005524 0.44005097448825836 0.09533585608005524 0.44005097448825836 0.22709394991397858 0.15226171910762787 0.22709394991397858
0.0 0.4396599978208542 0.17437562346458435 0.7564940005540848 0.17437562346458435 0.7564940005540848 0.2976974546909332 0.4396599978208542 0.2976974546909332
0.0 0.750787615776062 0.254387516528368 0.9986348152160645 0.254387516528368 0.9986348152160645 0.3566753678023815 0.750787615776062 0.3566753678023815
0.0 0.1393122896552086 0.184013944119215 0.3879346624016762 0.184013944119215 0.3879346624016762 0.2806837446987629 0.1393122896552086 0.2806837446987629
0.0 0.42372070252895355 0.2409735843539238 0.7130187898874283 0.2409735843539238 0.7130187898874283 0.3599037006497383 0.42372070252895355 0.3599037006497383
0.0 0.709928572177887 0.31732213497161865 0.961378276348114 0.31732213497161865 0.961378276348114 0.42520684003829956 0.709928572177887 0.42520684003829956
0.0 0.11424736678600311 0.24470777064561844 0.3872184306383133 0.24470777064561844 0.3872184306383133 0.35609155148267746 0.11424736678600311 0.35609155148267746
0.0 0.3956277668476105 0.3150595538318157 0.6653666198253632 0.3150595538318157 0.6653666198253632 0.4262075908482075 0.3956277668476105 0.4262075908482075
0.0 0.6681697964668274 0.37758684903383255 0.9682303071022034 0.37758684903383255 0.9682303071022034 0.5027495548129082 0.6681697964668274 0.5027495548129082
0.0 0.08153453469276428 0.30260979011654854 0.3503321409225464 0.30260979011654854 0.3503321409225464 0.4130082242190838 0.08153453469276428 0.4130082242190838
0.0 0.36765940487384796 0.37870147451758385 0.6170223206281662 0.37870147451758385 0.6170223206281662 0.486093495041132 0.36765940487384796 0.486093495041132
0.0 0.639301672577858 0.4420711174607277 0.9284370988607407 0.4420711174607277 0.9284370988607407 0.563599668443203 0.639301672577858 0.563599668443203
0.0 0.04431605339050293 0.36669399216771126 0.3165534734725952 0.36669399216771126 0.3165534734725952 0.48528770729899406 0.04431605339050293 0.48528770729899406
0.0 0.33343425393104553 0.4363677613437176 0.5993665158748627 0.4363677613437176 0.5993665158748627 0.5429254658520222 0.33343425393104553 0.5429254658520222
0.0 0.6278230249881744 0.5188561752438545 0.8963334262371063 0.5188561752438545 0.8963334262371063 0.6270773336291313 0.6278230249881744 0.6270773336291313
0.0 0.026289954781532288 0.4275308810174465 0.2954612821340561 0.4275308810174465 0.2954612821340561 0.552256528288126 0.026289954781532288 0.552256528288126
0.0 0.29846520721912384 0.5065414719283581 0.5877217501401901 0.5065414719283581 0.5877217501401901 0.6238796897232533 0.29846520721912384 0.6238796897232533
0.0 0.5896666496992111 0.5735955722630024 0.8847751170396805 0.5735955722630024 0.8847751170396805 0.6944249384105206 0.5896666496992111 0.6944249384105206
0.0 0.0 0.5084983706474304 0.2867995500564575 0.5084983706474304 0.2867995500564575 0.6238951086997986 0.0 0.6238951086997986
0.0 0.2769196778535843 0.5737460218369961 0.5483784526586533 0.5737460218369961 0.5483784526586533 0.688991729170084 0.2769196778535843 0.688991729170084
0.0 0.5718828588724136 0.6535645313560963 0.835894450545311 0.6535645313560963 0.835894450545311 0.7659972123801708 0.5718828588724136 0.7659972123801708
0.0 0.0 0.5764948464930058 0.23857638239860535 0.5764948464930058 0.23857638239860535 0.6819321773946285 0.0 0.6819321773946285
0.0 0.24354587495326996 0.6373879313468933 0.5222926288843155 0.6373879313468933 0.5222926288843155 0.7670111060142517 0.24354587495326996 0.7670111060142517
0.0 0.5407653450965881 0.7189837172627449 0.8037111163139343 0.7189837172627449 0.8037111163139343 0.8258910700678825 0.5407653450965881 0.8258910700678825
0.0 0.9039379432797432 0.7319622226059437 0.9999999925494194 0.7319622226059437 0.9999999925494194 0.8443949036300182 0.9039379432797432 0.8443949036300182
0.0 0.8825585655868053 0.7996805384755135 1.0000000186264515 0.7996805384755135 1.0000000186264515 0.9065878912806511 0.8825585655868053 0.9065878912806511
