0.0 0.0940140038728714 0.06085463613271713 0.37725724279880524 0.06085463613271713 0.37725724279880524 0.14132177084684372 0.0940140038728714 0.14132177084684372
0.0 0.4317604750394821 0.1057351753115654 0.7147256880998611 0.1057351753115654 0.7147256880998611 0.18848512321710587 0.4317604750394821 0.18848512321710587
0.0 0.7439265549182892 0.1308700516819954 0.9999999701976776 0.1308700516819954 0.9999999701976776 0.22697218507528305 0.7439265549182892 0.22697218507528305
0.0 0.09075364470481873 0.12880844995379448 0.37272968888282776 0.12880844995379448 0.37272968888282776 0.22128279879689217 0.09075364470481873 0.22128279879689217
0.0 0.41368627548217773 0.17204048857092857 0.7069973945617676 0.17204048857092857 0.7069973945617676 0.24673515930771828 0.41368627548217773 0.24673515930771828
0.0 0.7209896147251129 0.2090928964316845 0.9922313392162323 0.2090928964316845 0.9922313392162323 0.28237350657582283 0.7209896147251129 0.28237350657582283
0.0 0.0785895437002182 0.2011691778898239 0.4077562838792801 0.2011691778898239 0.4077562838792801 0.2858300060033798 0.0785895437002182 0.2858300060033798
0.0 0.39931052923202515 0.22957319393754005 0.7035433650016785 0.22957319393754005 0.7035433650016785 0.3171166144311428 0.39931052923202515 0.3171166144311428
0.0 0.7121231257915497 0.267253290861845 0.9810824692249298 0.267253290861845 0.9810824692249298 0.35126518085598946 0.7121231257915497 0.35126518085598946
0.0 0.05799338221549988 0.257805235683918 0.38506510853767395 0.257805235683918 0.38506510853767395 0.3468523547053337 0.05799338221549988 0.3468523547053337
0.0 0.38933828473091125 0.29781661555171013 0.7049259841442108 0.29781661555171013 0.7049259841442108 0.3930499739944935 0.38933828473091125 0.3930499739944935
0.0 0.7088243588805199 0.3317931704223156 0.9517761841416359 0.3317931704223156 0.9517761841416359 0.40988047793507576 0.7088243588805199 0.40988047793507576
0.0 0.03841863572597504 0.31726209074258804 0.33341144025325775 0.31726209074258804 0.33341144025325775 0.4181988462805748 0.03841863572597504 0.4181988462805748
0.0 0.37064965069293976 0.36293570697307587 0.7012907713651657 0.36293570697307587 0.7012907713651657 0.45471395552158356 0.37064965069293976 0.45471395552158356
0.0 0.7052537351846695 0.40253328904509544 0.9597155898809433 0.40253328904509544 0.9597155898809433 0.4854346551001072 0.7052537351846695 0.4854346551001072
0.0 0.02360975742340088 0.3983403146266937 0.3242731988430023 0.3983403146266937 0.3242731988430023 0.4831525385379791 0.02360975742340088 0.4831525385379791
0.0 0.3584272116422653 0.4277651607990265 0.7055961638689041 0.4277651607990265 0.7055961638689041 0.5232057869434357 0.3584272116422653 0.5232057869434357
0.0 0.6914017051458359 0.4708318002521992 0.9432771354913712 0.4708318002521992 0.9432771354913712 0.5557469837367535 0.6914017051458359 0.5557469837367535
0.0 0.019696548581123352 0.4676251672208309 0.3424616605043411 0.4676251672208309 0.3424616605043411 0.5503824688494205 0.019696548581123352 0.5503824688494205
0.0 0.3532853424549103 0.505353782325983 0.6451157629489899 0.505353782325983 0.6451157629489899 0.5874003432691097 0.3532853424549103 0.5874003432691097
0.0 0.6708638370037079 0.5379647314548492 0.9237606823444366 0.5379647314548492 0.9237606823444366 0.6096864640712738 0.6708638370037079 0.6096864640712738
0.0 0.004337862133979797 0.531089074909687 0.33008407056331635 0.531089074909687 0.33008407056331635 0.6246122047305107 0.004337862133979797 0.6246122047305107
0.0 0.33333584666252136 0.5715693719685078 0.6412349045276642 0.5715693719685078 0.6412349045276642 0.6514367572963238 0.33333584666252136 0.6514367572963238
0.0 0.6585508286952972 0.6046632528305054 0.9238500893115997 0.6046632528305054 0.9238500893115997 0.6818817853927612 0.6585508286952972 0.6818817853927612
0.0 0.0 0.5972496122121811 0.3124752640724182 0.5972496122121811 0.3124752640724182 0.6923726946115494 0.0 0.6923726946115494
0.0 0.317330464720726 0.6361299231648445 0.6416928321123123 0.6361299231648445 0.6416928321123123 0.7265977188944817 0.317330464720726 0.7265977188944817
0.0 0.6594419777393341 0.6663617007434368 0.9275995194911957 0.6663617007434368 0.9275995194911957 0.7537530548870564 0.6594419777393341 0.7537530548870564
0.0 0.0 0.6722378619015217 0.30739790201187134 0.6722378619015217 0.30739790201187134 0.7772580496966839 0.0 0.7772580496966839
0.0 0.308470219373703 0.7112563066184521 0.6548052132129669 0.7112563066184521 0.6548052132129669 0.8135453052818775 0.308470219373703 0.8135453052818775
0.0 0.6537502557039261 0.7417571097612381 0.8991595953702927 0.7417571097612381 0.8991595953702927 0.8317069262266159 0.6537502557039261 0.8317069262266159
