0.0 0.03388887643814087 0.1226525790989399 0.31166666746139526 0.1226525790989399 0.31166666746139526 0.1707746498286724 0.03388887643814087 0.1707746498286724
0.0 0.3789592981338501 0.1279342770576477 0.6559545993804932 0.1279342770576477 0.6559545993804932 0.17840376496315002 0.3789592981338501 0.17840376496315002
0.0 0.6966432332992554 0.11678403615951538 0.9814631938934326 0.11678403615951538 0.9814631938934326 0.17957746982574463 0.6966432332992554 0.17957746982574463
0.0 0.04719093441963196 0.18838027119636536 0.3210563361644745 0.18838027119636536 0.3210563361644745 0.2488262951374054 0.04719093441963196 0.2488262951374054
0.0 0.372699499130249 0.19424882531166077 0.6622143983840942 0.19424882531166077 0.6622143983840942 0.23532864451408386 0.372699499130249 0.23532864451408386
0.0 0.6856885552406311 0.19542253017425537 0.952511727809906 0.19542253017425537 0.952511727809906 0.23767605423927307 0.6856885552406311 0.23767605423927307
0.0 0.04719090461730957 0.25997650623321533 0.37191706895828247 0.25997650623321533 0.37191706895828247 0.30692487955093384 0.04719090461730957 0.30692487955093384
0.0 0.3726995587348938 0.2511737048625946 0.6708216071128845 0.2511737048625946 0.6708216071128845 0.3039906322956085 0.3726995587348938 0.3039906322956085
0.0 0.6911658644676208 0.2523474395275116 0.9532942175865173 0.2523474395275116 0.9532942175865173 0.30575117468833923 0.6911658644676208 0.30575117468833923
0.0 0.039366185665130615 0.31690141558647156 0.360962450504303 0.31690141558647156 0.360962450504303 0.3685446083545685 0.039366185665130615 0.3685446083545685
0.0 0.37817686796188354 0.31807512044906616 0.6864710450172424 0.31807512044906616 0.6864710450172424 0.3773474097251892 0.37817686796188354 0.3773474097251892
0.0 0.7005555629730225 0.31514084339141846 0.9368622303009033 0.31514084339141846 0.9368622303009033 0.3656103014945984 0.7005555629730225 0.3656103014945984
0.0 0.03545382618904114 0.3761737048625946 0.3210563361644745 0.3761737048625946 0.3210563361644745 0.44366195797920227 0.03545382618904114 0.44366195797920227
0.0 0.37191706895828247 0.3832159638404846 0.6966431736946106 0.3832159638404846 0.6966431736946106 0.43720656633377075 0.37191706895828247 0.43720656633377075
0.0 0.7122926712036133 0.3838028311729431 0.9595539569854736 0.3838028311729431 0.9595539569854736 0.43779343366622925 0.7122926712036133 0.43779343366622925
0.0 0.03388887643814087 0.4565727710723877 0.32888108491897583 0.4565727710723877 0.32888108491897583 0.5070422291755676 0.03388887643814087 0.5070422291755676
0.0 0.37348198890686035 0.4471830725669861 0.7146400213241577 0.4471830725669861 0.7146400213241577 0.5029342770576477 0.37348198890686035 0.5029342770576477
0.0 0.7130751013755798 0.4512910842895508 0.9572065472602844 0.4512910842895508 0.9572065472602844 0.5076290965080261 0.7130751013755798 0.5076290965080261
0.0 0.04327857494354248 0.5240610241889954 0.3617449402809143 0.5240610241889954 0.3617449402809143 0.5698357224464417 0.04327857494354248 0.5698357224464417
0.0 0.38287168741226196 0.5228873491287231 0.6692566275596619 0.5228873491287231 0.6692566275596619 0.5715962648391724 0.38287168741226196 0.5715962648391724
0.0 0.703685462474823 0.5187793374061584 0.9517292380332947 0.5187793374061584 0.9517292380332947 0.5616196990013123 0.703685462474823 0.5616196990013123
0.0 0.04327857494354248 0.5868544578552246 0.36252737045288086 0.5868544578552246 0.36252737045288086 0.6431925296783447 0.04327857494354248 0.6431925296783447
0.0 0.37582945823669434 0.5892018675804138 0.6794288158416748 0.5892018675804138 0.6794288158416748 0.6338028311729431 0.37582945823669434 0.6338028311729431
0.0 0.7060328722000122 0.5845070481300354 0.9658137559890747 0.5845070481300354 0.9658137559890747 0.6314553618431091 0.7060328722000122 0.6314553618431091
0.0 0.04093116521835327 0.6525821685791016 0.35861504077911377 0.6525821685791016 0.35861504077911377 0.7106807231903076 0.04093116521835327 0.7106807231903076
0.0 0.3750469535589218 0.6531690359115601 0.6935132890939713 0.6531690359115601 0.6935132890939713 0.7065727710723877 0.3750469535589218 0.7065727710723877
0.0 0.7216823101043701 0.6437793374061584 0.982245683670044 0.6437793374061584 0.982245683670044 0.7007042765617371 0.7216823101043701 0.7007042765617371
0.0 0.027629107236862183 0.7282863855361938 0.3695696294307709 0.7282863855361938 0.3695696294307709 0.7934272289276123 0.027629107236862183 0.7934272289276123
0.0 0.3836541175842285 0.7265258431434631 0.7224647998809814 0.7265258431434631 0.7224647998809814 0.7893192172050476 0.3836541175842285 0.7893192172050476
0.0 0.7326369285583496 0.7171361446380615 0.96894371509552 0.7171361446380615 0.96894371509552 0.779342770576477 0.7326369285583496 0.779342770576477
