0.0 0.0 0.8742286488413811 0.11509011685848236 0.8742286488413811 0.11509011685848236 0.9867551997303963 0.0 0.9867551997303963
0.0 0.0 0.9493434671312571 0.16353966295719147 0.9493434671312571 0.16353966295719147 0.9999999757856131 0.0 0.9999999757856131
0.0 0.0 0.2056380957365036 0.225775808095932 0.2056380957365036 0.225775808095932 0.3211813122034073 0.0 0.3211813122034073
0.0 0.27132226526737213 0.14114180952310562 0.5928004831075668 0.14114180952310562 0.5928004831075668 0.2610505148768425 0.27132226526737213 0.2610505148768425
0.0 0.610667884349823 0.05865522474050522 0.9464669823646545 0.05865522474050522 0.9464669823646545 0.19775424152612686 0.610667884349823 0.19775424152612686
0.0 0.0 0.2847587615251541 0.27090734243392944 0.2847587615251541 0.27090734243392944 0.41196976602077484 0.0 0.41196976602077484
0.0 0.29489393532276154 0.22284035384655 0.6220405548810959 0.22284035384655 0.6220405548810959 0.33150614798069 0.29489393532276154 0.33150614798069
0.0 0.6306089609861374 0.16475648060441017 0.9343124181032181 0.16475648060441017 0.9343124181032181 0.27161427959799767 0.6306089609861374 0.27161427959799767
0.0 0.0 0.3610479608178139 0.3493911623954773 0.3610479608178139 0.3493911623954773 0.4798938259482384 0.0 0.4798938259482384
0.0 0.32040977478027344 0.29087190330028534 0.6576710939407349 0.29087190330028534 0.6576710939407349 0.4132910519838333 0.32040977478027344 0.4132910519838333
0.0 0.6590002626180649 0.2353016883134842 0.9591020494699478 0.2353016883134842 0.9591020494699478 0.3527621477842331 0.6590002626180649 0.3527621477842331
0.0 0.0031941235065460205 0.4305228739976883 0.3644142746925354 0.4305228739976883 0.3644142746925354 0.552072212100029 0.0031941235065460205 0.552072212100029
0.0 0.35552161931991577 0.36815235763788223 0.7020907998085022 0.36815235763788223 0.7020907998085022 0.49760647863149643 0.35552161931991577 0.49760647863149643
0.0 0.6928757429122925 0.3150557354092598 0.9617148637771606 0.3150557354092598 0.9617148637771606 0.42173122614622116 0.6928757429122925 0.42173122614622116
0.0 0.028545156121253967 0.5068978890776634 0.35534434020519257 0.5068978890776634 0.35534434020519257 0.6371060982346535 0.028545156121253967 0.6371060982346535
0.0 0.37696173787117004 0.442834947258234 0.7349713742733002 0.442834947258234 0.7349713742733002 0.5669524930417538 0.37696173787117004 0.5669524930417538
0.0 0.7304705083370209 0.3923807069659233 1.0000000298023224 0.3923807069659233 1.0000000298023224 0.5031014159321785 0.7304705083370209 0.5031014159321785
0.0 0.06496754288673401 0.5965242348611355 0.38953259587287903 0.5965242348611355 0.38953259587287903 0.7068890370428562 0.06496754288673401 0.7068890370428562
0.0 0.40548786520957947 0.5131416767835617 0.7774482071399689 0.5131416767835617 0.7774482071399689 0.6400217562913895 0.40548786520957947 0.6400217562913895
0.0 0.7556511014699936 0.47151240706443787 1.0000000149011612 0.47151240706443787 1.0000000149011612 0.5820581018924713 0.7556511014699936 0.5820581018924713
0.0 0.10530875623226166 0.6651745811104774 0.4476417452096939 0.6651745811104774 0.4476417452096939 0.7727307304739952 0.10530875623226166 0.7727307304739952
0.0 0.4465857893228531 0.6070076301693916 0.7554446309804916 0.6070076301693916 0.7554446309804916 0.7133197709918022 0.4465857893228531 0.7133197709918022
0.0 0.7702713012695312 0.549558263272047 1.0 0.549558263272047 1.0 0.6437136121094227 0.7702713012695312 0.6437136121094227
0.0 0.13375701010227203 0.7331742905080318 0.47719238698482513 0.7331742905080318 0.47719238698482513 0.8500416614115238 0.13375701010227203 0.8500416614115238
0.0 0.4660988599061966 0.6781474128365517 0.7875611037015915 0.6781474128365517 0.7875611037015915 0.7811831459403038 0.4660988599061966 0.7811831459403038
0.0 0.7954520955681801 0.6205296479165554 1.0000000223517418 0.6205296479165554 1.0000000223517418 0.7193214930593967 0.7954520955681801 0.7193214930593967
0.0 0.160671204328537 0.8038031496107578 0.4993003308773041 0.8038031496107578 0.4993003308773041 0.9200265966355801 0.160671204328537 0.9200265966355801
0.0 0.49052371084690094 0.7446032837033272 0.8268112987279892 0.7446032837033272 0.8268112987279892 0.8576378747820854 0.49052371084690094 0.8576378747820854
0.0 0.8309536948800087 0.6827382072806358 1.0000000223517418 0.6827382072806358 1.0000000223517418 0.790341354906559 0.8309536948800087 0.790341354906559
0.0 0.18041199445724487 0.8806758038699627 0.5409520864486694 0.8806758038699627 0.5409520864486694 0.9999999888241291 0.18041199445724487 0.9999999888241291
0.0 0.5272891372442245 0.8169877082109451 0.8832764774560928 0.8169877082109451 0.8832764774560928 0.9408973902463913 0.5272891372442245 0.9408973902463913
0.0 0.8658599853515625 0.7639991044998169 1.0 0.7639991044998169 1.0 0.870392918586731 0.8658599853515625 0.870392918586731
0.0 0.9591022729873657 0.0 1.0 0.0 1.0 0.1312854290008545 0.9591022729873657 0.1312854290008545
