0.0 0.0 0.17464984953403473 0.23566250503063202 0.17464984953403473 0.23566250503063202 0.2528129369020462 0.0 0.2528129369020462
0.0 0.2923179864883423 0.14211532846093178 0.568843424320221 0.14211532846093178 0.568843424320221 0.22325339540839195 0.2923179864883423 0.22325339540839195
0.0 0.5963675528764725 0.09480955079197884 0.8854382485151291 0.09480955079197884 0.8854382485151291 0.18970651552081108 0.5963675528764725 0.18970651552081108
0.0 0.0 0.23937270790338516 0.2588950991630554 0.23937270790338516 0.2588950991630554 0.32956065982580185 0.0 0.32956065982580185
0.0 0.29842060804367065 0.20805998146533966 0.5855782628059387 0.20805998146533966 0.5855782628059387 0.28097929060459137 0.29842060804367065 0.28097929060459137
0.0 0.6005190312862396 0.17731664702296257 0.8683277666568756 0.17731664702296257 0.8683277666568756 0.2493165023624897 0.6005190312862396 0.2493165023624897
0.0 0.0 0.3056750260293484 0.31845933198928833 0.3056750260293484 0.31845933198928833 0.38771891966462135 0.0 0.38771891966462135
0.0 0.30883370339870453 0.26438479870557785 0.6068231612443924 0.26438479870557785 0.6068231612443924 0.34993327409029007 0.30883370339870453 0.34993327409029007
0.0 0.616518035531044 0.23468193784356117 0.882174476981163 0.23468193784356117 0.882174476981163 0.3173313997685909 0.616518035531044 0.3173313997685909
0.0 0.0013204365968704224 0.3640413023531437 0.319216325879097 0.3640413023531437 0.319216325879097 0.4503075145184994 0.0013204365968704224 0.4503075145184994
0.0 0.32636409997940063 0.33012180402874947 0.6358410120010376 0.33012180402874947 0.6358410120010376 0.42314643785357475 0.32636409997940063 0.42314643785357475
0.0 0.6374590694904327 0.29997480660676956 0.8776101768016815 0.29997480660676956 0.8776101768016815 0.3767368718981743 0.6374590694904327 0.3767368718981743
0.0 0.008160054683685303 0.42792054638266563 0.2945330739021301 0.42792054638266563 0.2945330739021301 0.5261435844004154 0.008160054683685303 0.5261435844004154
0.0 0.33229224383831024 0.3948276937007904 0.6570485383272171 0.3948276937007904 0.6570485383272171 0.4841283857822418 0.33229224383831024 0.4841283857822418
0.0 0.6618083268404007 0.3670567236840725 0.9137440174818039 0.3670567236840725 0.9137440174818039 0.4484831131994724 0.6618083268404007 0.4484831131994724
0.0 0.021063774824142456 0.508124578744173 0.31371766328811646 0.508124578744173 0.31371766328811646 0.5900369994342327 0.021063774824142456 0.5900369994342327
0.0 0.34555965662002563 0.4576300345361233 0.6870329976081848 0.4576300345361233 0.6870329976081848 0.5503099001944065 0.34555965662002563 0.5503099001944065
0.0 0.6753361895680428 0.4358033314347267 0.9249444529414177 0.4358033314347267 0.9249444529414177 0.5191691145300865 0.6753361895680428 0.5191691145300865
0.0 0.04216526448726654 0.5728219076991081 0.35703344643116 0.5728219076991081 0.35703344643116 0.6523208096623421 0.04216526448726654 0.6523208096623421
0.0 0.3685937076807022 0.5392059572041035 0.655792698264122 0.5392059572041035 0.655792698264122 0.6187570802867413 0.3685937076807022 0.6187570802867413
0.0 0.6789779365062714 0.5050196796655655 0.9300301373004913 0.5050196796655655 0.9300301373004913 0.5749523490667343 0.6789779365062714 0.5749523490667343
0.0 0.05344964563846588 0.6362719237804413 0.371348038315773 0.6362719237804413 0.371348038315773 0.726367861032486 0.05344964563846588 0.726367861032486
0.0 0.374031662940979 0.6054742373526096 0.6775158643722534 0.6054742373526096 0.6775158643722534 0.6825092993676662 0.374031662940979 0.6825092993676662
0.0 0.6937260627746582 0.5704686902463436 0.9574198722839355 0.5704686902463436 0.9574198722839355 0.6457072235643864 0.6937260627746582 0.6457072235643864
0.0 0.06303085386753082 0.703299917280674 0.3800538629293442 0.703299917280674 0.3800538629293442 0.7948544844985008 0.06303085386753082 0.7948544844985008
0.0 0.3851015716791153 0.6690720655024052 0.7051133960485458 0.6690720655024052 0.7051133960485458 0.7564454935491085 0.3851015716791153 0.7564454935491085
0.0 0.720262736082077 0.6292146220803261 0.9870567619800568 0.6292146220803261 0.9870567619800568 0.7146197780966759 0.720262736082077 0.7146197780966759
0.0 0.0638967752456665 0.7790525257587433 0.4060393273830414 0.7790525257587433 0.4060393273830414 0.8802207410335541 0.0638967752456665 0.8802207410335541
0.0 0.4070265144109726 0.7408457063138485 0.7492394596338272 0.7408457063138485 0.7492394596338272 0.8397191502153873 0.4070265144109726 0.8397191502153873
0.0 0.7449713721871376 0.7056056037545204 0.989273689687252 0.7056056037545204 0.989273689687252 0.7937631830573082 0.7449713721871376 0.7937631830573082
0.0 0.9090257845818996 0.060767803341150284 1.0000000037252903 0.060767803341150284 1.0000000037252903 0.15421825274825096 0.9090257845818996 0.15421825274825096
