0.0 0.0 0.11406398192048073 0.2800831198692322 0.11406398192048073 0.2800831198692322 0.18980827555060387 0.0 0.18980827555060387
0.0 0.35172125697135925 0.09174422547221184 0.6590880453586578 0.09174422547221184 0.6590880453586578 0.17220057919621468 0.35172125697135925 0.17220057919621468
0.0 0.7048713117837906 0.05040586739778519 0.9999999850988388 0.05040586739778519 0.9999999850988388 0.14853214472532272 0.7048713117837906 0.14853214472532272
0.0 0.000998184084892273 0.18792414292693138 0.2926579862833023 0.18792414292693138 0.2926579862833023 0.2749417759478092 0.000998184084892273 0.2749417759478092
0.0 0.3466794788837433 0.1682536043226719 0.6660170257091522 0.1682536043226719 0.6660170257091522 0.23694461211562157 0.3466794788837433 0.23694461211562157
0.0 0.692233145236969 0.14633836597204208 0.9983730912208557 0.14633836597204208 0.9983730912208557 0.21642688661813736 0.692233145236969 0.21642688661813736
0.0 0.005032449960708618 0.264620840549469 0.3488152325153351 0.264620840549469 0.3488152325153351 0.33828651905059814 0.005032449960708618 0.33828651905059814
0.0 0.3481898009777069 0.23299887403845787 0.6755199730396271 0.23299887403845787 0.6755199730396271 0.3135860301554203 0.3481898009777069 0.3135860301554203
0.0 0.6980363726615906 0.21301109343767166 0.9973943829536438 0.21301109343767166 0.9973943829536438 0.2936641499400139 0.6980363726615906 0.2936641499400139
0.0 0.00015766918659210205 0.32867198064923286 0.33874915540218353 0.32867198064923286 0.33874915540218353 0.4052409641444683 0.00015766918659210205 0.4052409641444683
0.0 0.35581372678279877 0.3079431802034378 0.6927405744791031 0.3079431802034378 0.6927405744791031 0.3940965384244919 0.35581372678279877 0.3940965384244919
0.0 0.7081655412912369 0.286989264190197 0.9763941615819931 0.286989264190197 0.9763941615819931 0.36053717881441116 0.7081655412912369 0.36053717881441116
0.0 0.0 0.3963457830250263 0.2986487150192261 0.3963457830250263 0.2986487150192261 0.4855033867061138 0.0 0.4855033867061138
0.0 0.35080116987228394 0.38051098585128784 0.7037199139595032 0.38051098585128784 0.7037199139595032 0.4596793055534363 0.35080116987228394 0.4596793055534363
0.0 0.7207088321447372 0.3640393763780594 1.0000000149011612 0.3640393763780594 1.0000000149011612 0.4402991384267807 0.7207088321447372 0.4402991384267807
0.0 0.0023380666971206665 0.4830373153090477 0.30874936282634735 0.4830373153090477 0.30874936282634735 0.5523019209504128 0.0023380666971206665 0.5523019209504128
0.0 0.3541030138731003 0.4505584388971329 0.7232368737459183 0.4505584388971329 0.7232368737459183 0.5303940623998642 0.3541030138731003 0.5303940623998642
0.0 0.7210788130760193 0.44055118039250374 0.9953950047492981 0.44055118039250374 0.9953950047492981 0.5171773843467236 0.7210788130760193 0.5171773843467236
0.0 0.015528887510299683 0.5535829663276672 0.3448955714702606 0.5535829663276672 0.3448955714702606 0.6172493100166321 0.015528887510299683 0.6172493100166321
0.0 0.3659007102251053 0.5362052321434021 0.6730083674192429 0.5362052321434021 0.6730083674192429 0.6030406355857849 0.3659007102251053 0.6030406355857849
0.0 0.7104358077049255 0.5162760280072689 0.9870291352272034 0.5162760280072689 0.9870291352272034 0.5764703489840031 0.7104358077049255 0.5764703489840031
0.0 0.018889665603637695 0.6201338581740856 0.3475995659828186 0.6201338581740856 0.3475995659828186 0.692792434245348 0.018889665603637695 0.692792434245348
0.0 0.36012493073940277 0.6074645407497883 0.6838736683130264 0.6074645407497883 0.6838736683130264 0.6688643805682659 0.36012493073940277 0.6688643805682659
0.0 0.712564006447792 0.5881014913320541 0.9999999850988388 0.5881014913320541 0.9999999850988388 0.6515573412179947 0.712564006447792 0.6515573412179947
0.0 0.020021796226501465 0.689227856695652 0.3452678620815277 0.689227856695652 0.3452678620815277 0.7615525349974632 0.020021796226501465 0.7615525349974632
0.0 0.36087432503700256 0.6753066517412663 0.6988693177700043 0.6753066517412663 0.6988693177700043 0.7446079514920712 0.36087432503700256 0.7446079514920712
0.0 0.729044571518898 0.6520796716213226 0.9999999850988388 0.6520796716213226 0.9999999850988388 0.72457554936409 0.729044571518898 0.72457554936409
0.0 0.010788559913635254 0.767220813781023 0.3586215674877167 0.767220813781023 0.3586215674877167 0.8451044969260693 0.010788559913635254 0.8451044969260693
0.0 0.37155885994434357 0.751810222864151 0.7296922653913498 0.751810222864151 0.7296922653913498 0.8292605578899384 0.37155885994434357 0.8292605578899384
0.0 0.7402215301990509 0.731894239783287 0.9999999701976776 0.731894239783287 0.9999999701976776 0.8068351894617081 0.7402215301990509 0.8068351894617081
