0.0 0.0025930404663085938 0.08470449596643448 0.3110133409500122 0.08470449596643448 0.3110133409500122 0.1425013467669487 0.0025930404663085938 0.1425013467669487
0.0 0.3861146420240402 0.08821883238852024 0.7001553326845169 0.08821883238852024 0.7001553326845169 0.1493146326392889 0.3861146420240402 0.1493146326392889
0.0 0.7462639808654785 0.07239660248160362 1.0 0.07239660248160362 1.0 0.14881421998143196 0.7462639808654785 0.14881421998143196
0.0 0.01692137122154236 0.16128575801849365 0.3211473822593689 0.16128575801849365 0.3211473822593689 0.2326584756374359 0.01692137122154236 0.2326584756374359
0.0 0.3787442147731781 0.16629897989332676 0.7067842781543732 0.16629897989332676 0.7067842781543732 0.21580488048493862 0.3787442147731781 0.21580488048493862
0.0 0.7332645356655121 0.16610796004533768 1.0000000298023224 0.16610796004533768 1.0000000298023224 0.21734117716550827 0.7332645356655121 0.21734117716550827
0.0 0.016688674688339233 0.24456817097961903 0.37771815061569214 0.24456817097961903 0.37771815061569214 0.29977834038436413 0.016688674688339233 0.29977834038436413
0.0 0.3783316910266876 0.23329075798392296 0.716166228055954 0.23329075798392296 0.716166228055954 0.2959055043756962 0.3783316910266876 0.2959055043756962
0.0 0.738980770111084 0.23371617123484612 1.0 0.23371617123484612 1.0 0.2974955625832081 0.738980770111084 0.2974955625832081
0.0 0.007837533950805664 0.31097282841801643 0.3650935888290405 0.31097282841801643 0.3650935888290405 0.37115059420466423 0.007837533950805664 0.37115059420466423
0.0 0.3840339332818985 0.312008585780859 0.7335150092840195 0.312008585780859 0.7335150092840195 0.3817487098276615 0.3840339332818985 0.3817487098276615
0.0 0.7492346465587616 0.30826860293745995 1.0000000298023224 0.30826860293745995 1.0000000298023224 0.3681067265570164 0.7492346465587616 0.3681067265570164
0.0 0.003241628408432007 0.379713486880064 0.3200798034667969 0.379713486880064 0.3200798034667969 0.4584883935749531 0.003241628408432007 0.4584883935749531
0.0 0.37665504217147827 0.3882541209459305 0.744618833065033 0.3882541209459305 0.744618833065033 0.45216570794582367 0.37665504217147827 0.45216570794582367
0.0 0.7620721161365509 0.38937489688396454 0.9999999701976776 0.38937489688396454 0.9999999701976776 0.45370514690876007 0.7620721161365509 0.45370514690876007
0.0 0.0012740790843963623 0.4724204055964947 0.3283684253692627 0.4724204055964947 0.3283684253692627 0.5321925170719624 0.0012740790843963623 0.5321925170719624
0.0 0.37801477313041687 0.46276360005140305 0.7646807730197906 0.46276360005140305 0.7646807730197906 0.5295204594731331 0.37801477313041687 0.5295204594731331
0.0 0.7623967230319977 0.46878569945693016 0.9999999701976776 0.46878569945693016 0.9999999701976776 0.5364268459379673 0.7623967230319977 0.5364268459379673
0.0 0.011339470744132996 0.5502360239624977 0.3647422045469284 0.5502360239624977 0.3647422045469284 0.6053917035460472 0.011339470744132996 0.6053917035460472
0.0 0.38812369108200073 0.5509326811879873 0.7122345566749573 0.5509326811879873 0.7122345566749573 0.6098495367914438 0.38812369108200073 0.6098495367914438
0.0 0.7512248978018761 0.5480798408389091 0.9999999776482582 0.5480798408389091 0.9999999776482582 0.6002998426556587 0.7512248978018761 0.6002998426556587
0.0 0.011048421263694763 0.6225553378462791 0.36524610221385956 0.6225553378462791 0.36524610221385956 0.6906372681260109 0.011048421263694763 0.6906372681260109
0.0 0.3798591047525406 0.6280189231038094 0.7233120054006577 0.6280189231038094 0.7233120054006577 0.6829032227396965 0.3798591047525406 0.6829032227396965
0.0 0.7533406317234039 0.6253024451434612 0.9999999701976776 0.6253024451434612 0.9999999701976776 0.6830460913479328 0.7533406317234039 0.6830460913479328
0.0 0.008204549551010132 0.6981774158775806 0.3604798913002014 0.6981774158775806 0.3604798913002014 0.7689485959708691 0.008204549551010132 0.7689485959708691
0.0 0.3785463720560074 0.7023572027683258 0.7388713210821152 0.7023572027683258 0.7388713210821152 0.7683833539485931 0.3785463720560074 0.7683833539485931
0.0 0.7706562578678131 0.6950442306697369 0.9999999701976776 0.6950442306697369 0.9999999701976776 0.7651350982487202 0.7706562578678131 0.7651350982487202
0.0 0.0 0.7850619405508041 0.37228670716285706 0.7850619405508041 0.37228670716285706 0.8651050478219986 0.0 0.8651050478219986
0.0 0.38768334686756134 0.7876644730567932 0.771338626742363 0.7876644730567932 0.771338626742363 0.8657894730567932 0.38768334686756134 0.8657894730567932
0.0 0.7825295701622963 0.7812764123082161 1.0000000223517418 0.7812764123082161 1.0000000223517418 0.8578825518488884 0.7825295701622963 0.8578825518488884
