0.0 0.0 0.0 0.1513092815876007 0.0 0.1513092815876007 0.07755795121192932 0.0 0.07755795121192932
0.0 0.0 0.0386730432510376 0.11795846372842789 0.0386730432510376 0.11795846372842789 0.14637255668640137 0.0 0.14637255668640137
0.0 0.0 0.09452025964856148 0.09500982612371445 0.09452025964856148 0.09500982612371445 0.19923512265086174 0.0 0.19923512265086174
0.0 0.0 0.1484479382634163 0.08429570496082306 0.1484479382634163 0.08429570496082306 0.2567334398627281 0.0 0.2567334398627281
0.0 0.19856002926826477 0.04635677486658096 0.47973331809043884 0.04635677486658096 0.47973331809043884 0.14577627927064896 0.19856002926826477 0.14577627927064896
0.0 0.5253586620092392 0.11916830390691757 0.8132761865854263 0.11916830390691757 0.8132761865854263 0.2225865200161934 0.5253586620092392 0.2225865200161934
0.0 0.8353574424982071 0.17272867262363434 0.9999999850988388 0.17272867262363434 0.9999999850988388 0.29000015556812286 0.8353574424982071 0.29000015556812286
0.0 0.18578164279460907 0.10929219052195549 0.46685637533664703 0.10929219052195549 0.46685637533664703 0.21983854845166206 0.18578164279460907 0.21983854845166206
0.0 0.5002283751964569 0.1794324442744255 0.796317845582962 0.1794324442744255 0.796317845582962 0.27696872502565384 0.5002283751964569 0.27696872502565384
0.0 0.8042641803622246 0.24417823553085327 1.0000000074505806 0.24417823553085327 1.0000000074505806 0.33931487798690796 0.8042641803622246 0.33931487798690796
0.0 0.16724415123462677 0.17483067885041237 0.491696760058403 0.17483067885041237 0.491696760058403 0.2836262844502926 0.16724415123462677 0.2836262844502926
0.0 0.47717295587062836 0.23196155205368996 0.7849935442209244 0.23196155205368996 0.7849935442209244 0.3426833711564541 0.47717295587062836 0.3426833711564541
0.0 0.7859517112374306 0.29831211268901825 1.0000000223517418 0.29831211268901825 1.0000000223517418 0.40369994938373566 0.7859517112374306 0.40369994938373566
0.0 0.14013095200061798 0.22512676939368248 0.4622228592634201 0.22512676939368248 0.4622228592634201 0.3379853703081608 0.14013095200061798 0.3379853703081608
0.0 0.45792050659656525 0.2946009524166584 0.7771469801664352 0.2946009524166584 0.7771469801664352 0.4139723889529705 0.45792050659656525 0.4139723889529705
0.0 0.7743966355919838 0.3586072288453579 1.0000000223517418 0.3586072288453579 1.0000000223517418 0.45627427473664284 0.7743966355919838 0.45627427473664284
0.0 0.11235569417476654 0.2780749946832657 0.40457893908023834 0.2780749946832657 0.40457893908023834 0.39848898351192474 0.11235569417476654 0.39848898351192474
0.0 0.43208178877830505 0.35304100066423416 0.7645662128925323 0.35304100066423416 0.7645662128925323 0.4713404104113579 0.43208178877830505 0.4713404104113579
0.0 0.7609081119298935 0.4245858006179333 1.0000000149011612 0.4245858006179333 1.0000000149011612 0.5283412523567677 0.7609081119298935 0.5283412523567677
0.0 0.0909896194934845 0.3505253531038761 0.38541892170906067 0.3505253531038761 0.38541892170906067 0.4576488398015499 0.0909896194934845 0.4576488398015499
0.0 0.41181840002536774 0.411741029471159 0.7600751966238022 0.411741029471159 0.7600751966238022 0.5356601364910603 0.41181840002536774 0.5356601364910603
0.0 0.737585112452507 0.48693159222602844 0.9978634864091873 0.48693159222602844 0.9978634864091873 0.5925496518611908 0.737585112452507 0.5925496518611908
0.0 0.0799119770526886 0.41322068125009537 0.3943997323513031 0.41322068125009537 0.3943997323513031 0.5214396342635155 0.0799119770526886 0.5214396342635155
0.0 0.39816252887248993 0.4825764149427414 0.6899143010377884 0.4825764149427414 0.6899143010377884 0.5886987000703812 0.39816252887248993 0.5886987000703812
0.0 0.7099234610795975 0.546975564211607 0.9684668034315109 0.546975564211607 0.9684668034315109 0.6410332210361958 0.7099234610795975 0.6410332210361958
0.0 0.05666780471801758 0.46945417299866676 0.374612420797348 0.46945417299866676 0.374612420797348 0.587961670011282 0.05666780471801758 0.587961670011282
0.0 0.3710825592279434 0.5411613285541534 0.6771546453237534 0.5411613285541534 0.6771546453237534 0.6475633084774017 0.3710825592279434 0.6475633084774017
0.0 0.6883188039064407 0.6075184717774391 0.9591826647520065 0.6075184717774391 0.9591826647520065 0.7083866223692894 0.6883188039064407 0.7083866223692894
0.0 0.033301979303359985 0.527662105858326 0.34944966435432434 0.527662105858326 0.34944966435432434 0.6478483006358147 0.033301979303359985 0.6478483006358147
0.0 0.34648510813713074 0.5985905043780804 0.669046550989151 0.5985905043780804 0.669046550989151 0.7168180830776691 0.34648510813713074 0.7168180830776691
0.0 0.6798555701971054 0.6647955141961575 0.9545178562402725 0.6647955141961575 0.9545178562402725 0.7755874432623386 0.6798555701971054 0.7755874432623386
0.0 0.0 0.5921383276581764 0.3351871073246002 0.5921383276581764 0.3351871073246002 0.7243939265608788 0.0 0.7243939265608788
0.0 0.32758475840091705 0.6662076562643051 0.6721265763044357 0.6662076562643051 0.6721265763044357 0.798166885972023 0.32758475840091705 0.798166885972023
0.0 0.6637040376663208 0.7336909472942352 0.9155890941619873 0.7336909472942352 0.9155890941619873 0.8443624079227448 0.6637040376663208 0.8443624079227448
0.0 0.954737164080143 0.8001007065176964 1.0000000223517418 0.8001007065176964 1.0000000223517418 0.9062114730477333 0.954737164080143 0.9062114730477333
