0.0 0.0 0.7306517474353313 0.09124025702476501 0.7306517474353313 0.09124025702476501 0.8434522040188313 0.0 0.8434522040188313
0.0 0.0 0.8020374551415443 0.13196323812007904 0.8020374551415443 0.13196323812007904 0.9259892925620079 0.0 0.9259892925620079
0.0 0.0 0.1520892232656479 0.20759977400302887 0.1520892232656479 0.20759977400302887 0.248111292719841 0.0 0.248111292719841
0.0 0.25101853907108307 0.09631673619151115 0.5096611827611923 0.09631673619151115 0.5096611827611923 0.1944868452847004 0.25101853907108307 0.1944868452847004
0.0 0.523329570889473 0.027861572802066803 0.7931185215711594 0.027861572802066803 0.7931185215711594 0.13942021876573563 0.523329570889473 0.13942021876573563
0.0 0.0 0.21444955095648766 0.2432665228843689 0.21444955095648766 0.2432665228843689 0.3217834569513798 0.0 0.3217834569513798
0.0 0.2689417451620102 0.15980250388383865 0.5351622253656387 0.15980250388383865 0.5351622253656387 0.25104182213544846 0.2689417451620102 0.25104182213544846
0.0 0.5415128469467163 0.10958156734704971 0.7884154319763184 0.10958156734704971 0.7884154319763184 0.1979491338133812 0.5415128469467163 0.1979491338133812
0.0 0.009057551622390747 0.2751883901655674 0.3079635500907898 0.2751883901655674 0.3079635500907898 0.378374096006155 0.009057551622390747 0.378374096006155
0.0 0.28899966180324554 0.2137269638478756 0.5668400675058365 0.2137269638478756 0.5668400675058365 0.3179216720163822 0.28899966180324554 0.3179216720163822
0.0 0.5663334503769875 0.16489052027463913 0.8130825385451317 0.16489052027463913 0.8130825385451317 0.2632882073521614 0.5663334503769875 0.2632882073521614
0.0 0.022311493754386902 0.3325740583240986 0.32015015184879303 0.3325740583240986 0.32015015184879303 0.4397789351642132 0.022311493754386902 0.4397789351642132
0.0 0.3173355758190155 0.27612295374274254 0.6062956750392914 0.27612295374274254 0.6062956750392914 0.38840529695153236 0.3173355758190155 0.38840529695153236
0.0 0.5966238752007484 0.2289615161716938 0.8198859915137291 0.2289615161716938 0.8198859915137291 0.3199322931468487 0.5966238752007484 0.3199322931468487
0.0 0.03979450464248657 0.39736878499388695 0.311918169260025 0.39736878499388695 0.311918169260025 0.5136388577520847 0.03979450464248657 0.5136388577520847
0.0 0.3348452299833298 0.33777325600385666 0.6362325698137283 0.33777325600385666 0.6362325698137283 0.44781840592622757 0.3348452299833298 0.44781840592622757
0.0 0.6310232952237129 0.29182637110352516 0.865051619708538 0.29182637110352516 0.865051619708538 0.3881651721894741 0.6310232952237129 0.3881651721894741
0.0 0.06676286458969116 0.47429655864834785 0.3410545885562897 0.47429655864834785 0.3410545885562897 0.575650941580534 0.06676286458969116 0.575650941580534
0.0 0.3587452322244644 0.39689577370882034 0.6750411838293076 0.39689577370882034 0.6750411838293076 0.5115632340312004 0.3587452322244644 0.5115632340312004
0.0 0.6554835736751556 0.35797829180955887 0.8876174986362457 0.35797829180955887 0.8876174986362457 0.4560497924685478 0.6554835736751556 0.4560497924685478
0.0 0.09870752692222595 0.5342183448374271 0.3917568325996399 0.5342183448374271 0.3917568325996399 0.6351532600820065 0.09870752692222595 0.6351532600820065
0.0 0.39358489215373993 0.47866513207554817 0.6597718745470047 0.47866513207554817 0.6597718745470047 0.5767817310988903 0.39358489215373993 0.5767817310988903
0.0 0.6710988357663155 0.4246840141713619 0.9018787071108818 0.4246840141713619 0.9018787071108818 0.5103004314005375 0.6710988357663155 0.5103004314005375
0.0 0.12083321809768677 0.5952435247600079 0.41828495264053345 0.5952435247600079 0.41828495264053345 0.7066060788929462 0.12083321809768677 0.7066060788929462
0.0 0.41082772612571716 0.5414585694670677 0.6905359327793121 0.5414585694670677 0.6905359327793121 0.6386196985840797 0.41082772612571716 0.6386196985840797
0.0 0.696299634873867 0.48621368780732155 0.9387328997254372 0.48621368780732155 0.9387328997254372 0.5779081545770168 0.696299634873867 0.5779081545770168
0.0 0.14195163547992706 0.659957479685545 0.43866293132305145 0.659957479685545 0.43866293132305145 0.7727579362690449 0.14195163547992706 0.7727579362690449
0.0 0.43268655240535736 0.6012733988463879 0.7284239679574966 0.6012733988463879 0.7284239679574966 0.7096393294632435 0.43268655240535736 0.7096393294632435
0.0 0.7307924628257751 0.5410401746630669 0.9774214625358582 0.5410401746630669 0.9774214625358582 0.642590768635273 0.7307924628257751 0.642590768635273
0.0 0.15705983340740204 0.7317585125565529 0.47734470665454865 0.7317585125565529 0.47734470665454865 0.8557103499770164 0.15705983340740204 0.8557103499770164
0.0 0.4660186320543289 0.6676036678254604 0.7827548235654831 0.6676036678254604 0.7827548235654831 0.7887151874601841 0.4660186320543289 0.7887151874601841
0.0 0.7661657482385635 0.6148465685546398 0.993563637137413 0.6148465685546398 0.993563637137413 0.7172498889267445 0.7661657482385635 0.7172498889267445
0.0 0.8032299429178238 0.0 0.9999999850988388 0.0 0.9999999850988388 0.0824655145406723 0.8032299429178238 0.0824655145406723
0.0 0.8561133071780205 0.045566000044345856 1.0000000074505806 0.045566000044345856 1.0000000074505806 0.13393356651067734 0.8561133071780205 0.13393356651067734
0.0 0.8754907771945 0.10198255628347397 1.0000000074505806 0.10198255628347397 1.0000000074505806 0.20038024336099625 0.8754907771945 0.20038024336099625
0.0 0.9119047895073891 0.1648075170814991 1.0000000223517418 0.1648075170814991 1.0000000223517418 0.255778294056654 0.9119047895073891 0.255778294056654
0.0 0.9163668304681778 0.23376408591866493 0.9999999850988388 0.23376408591866493 0.9999999850988388 0.3301028870046139 0.9163668304681778 0.3301028870046139
