0.0 0.0 0.15551291033625603 0.25940319895744324 0.15551291033625603 0.25940319895744324 0.2359331138432026 0.0 0.2359331138432026
0.0 0.32143445312976837 0.12232548743486404 0.6210262626409531 0.12232548743486404 0.6210262626409531 0.2050618752837181 0.32143445312976837 0.2050618752837181
0.0 0.6515648812055588 0.07441594824194908 0.9617460519075394 0.07441594824194908 0.9617460519075394 0.17065002396702766 0.6515648812055588 0.17065002396702766
0.0 0.0 0.22176963463425636 0.2844538986682892 0.22176963463425636 0.2844538986682892 0.3143717609345913 0.0 0.3143717609345913
0.0 0.32782532274723053 0.18953405693173409 0.6386809200048447 0.18953405693173409 0.6386809200048447 0.26405833289027214 0.32782532274723053 0.26405833289027214
0.0 0.6554493606090546 0.15819237753748894 0.9427978098392487 0.15819237753748894 0.9427978098392487 0.23137475922703743 0.6554493606090546 0.23137475922703743
0.0 0.00015878677368164062 0.2893870323896408 0.348991334438324 0.2893870323896408 0.348991334438324 0.3738684207201004 0.00015878677368164062 0.3738684207201004
0.0 0.3389321267604828 0.24686384946107864 0.6610811054706573 0.24686384946107864 0.6610811054706573 0.3343725726008415 0.3389321267604828 0.3343725726008415
0.0 0.6722855269908905 0.21639938279986382 0.9568985998630524 0.21639938279986382 0.9568985998630524 0.30047397688031197 0.6722855269908905 0.30047397688031197
0.0 0.0030806660652160645 0.34890982136130333 0.34955528378486633 0.34890982136130333 0.34955528378486633 0.43784812465310097 0.0030806660652160645 0.43784812465310097
0.0 0.35771480202674866 0.31362081691622734 0.6917636096477509 0.31362081691622734 0.6917636096477509 0.4088805802166462 0.35771480202674866 0.4088805802166462
0.0 0.6943591684103012 0.28254593536257744 0.9513895660638809 0.28254593536257744 0.9513895660638809 0.3607209213078022 0.6943591684103012 0.3607209213078022
0.0 0.010552957653999329 0.4140821062028408 0.32246871292591095 0.4140821062028408 0.32246871292591095 0.5152117051184177 0.010552957653999329 0.5152117051184177
0.0 0.36387668550014496 0.3791888505220413 0.7140832096338272 0.3791888505220413 0.7140832096338272 0.470881924033165 0.36387668550014496 0.470881924033165
0.0 0.7200332880020142 0.3503163568675518 0.9892095327377319 0.3503163568675518 0.9892095327377319 0.43332527950406075 0.7200332880020142 0.43332527950406075
0.0 0.024602845311164856 0.49553870037198067 0.34301988780498505 0.49553870037198067 0.34301988780498505 0.5802925936877728 0.024602845311164856 0.5802925936877728
0.0 0.3779943883419037 0.44267772138118744 0.7457326948642731 0.44267772138118744 0.7457326948642731 0.5380158573389053 0.3779943883419037 0.5380158573389053
0.0 0.7340195178985596 0.4196917787194252 1.0 0.4196917787194252 1.0 0.5047537311911583 0.7340195178985596 0.5047537311911583
0.0 0.04759247601032257 0.560966782271862 0.3896481543779373 0.560966782271862 0.3896481543779373 0.643544502556324 0.04759247601032257 0.643544502556324
0.0 0.4025871157646179 0.5252914391458035 0.7116572260856628 0.5252914391458035 0.7116572260856628 0.6072775162756443 0.4025871157646179 0.6072775162756443
0.0 0.7373654842376709 0.4894181303679943 1.0 0.4894181303679943 1.0 0.5610962100327015 0.7373654842376709 0.5610962100327015
0.0 0.0598442405462265 0.625183567404747 0.404779389500618 0.625183567404747 0.404779389500618 0.7186665683984756 0.0598442405462265 0.7186665683984756
0.0 0.4081594944000244 0.592061385512352 0.7344348430633545 0.592061385512352 0.7344348430633545 0.6717704683542252 0.4081594944000244 0.6717704683542252
0.0 0.75264523178339 0.5551485307514668 1.0000000223517418 0.5551485307514668 1.0000000223517418 0.6323492042720318 0.75264523178339 0.6323492042720318
0.0 0.07021306455135345 0.6929314732551575 0.41385476291179657 0.6929314732551575 0.41385476291179657 0.788041889667511 0.07021306455135345 0.788041889667511
0.0 0.41982172429561615 0.6559889242053032 0.7633658796548843 0.6559889242053032 0.7633658796548843 0.7463792636990547 0.41982172429561615 0.7463792636990547
0.0 0.7805796936154366 0.6140050329267979 0.9999999925494194 0.6140050329267979 0.9999999925494194 0.70151012763381 0.7805796936154366 0.70151012763381
0.0 0.07106958329677582 0.769229382276535 0.44145841896533966 0.769229382276535 0.44145841896533966 0.8742708265781403 0.07106958329677582 0.8742708265781403
0.0 0.44313786923885345 0.7278653755784035 0.8097947984933853 0.7278653755784035 0.8097947984933853 0.8301519975066185 0.44313786923885345 0.8301519975066185
0.0 0.8063513189554214 0.6906183250248432 0.9999999850988388 0.6906183250248432 0.9999999850988388 0.780812930315733 0.8063513189554214 0.780812930315733
