0.0 0.0 0.10663856938481331 0.2953856289386749 0.10663856938481331 0.2953856289386749 0.16355733200907707 0.0 0.16355733200907707
0.0 0.36567196249961853 0.10706602968275547 0.669946700334549 0.10706602968275547 0.669946700334549 0.1673255916684866 0.36567196249961853 0.1673255916684866
0.0 0.7143391072750092 0.08929265663027763 1.0000000298023224 0.08929265663027763 1.0000000298023224 0.16429628804326057 0.7143391072750092 0.16429628804326057
0.0 0.005216613411903381 0.17919471487402916 0.3025442510843277 0.17919471487402916 0.3025442510843277 0.24966201558709145 0.005216613411903381 0.24966201558709145
0.0 0.3565843105316162 0.18128563091158867 0.6759519577026367 0.18128563091158867 0.6759519577026367 0.2310403473675251 0.3565843105316162 0.2310403473675251
0.0 0.7015143483877182 0.17875553667545319 1.0000000149011612 0.17875553667545319 1.0000000149011612 0.23014427721500397 0.7015143483877182 0.23014427721500397
0.0 0.0011533498764038086 0.2587903290987015 0.35472795367240906 0.2587903290987015 0.35472795367240906 0.3146253079175949 0.0011533498764038086 0.3146253079175949
0.0 0.35378214716911316 0.2456623613834381 0.6847696602344513 0.2456623613834381 0.6847696602344513 0.30861160159111023 0.35378214716911316 0.30861160159111023
0.0 0.7068735510110855 0.24391551315784454 0.9999999850988388 0.24391551315784454 0.9999999850988388 0.3079131096601486 0.7068735510110855 0.3079131096601486
0.0 0.0 0.32339202240109444 0.3403826057910919 0.32339202240109444 0.3403826057910919 0.38426829501986504 0.0 0.38426829501986504
0.0 0.3567918390035629 0.3221389390528202 0.7014637142419815 0.3221389390528202 0.7014637142419815 0.3924669288098812 0.3567918390035629 0.3924669288098812
0.0 0.7168016135692596 0.3166919834911823 0.9859327375888824 0.3166919834911823 0.9859327375888824 0.37705374881625175 0.7168016135692596 0.37705374881625175
0.0 0.0 0.3914257362484932 0.2939786911010742 0.3914257362484932 0.2939786911010742 0.47008662670850754 0.0 0.47008662670850754
0.0 0.34738366305828094 0.39757057279348373 0.7121979743242264 0.39757057279348373 0.7121979743242264 0.4617348089814186 0.34738366305828094 0.4617348089814186
0.0 0.7293920516967773 0.3968657813966274 1.0 0.3968657813966274 1.0 0.461455050855875 0.7293920516967773 0.461455050855875
0.0 0.0 0.48437217250466347 0.2988806366920471 0.48437217250466347 0.2988806366920471 0.5434062145650387 0.0 0.5434062145650387
0.0 0.3463463932275772 0.47251585870981216 0.7319761365652084 0.47251585870981216 0.7319761365652084 0.5386054143309593 0.3463463932275772 0.5386054143309593
0.0 0.7296366542577744 0.47680963948369026 1.0000000149011612 0.47680963948369026 1.0000000149011612 0.5442677550017834 0.7296366542577744 0.5442677550017834
0.0 0.0 0.5631482377648354 0.33235156536102295 0.5631482377648354 0.33235156536102295 0.6176802143454552 0.0 0.6176802143454552
0.0 0.353946328163147 0.5620978120714426 0.6793880462646484 0.5620978120714426 0.6793880462646484 0.6207489725202322 0.353946328163147 0.6207489725202322
0.0 0.7183447033166885 0.557498449459672 0.9999999850988388 0.557498449459672 0.9999999850988388 0.6095354612916708 0.7183447033166885 0.6095354612916708
0.0 0.0 0.6367445848882198 0.3304711878299713 0.6367445848882198 0.3304711878299713 0.7054809667170048 0.0 0.7054809667170048
0.0 0.3433789610862732 0.640804274007678 0.6901587843894958 0.640804274007678 0.6901587843894958 0.6960984636098146 0.3433789610862732 0.6960984636098146
0.0 0.7203318029642105 0.6364468596875668 0.9999999850988388 0.6364468596875668 0.9999999850988388 0.6949836947023869 0.7203318029642105 0.6949836947023869
0.0 0.0 0.7146231606602669 0.3231451213359833 0.7146231606602669 0.3231451213359833 0.7872219607234001 0.0 0.7872219607234001
0.0 0.339330792427063 0.7175950519740582 0.7056186199188232 0.7175950519740582 0.7056186199188232 0.7854028232395649 0.339330792427063 0.7854028232395649
0.0 0.7378300726413727 0.7085344530642033 0.9999999701976776 0.7085344530642033 0.9999999701976776 0.7808951400220394 0.7378300726413727 0.7808951400220394
0.0 0.0 0.8053055293858051 0.3321553170681 0.8053055293858051 0.3321553170681 0.8889622204005718 0.0 0.8889622204005718
0.0 0.3455169349908829 0.8068199083209038 0.7385175079107285 0.8068199083209038 0.7385175079107285 0.8886705711483955 0.3455169349908829 0.8886705711483955
0.0 0.7499896287918091 0.7988481372594833 1.0 0.7988481372594833 1.0 0.8794719129800797 0.7499896287918091 0.8794719129800797
