0.0 0.009265199303627014 0.0698225125670433 0.34819935262203217 0.0698225125670433 0.34819935262203217 0.16486387699842453 0.009265199303627014 0.16486387699842453
0.0 0.3561522364616394 0.011557720601558685 0.6753631234169006 0.011557720601558685 0.6753631234169006 0.11970881372690201 0.3561522364616394 0.11970881372690201
0.0 0.7391161769628525 0.0 1.0000000149011612 0.0 1.0000000149011612 0.07681749016046524 0.7391161769628525 0.07681749016046524
0.0 0.0 0.14203859865665436 0.3251040279865265 0.14203859865665436 0.3251040279865265 0.2466934770345688 0.0 0.2466934770345688
0.0 0.3492025136947632 0.10867153480648994 0.6936581134796143 0.10867153480648994 0.6936581134796143 0.19946695491671562 0.3492025136947632 0.19946695491671562
0.0 0.7398508787155151 0.06048766151070595 1.0 0.06048766151070595 1.0 0.16724925860762596 0.7398508787155151 0.16724925860762596
0.0 0.0018554329872131348 0.23026640340685844 0.3154328167438507 0.23026640340685844 0.3154328167438507 0.3205713517963886 0.0018554329872131348 0.3205713517963886
0.0 0.3515961468219757 0.18428870290517807 0.6650039851665497 0.18428870290517807 0.6650039851665497 0.2862533703446388 0.3515961468219757 0.2862533703446388
0.0 0.7262846231460571 0.14787577092647552 1.0 0.14787577092647552 1.0 0.24743656814098358 0.7262846231460571 0.24743656814098358
0.0 0.0077648162841796875 0.29805976897478104 0.3059983551502228 0.29805976897478104 0.3059983551502228 0.3942757770419121 0.0077648162841796875 0.3942757770419121
0.0 0.3479726016521454 0.2692927271127701 0.6726937592029572 0.2692927271127701 0.6726937592029572 0.3733041137456894 0.3479726016521454 0.3733041137456894
0.0 0.7278977781534195 0.23054200783371925 0.9999999850988388 0.23054200783371925 0.9999999850988388 0.3335900865495205 0.7278977781534195 0.3335900865495205
0.0 0.0 0.38759540766477585 0.31168538331985474 0.38759540766477585 0.31168538331985474 0.4798973873257637 0.0 0.4798973873257637
0.0 0.3643772006034851 0.37115679308772087 0.6545103192329407 0.37115679308772087 0.6545103192329407 0.4457823820412159 0.3643772006034851 0.4457823820412159
0.0 0.7331372499465942 0.32278068363666534 1.0 0.32278068363666534 1.0 0.4084537476301193 0.7331372499465942 0.4084537476301193
0.0 0.0 0.45628904178738594 0.33059096336364746 0.45628904178738594 0.33059096336364746 0.5576335303485394 0.0 0.5576335303485394
0.0 0.35024669766426086 0.43423712998628616 0.6971742808818817 0.43423712998628616 0.6971742808818817 0.5442705079913139 0.35024669766426086 0.5442705079913139
0.0 0.7410771697759628 0.4128108359873295 1.0000000149011612 0.4128108359873295 1.0000000149011612 0.49989667162299156 0.7410771697759628 0.49989667162299156
0.0 0.0018897950649261475 0.5498221404850483 0.3242470324039459 0.5498221404850483 0.3242470324039459 0.6351927034556866 0.0018897950649261475 0.6351927034556866
0.0 0.34852491319179535 0.5241625793278217 0.6691153198480606 0.5241625793278217 0.6691153198480606 0.6161258928477764 0.34852491319179535 0.6161258928477764
0.0 0.7283049672842026 0.49943991750478745 1.0000000149011612 0.49943991750478745 1.0000000149011612 0.576166070997715 0.7283049672842026 0.576166070997715
0.0 0.0 0.6212386898696423 0.28968268632888794 0.6212386898696423 0.28968268632888794 0.7151708789169788 0.0 0.7151708789169788
0.0 0.3599286526441574 0.6036148332059383 0.6876964122056961 0.6036148332059383 0.6876964122056961 0.6802352406084538 0.3599286526441574 0.6802352406084538
0.0 0.7362420558929443 0.568580724298954 1.0 0.568580724298954 1.0 0.6807451471686363 0.7362420558929443 0.6807451471686363
0.0 0.0 0.704387154430151 0.3084471523761749 0.704387154430151 0.3084471523761749 0.802943978458643 0.0 0.802943978458643
0.0 0.36151739954948425 0.6786965020000935 0.6730609238147736 0.6786965020000935 0.6730609238147736 0.7687572352588177 0.36151739954948425 0.7687572352588177
0.0 0.7424518913030624 0.6599516570568085 1.0000000149011612 0.6599516570568085 1.0000000149011612 0.7614144384860992 0.7424518913030624 0.7614144384860992
0.0 0.0 0.7959023527801037 0.3055289089679718 0.7959023527801037 0.3055289089679718 0.8646937794983387 0.0 0.8646937794983387
0.0 0.35092443227767944 0.7582954280078411 0.6691810488700867 0.7582954280078411 0.6691810488700867 0.8541897423565388 0.35092443227767944 0.8541897423565388
0.0 0.7259441316127777 0.7429186403751373 1.0000000298023224 0.7429186403751373 1.0000000298023224 0.8453389108181 0.7259441316127777 0.8453389108181
