0.0 0.0 0.1205742135643959 0.30910587310791016 0.1205742135643959 0.30910587310791016 0.18230970948934555 0.0 0.18230970948934555
0.0 0.3148675709962845 0.11329320818185806 0.6253760308027267 0.11329320818185806 0.6253760308027267 0.1851351484656334 0.3148675709962845 0.1851351484656334
0.0 0.682059034705162 0.12858794257044792 0.9612133651971817 0.12858794257044792 0.9612133651971817 0.19373686984181404 0.682059034705162 0.19373686984181404
0.0 0.0 0.1771140769124031 0.28371474146842957 0.1771140769124031 0.28371474146842957 0.24805422872304916 0.0 0.24805422872304916
0.0 0.30493593215942383 0.19246094673871994 0.6379494667053223 0.19246094673871994 0.6379494667053223 0.250045008957386 0.30493593215942383 0.250045008957386
0.0 0.67833511531353 0.19346047192811966 0.9411921054124832 0.19346047192811966 0.9411921054124832 0.26527997106313705 0.67833511531353 0.26527997106313705
0.0 0.0 0.24843363463878632 0.2708451747894287 0.24843363463878632 0.2708451747894287 0.30924488604068756 0.0 0.30924488604068756
0.0 0.30383169651031494 0.25071510672569275 0.6074604988098145 0.25071510672569275 0.6074604988098145 0.3195236027240753 0.30383169651031494 0.3195236027240753
0.0 0.6618067771196365 0.2645638920366764 0.9718554466962814 0.2645638920366764 0.9718554466962814 0.32913896068930626 0.6618067771196365 0.32913896068930626
0.0 0.0 0.30292393267154694 0.25903651118278503 0.30292393267154694 0.25903651118278503 0.36987654864788055 0.0 0.36987654864788055
0.0 0.296897828578949 0.3188222870230675 0.6106868982315063 0.3188222870230675 0.6106868982315063 0.38966552168130875 0.296897828578949 0.38966552168130875
0.0 0.6591682136058807 0.33058425411581993 0.9861154854297638 0.33058425411581993 0.9861154854297638 0.3979915715754032 0.6591682136058807 0.3979915715754032
0.0 0.0 0.37502602860331535 0.26114222407341003 0.37502602860331535 0.26114222407341003 0.43887074664235115 0.0 0.43887074664235115
0.0 0.3099064379930496 0.39879506453871727 0.5889084190130234 0.39879506453871727 0.5889084190130234 0.4483221210539341 0.3099064379930496 0.4483221210539341
0.0 0.6604469418525696 0.40063673816621304 0.9590731263160706 0.40063673816621304 0.9590731263160706 0.4564394298940897 0.6604469418525696 0.4564394298940897
0.0 0.0 0.4317820742726326 0.2768412232398987 0.4317820742726326 0.2768412232398987 0.5032812282443047 0.0 0.5032812282443047
0.0 0.2924233078956604 0.4508928097784519 0.6258012652397156 0.4508928097784519 0.6258012652397156 0.5274527035653591 0.2924233078956604 0.5274527035653591
0.0 0.6634258478879929 0.4702197480946779 0.9504988938570023 0.4702197480946779 0.9504988938570023 0.5283999275416136 0.6634258478879929 0.5283999275416136
0.0 0.0 0.5063661076128483 0.2671109139919281 0.5063661076128483 0.2671109139919281 0.5662681125104427 0.0 0.5662681125104427
0.0 0.28797850012779236 0.5196186378598213 0.5954782664775848 0.5196186378598213 0.5954782664775848 0.5835453197360039 0.28797850012779236 0.5835453197360039
0.0 0.6479828655719757 0.5357630793005228 0.9354340732097626 0.5357630793005228 0.9354340732097626 0.5867062266916037 0.6479828655719757 0.5867062266916037
0.0 0.0 0.5610576272010803 0.2309691458940506 0.5610576272010803 0.2309691458940506 0.6293891072273254 0.0 0.6293891072273254
0.0 0.2964550256729126 0.5832018591463566 0.6090772151947021 0.5832018591463566 0.6090772151947021 0.6355984471738338 0.2964550256729126 0.6355984471738338
0.0 0.6503607034683228 0.5924892462790012 0.9854850769042969 0.5924892462790012 0.9854850769042969 0.670226689428091 0.6503607034683228 0.670226689428091
0.0 0.0 0.627778597176075 0.24599628150463104 0.627778597176075 0.24599628150463104 0.6999484822154045 0.0 0.6999484822154045
0.0 0.2945483326911926 0.6408671177923679 0.5920292735099792 0.6408671177923679 0.5920292735099792 0.7049950323998928 0.2945483326911926 0.7049950323998928
0.0 0.6522649675607681 0.6603356599807739 0.9485299438238144 0.6603356599807739 0.9485299438238144 0.7316707372665405 0.6522649675607681 0.7316707372665405
0.0 0.0 0.7001564651727676 0.23975880444049835 0.7001564651727676 0.23975880444049835 0.7496389001607895 0.0 0.7496389001607895
0.0 0.2811238020658493 0.7020279839634895 0.584787979722023 0.7020279839634895 0.584787979722023 0.7713954970240593 0.2811238020658493 0.7713954970240593
0.0 0.6331523656845093 0.7240827493369579 0.9670852422714233 0.7240827493369579 0.9670852422714233 0.7962004728615284 0.6331523656845093 0.7962004728615284
