0.0 0.0 0.07545444741845131 0.27972161769866943 0.07545444741845131 0.27972161769866943 0.17785879597067833 0.0 0.17785879597067833
0.0 0.2748850882053375 0.04601982235908508 0.5827426612377167 0.04601982235908508 0.5827426612377167 0.1578967273235321 0.2748850882053375 0.1578967273235321
0.0 0.6285038888454437 0.043476950377225876 0.9006944000720978 0.043476950377225876 0.9006944000720978 0.14348355308175087 0.6285038888454437 0.14348355308175087
0.0 0.0 0.14224426820874214 0.26921430230140686 0.14224426820874214 0.26921430230140686 0.2549656443297863 0.0 0.2549656443297863
0.0 0.2821468263864517 0.13437271490693092 0.6118965595960617 0.13437271490693092 0.6118965595960617 0.23293029889464378 0.2821468263864517 0.23293029889464378
0.0 0.6417219042778015 0.11744454875588417 0.9012753367424011 0.11744454875588417 0.9012753367424011 0.22404366359114647 0.6417219042778015 0.22404366359114647
0.0 0.0 0.22495315968990326 0.2706443667411804 0.22495315968990326 0.2706443667411804 0.32603009045124054 0.0 0.32603009045124054
0.0 0.29471027851104736 0.20367980003356934 0.5994241237640381 0.20367980003356934 0.5994241237640381 0.31284934282302856 0.29471027851104736 0.31284934282302856
0.0 0.6434702575206757 0.19506122916936874 0.9485125839710236 0.19506122916936874 0.9485125839710236 0.29866472631692886 0.6434702575206757 0.29866472631692886
0.0 0.0 0.2891213484108448 0.27230358123779297 0.2891213484108448 0.27230358123779297 0.3974553756415844 0.0 0.3974553756415844
0.0 0.3034283220767975 0.2823655754327774 0.6203189194202423 0.2823655754327774 0.6203189194202423 0.39559803903102875 0.3034283220767975 0.39559803903102875
0.0 0.6579363793134689 0.26946140825748444 0.9814461022615433 0.26946140825748444 0.9814461022615433 0.37851421535015106 0.6579363793134689 0.37851421535015106
0.0 0.0 0.3747219406068325 0.2901454269886017 0.3747219406068325 0.2901454269886017 0.4820691980421543 0.0 0.4820691980421543
0.0 0.33377209305763245 0.378505390137434 0.6154391467571259 0.378505390137434 0.6154391467571259 0.46384741738438606 0.33377209305763245 0.46384741738438606
0.0 0.6766870021820068 0.35300590470433235 0.9732269048690796 0.35300590470433235 0.9732269048690796 0.44644878432154655 0.6766870021820068 0.44644878432154655
0.0 0.0 0.44161776080727577 0.3201753497123718 0.44161776080727577 0.3201753497123718 0.5601076744496822 0.0 0.5601076744496822
0.0 0.3297633081674576 0.4372926764190197 0.670668825507164 0.4372926764190197 0.670668825507164 0.5606295056641102 0.3297633081674576 0.5606295056641102
0.0 0.6980055272579193 0.4355842210352421 0.9857064783573151 0.4355842210352421 0.9857064783573151 0.5312904380261898 0.6980055272579193 0.5312904380261898
0.0 0.0 0.533607479184866 0.3256705105304718 0.533607479184866 0.3256705105304718 0.6373766697943211 0.0 0.6373766697943211
0.0 0.340868815779686 0.5228169076144695 0.656428650021553 0.5228169076144695 0.656428650021553 0.6291721947491169 0.340868815779686 0.6291721947491169
0.0 0.6999682933092117 0.5148593671619892 0.9887770861387253 0.5148593671619892 0.9887770861387253 0.6024510376155376 0.6999682933092117 0.6024510376155376
0.0 0.0 0.6045071557164192 0.30357855558395386 0.6045071557164192 0.30357855558395386 0.7166615054011345 0.0 0.7166615054011345
0.0 0.3639402687549591 0.5993675850331783 0.6845009028911591 0.5993675850331783 0.6845009028911591 0.6924693919718266 0.3639402687549591 0.6924693919718266
0.0 0.7189425230026245 0.5789051614701748 1.0 0.5789051614701748 1.0 0.7037733234465122 0.7189425230026245 0.7037733234465122
0.0 0.0 0.6867381185293198 0.3352685570716858 0.6867381185293198 0.3352685570716858 0.8071911484003067 0.0 0.8071911484003067
0.0 0.37660913169384 0.672203317284584 0.6855152398347855 0.672203317284584 0.6855152398347855 0.7790318578481674 0.37660913169384 0.7790318578481674
0.0 0.7389848083257675 0.664929274469614 1.0000000149011612 0.664929274469614 1.0000000149011612 0.7792960368096828 0.7389848083257675 0.7792960368096828
0.0 0.013114064931869507 0.7792986147105694 0.34196385741233826 0.7792986147105694 0.34196385741233826 0.870392132550478 0.013114064931869507 0.870392132550478
0.0 0.37809886038303375 0.7494148127734661 0.696066603064537 0.7494148127734661 0.696066603064537 0.86408506706357 0.37809886038303375 0.86408506706357
0.0 0.7374852746725082 0.7420582473278046 1.0000000149011612 0.7420582473278046 1.0000000149011612 0.861428290605545 0.7374852746725082 0.861428290605545
