0.0 0.0 0.08276457712054253 0.32311856746673584 0.08276457712054253 0.32311856746673584 0.14782420173287392 0.0 0.14782420173287392
0.0 0.3302953243255615 0.052532047033309937 0.6630657315254211 0.052532047033309937 0.6630657315254211 0.13059109449386597 0.3302953243255615 0.13059109449386597
0.0 0.7279380708932877 0.04708874225616455 0.9999999850988388 0.04708874225616455 0.9999999850988388 0.11849334836006165 0.7279380708932877 0.11849334836006165
0.0 0.0 0.14938194304704666 0.3015635013580322 0.14938194304704666 0.3015635013580322 0.22444912046194077 0.0 0.22444912046194077
0.0 0.32607927918434143 0.14488663524389267 0.6831222474575043 0.14488663524389267 0.6831222474575043 0.205075241625309 0.32607927918434143 0.205075241625309
0.0 0.7296914011240005 0.12376946955919266 0.9999999850988388 0.12376946955919266 0.9999999850988388 0.20252736657857895 0.7296914011240005 0.20252736657857895
0.0 0.0 0.23151768743991852 0.2942814230918884 0.23151768743991852 0.2942814230918884 0.29454146325588226 0.0 0.29454146325588226
0.0 0.3311910182237625 0.21307236328721046 0.6551267355680466 0.21307236328721046 0.6551267355680466 0.2861137054860592 0.3311910182237625 0.2861137054860592
0.0 0.7169610112905502 0.20683931931853294 1.0000000149011612 0.20683931931853294 1.0000000149011612 0.27541658654809 0.7169610112905502 0.27541658654809
0.0 0.0 0.29400908574461937 0.2870161831378937 0.29400908574461937 0.2870161831378937 0.36376917734742165 0.0 0.36376917734742165
0.0 0.3302789777517319 0.29189157113432884 0.6643322259187698 0.29189157113432884 0.6643322259187698 0.3662465251982212 0.3302789777517319 0.3662465251982212
0.0 0.7196522802114487 0.283438965678215 1.0000000149011612 0.283438965678215 1.0000000149011612 0.3541541248559952 0.7196522802114487 0.3541541248559952
0.0 0.0 0.3770705685019493 0.2960144281387329 0.3770705685019493 0.2960144281387329 0.4419620409607887 0.0 0.4419620409607887
0.0 0.35019533336162567 0.3836451768875122 0.6471751481294632 0.3836451768875122 0.6471751481294632 0.4336024522781372 0.35019533336162567 0.4336024522781372
0.0 0.7260070890188217 0.3650134615600109 1.0000000149011612 0.3650134615600109 1.0000000149011612 0.4222211427986622 0.7260070890188217 0.4222211427986622
0.0 0.0 0.441121481359005 0.3181699514389038 0.441121481359005 0.3181699514389038 0.5137472525238991 0.0 0.5137472525238991
0.0 0.33815208077430725 0.44327330961823463 0.6915919482707977 0.44327330961823463 0.6915919482707977 0.5220832787454128 0.33815208077430725 0.5220832787454128
0.0 0.7350388914346695 0.4451952502131462 0.9999999850988388 0.4451952502131462 0.9999999850988388 0.5046931579709053 0.7350388914346695 0.5046931579709053
0.0 0.0 0.5256028883159161 0.3145029842853546 0.5256028883159161 0.3145029842853546 0.5846511609852314 0.0 0.5846511609852314
0.0 0.33902253210544586 0.5222435668110847 0.6645253747701645 0.5222435668110847 0.6645253747701645 0.5865883156657219 0.33902253210544586 0.5865883156657219
0.0 0.7232401520013809 0.5212383270263672 0.9999999850988388 0.5212383270263672 0.9999999850988388 0.5717840194702148 0.7232401520013809 0.5717840194702148
0.0 0.0 0.5879464223980904 0.28169676661491394 0.5879464223980904 0.28169676661491394 0.6566342040896416 0.0 0.6566342040896416
0.0 0.3530587702989578 0.5938775595277548 0.6841304749250412 0.5938775595277548 0.6841304749250412 0.644414896145463 0.3530587702989578 0.644414896145463
0.0 0.7320741415023804 0.585217073559761 1.0 0.585217073559761 1.0 0.6643175333738327 0.7320741415023804 0.6643175333738327
0.0 0.0 0.6632055155932903 0.30389314889907837 0.6632055155932903 0.30389314889907837 0.7345980294048786 0.0 0.7345980294048786
0.0 0.35715675354003906 0.6592906191945076 0.6707981824874878 0.6592906191945076 0.6707981824874878 0.7228485867381096 0.35715675354003906 0.7228485867381096
0.0 0.7392181307077408 0.6628359258174896 0.9999999850988388 0.6628359258174896 0.9999999850988388 0.7349819242954254 0.7392181307077408 0.7349819242954254
0.0 0.0 0.7440188713371754 0.3034491539001465 0.7440188713371754 0.3034491539001465 0.7897465638816357 0.0 0.7897465638816357
0.0 0.3489565998315811 0.7287268675863743 0.6681965440511703 0.7287268675863743 0.6681965440511703 0.7972905598580837 0.3489565998315811 0.7972905598580837
0.0 0.723876491189003 0.7356566824018955 0.9999999850988388 0.7356566824018955 0.9999999850988388 0.8068029247224331 0.723876491189003 0.8068029247224331
