0.0 0.0 0.0 0.1414787918329239 0.0 0.1414787918329239 0.0919920802116394 0.0 0.0919920802116394
0.0 0.0 0.040642399340867996 0.10070919990539551 0.040642399340867996 0.10070919990539551 0.1571696512401104 0.0 0.1571696512401104
0.0 0.1816004365682602 0.0 0.485429123044014 0.0 0.485429123044014 0.09582322835922241 0.1816004365682602 0.09582322835922241
0.0 0.47312919795513153 0.021947339177131653 0.7570371180772781 0.021947339177131653 0.7570371180772781 0.14982128143310547 0.47312919795513153 0.14982128143310547
0.0 0.7804637253284454 0.09793340787291527 0.9999999701976776 0.09793340787291527 0.9999999701976776 0.213501188904047 0.7804637253284454 0.213501188904047
0.0 0.13942474126815796 0.033553898334503174 0.44070178270339966 0.033553898334503174 0.44070178270339966 0.16396580636501312 0.13942474126815796 0.16396580636501312
0.0 0.4382786750793457 0.10729463770985603 0.7346986532211304 0.10729463770985603 0.7346986532211304 0.22341884300112724 0.4382786750793457 0.22341884300112724
0.0 0.7475503087043762 0.16878186911344528 0.9924477934837341 0.16878186911344528 0.9924477934837341 0.2889123633503914 0.7475503087043762 0.2889123633503914
0.0 0.11844292283058167 0.11278403177857399 0.40063026547431946 0.11278403177857399 0.40063026547431946 0.2293112836778164 0.11844292283058167 0.2293112836778164
0.0 0.40824124217033386 0.1713351234793663 0.6852615177631378 0.1713351234793663 0.6852615177631378 0.2948191538453102 0.40824124217033386 0.2948191538453102
0.0 0.7078966051340103 0.2442554384469986 0.9884172528982162 0.2442554384469986 0.9884172528982162 0.36420826613903046 0.7078966051340103 0.36420826613903046
0.0 0.09632548689842224 0.17339888215065002 0.36837542057037354 0.17339888215065002 0.36837542057037354 0.29404741525650024 0.09632548689842224 0.29404741525650024
0.0 0.37357763946056366 0.2451677769422531 0.6597568541765213 0.2451677769422531 0.6597568541765213 0.37249477207660675 0.37357763946056366 0.37249477207660675
0.0 0.6775051653385162 0.3164904862642288 0.973030298948288 0.3164904862642288 0.973030298948288 0.4422389715909958 0.6775051653385162 0.4422389715909958
0.0 0.051013216376304626 0.24941939488053322 0.34008823335170746 0.24941939488053322 0.34008823335170746 0.3703365884721279 0.051013216376304626 0.3703365884721279
0.0 0.3599209785461426 0.33504894748330116 0.6087959408760071 0.33504894748330116 0.6087959408760071 0.433723833411932 0.3599209785461426 0.433723833411932
0.0 0.654075101017952 0.39366235584020615 0.9216120690107346 0.39366235584020615 0.9216120690107346 0.5022925511002541 0.654075101017952 0.5022925511002541
0.0 0.02829110622406006 0.31263940036296844 0.329828679561615 0.31263940036296844 0.329828679561615 0.443660631775856 0.02829110622406006 0.443660631775856
0.0 0.31323233246803284 0.38980577141046524 0.6178130209445953 0.38980577141046524 0.6178130209445953 0.5264787897467613 0.31323233246803284 0.5264787897467613
0.0 0.6267465353012085 0.47072872146964073 0.8858127593994141 0.47072872146964073 0.8858127593994141 0.5800545550882816 0.6267465353012085 0.5800545550882816
0.0 0.004433304071426392 0.3950216509401798 0.2909863293170929 0.3950216509401798 0.2909863293170929 0.5115057490766048 0.004433304071426392 0.5115057490766048
0.0 0.2859576642513275 0.4645836055278778 0.5641234815120697 0.4645836055278778 0.5641234815120697 0.5834234058856964 0.2859576642513275 0.5834234058856964
0.0 0.5896147936582565 0.5402770452201366 0.845991924405098 0.5402770452201366 0.845991924405098 0.6418497152626514 0.5896147936582565 0.6418497152626514
0.0 0.0 0.45423076301813126 0.2382257729768753 0.45423076301813126 0.2382257729768753 0.575028084218502 0.0 0.575028084218502
0.0 0.27176012098789215 0.5357870943844318 0.5493410676717758 0.5357870943844318 0.5493410676717758 0.643006693571806 0.27176012098789215 0.643006693571806
0.0 0.5578568875789642 0.6033291444182396 0.8643548786640167 0.6033291444182396 0.8643548786640167 0.7415565624833107 0.5578568875789642 0.7415565624833107
0.0 0.0 0.5253336504101753 0.22301572561264038 0.5253336504101753 0.22301572561264038 0.6550546810030937 0.0 0.6550546810030937
0.0 0.24128517508506775 0.5990503057837486 0.5113342702388763 0.5990503057837486 0.5113342702388763 0.7164844051003456 0.24128517508506775 0.7164844051003456
0.0 0.5335614234209061 0.6782317236065865 0.8056015223264694 0.6782317236065865 0.8056015223264694 0.8032510206103325 0.5335614234209061 0.8032510206103325
0.0 0.0 0.6054464802145958 0.18800798058509827 0.6054464802145958 0.18800798058509827 0.7089478746056557 0.0 0.7089478746056557
0.0 0.20260001718997955 0.664227806031704 0.47988085448741913 0.664227806031704 0.47988085448741913 0.7883211746811867 0.20260001718997955 0.7883211746811867
0.0 0.491292342543602 0.7452803924679756 0.7944866567850113 0.7452803924679756 0.7944866567850113 0.877246730029583 0.491292342543602 0.877246730029583
0.0 0.917292695492506 0.6190951876342297 1.0000000186264515 0.6190951876342297 1.0000000186264515 0.7206678576767445 0.917292695492506 0.7206678576767445
0.0 0.8345728069543839 0.6698891147971153 0.9999999850988388 0.6698891147971153 0.9999999850988388 0.8081165328621864 0.8345728069543839 0.8081165328621864
0.0 0.8326169326901436 0.7501651719212532 0.9999999925494194 0.7501651719212532 0.9999999925494194 0.8751844689249992 0.8326169326901436 0.8751844689249992
0.0 0.7840648666024208 0.8157025650143623 1.0000000223517418 0.8157025650143623 1.0000000223517418 0.9476689025759697 0.7840648666024208 0.9476689025759697
