0.0 0.006912112236022949 0.09719224832952023 0.35444575548171997 0.09719224832952023 0.35444575548171997 0.1557988915592432 0.006912112236022949 0.1557988915592432
0.0 0.36290520429611206 0.07833045348525047 0.678649365901947 0.07833045348525047 0.678649365901947 0.14907512441277504 0.36290520429611206 0.14907512441277504
0.0 0.7397601455450058 0.08398116007447243 1.0000000149011612 0.08398116007447243 1.0000000149011612 0.14817863330245018 0.7397601455450058 0.14817863330245018
0.0 0.0 0.16097887605428696 0.331747442483902 0.16097887605428696 0.331747442483902 0.2305723801255226 0.0 0.2305723801255226
0.0 0.356603667140007 0.16712401621043682 0.6976696997880936 0.16712401621043682 0.6976696997880936 0.2215596903115511 0.356603667140007 0.2215596903115511
0.0 0.7416899353265762 0.15649349987506866 0.9999999850988388 0.15649349987506866 0.9999999850988388 0.2291586846113205 0.7416899353265762 0.2291586846113205
0.0 0.0 0.24116856046020985 0.3226920962333679 0.24116856046020985 0.3226920962333679 0.30027067475020885 0.0 0.30027067475020885
0.0 0.3597946763038635 0.2327020950615406 0.6708853840827942 0.2327020950615406 0.6708853840827942 0.3011649660766125 0.3597946763038635 0.3011649660766125
0.0 0.7298943996429443 0.23697951436042786 1.0 0.23697951436042786 1.0 0.3003888428211212 0.7298943996429443 0.3003888428211212
0.0 0.006057679653167725 0.3028321862220764 0.31367430090904236 0.3028321862220764 0.31367430090904236 0.3697938919067383 0.006057679653167725 0.3697938919067383
0.0 0.3569033294916153 0.3100997619330883 0.6796341985464096 0.3100997619330883 0.6796341985464096 0.38102592900395393 0.3569033294916153 0.38102592900395393
0.0 0.7326909154653549 0.3118409626185894 1.0000000149011612 0.3118409626185894 1.0000000149011612 0.37835412099957466 0.7326909154653549 0.37835412099957466
0.0 0.0 0.3858252614736557 0.32019418478012085 0.3858252614736557 0.32019418478012085 0.4489334374666214 0.0 0.4489334374666214
0.0 0.3741709440946579 0.40106834657490253 0.6629375964403152 0.40106834657490253 0.6629375964403152 0.44903228990733624 0.3741709440946579 0.44903228990733624
0.0 0.7390599101781845 0.3917523864656687 1.0000000149011612 0.3917523864656687 1.0000000149011612 0.4462436195462942 0.7390599101781845 0.4462436195462942
0.0 0.0 0.45092927291989326 0.3399959206581116 0.45092927291989326 0.3399959206581116 0.5229154340922832 0.0 0.5229154340922832
0.0 0.3607380837202072 0.4615231081843376 0.7060733586549759 0.4615231081843376 0.7060733586549759 0.5393816903233528 0.3607380837202072 0.5393816903233528
0.0 0.7480936050415039 0.4716433212161064 1.0 0.4716433212161064 1.0 0.5296492651104927 0.7480936050415039 0.5296492651104927
0.0 0.0006157010793685913 0.5372344367206097 0.33434633910655975 0.5372344367206097 0.33434633910655975 0.5965602286159992 0.0006157010793685913 0.5965602286159992
0.0 0.3596337139606476 0.5412813052535057 0.6796158254146576 0.5412813052535057 0.6796158254146576 0.6057203188538551 0.3596337139606476 0.6057203188538551
0.0 0.7369309812784195 0.5480753723531961 0.9999999850988388 0.5480753723531961 0.9999999850988388 0.5979637559503317 0.7369309812784195 0.5979637559503317
0.0 0.0 0.6012164503335953 0.2996523678302765 0.6012164503335953 0.2996523678302765 0.6718166917562485 0.0 0.6718166917562485
0.0 0.37181104719638824 0.6151837185025215 0.6988673061132431 0.6151837185025215 0.6988673061132431 0.6662390157580376 0.37181104719638824 0.6662390157580376
0.0 0.7458028942346573 0.6140760332345963 0.9999999850988388 0.6140760332345963 0.9999999850988388 0.6942274421453476 0.7458028942346573 0.6942274421453476
0.0 0.0 0.6800320260226727 0.319527804851532 0.6800320260226727 0.319527804851532 0.7546566613018513 0.0 0.7546566613018513
0.0 0.3742426335811615 0.6829256378114223 0.6857027113437653 0.6829256378114223 0.6857027113437653 0.7487185634672642 0.3742426335811615 0.7487185634672642
0.0 0.7531585469841957 0.6936575621366501 1.0000000223517418 0.6936575621366501 1.0000000223517418 0.7680767327547073 0.7531585469841957 0.7680767327547073
0.0 0.0 0.7655541971325874 0.31730279326438904 0.7655541971325874 0.31730279326438904 0.8139067813754082 0.0 0.8139067813754082
0.0 0.36422839760780334 0.7556527704000473 0.6830737292766571 0.7556527704000473 0.6830737292766571 0.8279062658548355 0.36422839760780334 0.8279062658548355
0.0 0.7383185476064682 0.7696809284389019 1.0000000149011612 0.7696809284389019 1.0000000149011612 0.8442044742405415 0.7383185476064682 0.8442044742405415
