0.0 0.026846647262573242 0.10446009412407875 0.3414006233215332 0.10446009412407875 0.3414006233215332 0.15669014677405357 0.026846647262573242 0.15669014677405357
0.0 0.34922534227371216 0.0839201845228672 0.6356103420257568 0.0839201845228672 0.6356103420257568 0.14788731560111046 0.34922534227371216 0.14788731560111046
0.0 0.6919483542442322 0.08626760542392731 0.9493818879127502 0.08626760542392731 0.9493818879127502 0.14436620473861694 0.6919483542442322 0.14436620473861694
0.0 0.014327079057693481 0.16431924700737 0.3210563361644745 0.16431924700737 0.3210563361644745 0.22652581334114075 0.014327079057693481 0.22652581334114075
0.0 0.3437480330467224 0.1672535091638565 0.6520422697067261 0.1672535091638565 0.6520422697067261 0.21537558734416962 0.3437480330467224 0.21537558734416962
0.0 0.6927307844161987 0.15434271097183228 0.9345148801803589 0.15434271097183228 0.9345148801803589 0.22007042169570923 0.6927307844161987 0.22007042169570923
0.0 0.022934257984161377 0.23884975910186768 0.31323158740997314 0.23884975910186768 0.31323158740997314 0.2910798192024231 0.022934257984161377 0.2910798192024231
0.0 0.34687793254852295 0.22828639298677444 0.6270031332969666 0.22828639298677444 0.6270031332969666 0.2893192693591118 0.34687793254852295 0.2893192693591118
0.0 0.6809937357902527 0.22946009039878845 0.9673786759376526 0.22946009039878845 0.9673786759376526 0.2857981026172638 0.6809937357902527 0.2857981026172638
0.0 0.02997654676437378 0.2957746386528015 0.3054068684577942 0.2957746386528015 0.3054068684577942 0.35504692792892456 0.02997654676437378 0.35504692792892456
0.0 0.34453052282333374 0.2998826205730438 0.6340453624725342 0.2998826205730438 0.6340453624725342 0.36267605423927307 0.34453052282333374 0.36267605423927307
0.0 0.6825586557388306 0.2987089455127716 0.9845931529998779 0.2987089455127716 0.9845931529998779 0.35739436745643616 0.6825586557388306 0.35739436745643616
0.0 0.015109539031982422 0.3720657229423523 0.31166666746139526 0.3720657229423523 0.31166666746139526 0.4272300601005554 0.015109539031982422 0.4272300601005554
0.0 0.36017996072769165 0.3832159638404846 0.6183959245681763 0.3832159638404846 0.6183959245681763 0.4248826503753662 0.36017996072769165 0.4248826503753662
0.0 0.6872535347938538 0.3720657229423523 0.9634663462638855 0.3720657229423523 0.9634663462638855 0.4196009635925293 0.6872535347938538 0.4196009635925293
0.0 0.022934257984161377 0.43133801221847534 0.3296635150909424 0.43133801221847534 0.3296635150909424 0.4941314458847046 0.022934257984161377 0.4941314458847046
0.0 0.3484428972005844 0.43838025629520416 0.6559546142816544 0.43838025629520416 0.6559546142816544 0.5064554065465927 0.3484428972005844 0.5064554065465927
0.0 0.6942957639694214 0.44483569264411926 0.9595539569854736 0.44483569264411926 0.9595539569854736 0.4953051507472992 0.6942957639694214 0.4953051507472992
0.0 0.02919405698776245 0.5093896389007568 0.32496869564056396 0.5093896389007568 0.32496869564056396 0.56044602394104 0.02919405698776245 0.56044602394104
0.0 0.3476604223251343 0.5105633735656738 0.631697952747345 0.5105633735656738 0.631697952747345 0.5663145780563354 0.3476604223251343 0.5663145780563354
0.0 0.6833411455154419 0.51408451795578 0.9493818283081055 0.51408451795578 0.9493818283081055 0.5569248795509338 0.6833411455154419 0.5569248795509338
0.0 0.026846647262573242 0.5669013857841492 0.2944522500038147 0.5669013857841492 0.2944522500038147 0.6279342770576477 0.026846647262573242 0.6279342770576477
0.0 0.358614981174469 0.5768779516220093 0.6481298804283142 0.5768779516220093 0.6481298804283142 0.6203051805496216 0.358614981174469 0.6203051805496216
0.0 0.6903834342956543 0.5733568072319031 0.9994601011276245 0.5733568072319031 0.9994601011276245 0.6426056027412415 0.6903834342956543 0.6426056027412415
0.0 0.01745694875717163 0.6373239755630493 0.3124491572380066 0.6373239755630493 0.3124491572380066 0.7012910842895508 0.01745694875717163 0.7012910842895508
0.0 0.360962450504303 0.6373239159584045 0.6356103420257568 0.6373239159584045 0.6356103420257568 0.6936619877815247 0.360962450504303 0.6936619877815247
0.0 0.6958606839179993 0.6443662047386169 0.9689436554908752 0.6443662047386169 0.9689436554908752 0.7083333134651184 0.6958606839179993 0.7083333134651184
0.0 0.024499237537384033 0.7130281329154968 0.31088417768478394 0.7130281329154968 0.31088417768478394 0.7535211443901062 0.024499237537384033 0.7535211443901062
0.0 0.3523552417755127 0.7018778920173645 0.6324804425239563 0.7018778920173645 0.6324804425239563 0.7634976506233215 0.3523552417755127 0.7634976506233215
0.0 0.681776225566864 0.7118544578552246 0.9900704026222229 0.7118544578552246 0.9900704026222229 0.7752346992492676 0.681776225566864 0.7752346992492676
