0.0 0.08165134489536285 0.02651950530707836 0.3815607875585556 0.02651950530707836 0.3815607875585556 0.0835548136383295 0.08165134489536285 0.0835548136383295
0.0 0.38892650604248047 0.0045562684535980225 0.6620131731033325 0.0045562684535980225 0.6620131731033325 0.07430513203144073 0.38892650604248047 0.07430513203144073
0.0 0.7155804932117462 0.007463190704584122 0.9610613286495209 0.007463190704584122 0.9610613286495209 0.07081029191613197 0.7155804932117462 0.07081029191613197
0.0 0.06957116723060608 0.0914958044886589 0.3620440661907196 0.0914958044886589 0.3620440661907196 0.15935448557138443 0.06957116723060608 0.15935448557138443
0.0 0.38356325030326843 0.09502595849335194 0.6774978935718536 0.09502595849335194 0.6774978935718536 0.14759467355906963 0.38356325030326843 0.14759467355906963
0.0 0.7161659076809883 0.08137350156903267 0.9467475339770317 0.08137350156903267 0.9467475339770317 0.15298720821738243 0.7161659076809883 0.15298720821738243
0.0 0.0776379406452179 0.1724229659885168 0.35442855954170227 0.1724229659885168 0.35442855954170227 0.22943291999399662 0.0776379406452179 0.22943291999399662
0.0 0.38638973236083984 0.16129295155405998 0.6535040140151978 0.16129295155405998 0.6535040140151978 0.22784953191876411 0.38638973236083984 0.22784953191876411
0.0 0.7048403024673462 0.16291655600070953 0.9779107570648193 0.16291655600070953 0.9779107570648193 0.2243824452161789 0.7048403024673462 0.2243824452161789
0.0 0.08421443402767181 0.23423396050930023 0.34685035049915314 0.23423396050930023 0.34685035049915314 0.2988741546869278 0.08421443402767181 0.2988741546869278
0.0 0.3839971721172333 0.2390228919684887 0.6600643694400787 0.2390228919684887 0.6600643694400787 0.3075007386505604 0.3839971721172333 0.3075007386505604
0.0 0.7061801701784134 0.2381020374596119 0.994171068072319 0.2381020374596119 0.994171068072319 0.30213288590312004 0.7061801701784134 0.30213288590312004
0.0 0.06989198923110962 0.3170480336993933 0.35265499353408813 0.3170480336993933 0.35265499353408813 0.37725029326975346 0.06989198923110962 0.37725029326975346
0.0 0.39878080785274506 0.3295146953314543 0.6449725776910782 0.3295146953314543 0.6449725776910782 0.3750223983079195 0.39878080785274506 0.3750223983079195
0.0 0.7105231732130051 0.3177507631480694 0.9738800078630447 0.3177507631480694 0.9738800078630447 0.3696488030254841 0.7105231732130051 0.3696488030254841
0.0 0.0772080272436142 0.3814084641635418 0.3696821480989456 0.3814084641635418 0.3696821480989456 0.44990431144833565 0.0772080272436142 0.44990431144833565
0.0 0.387421578168869 0.3893945999443531 0.6806526482105255 0.3893945999443531 0.6806526482105255 0.4636256508529186 0.387421578168869 0.4636256508529186
0.0 0.7170747518539429 0.39676485769450665 0.9699970483779907 0.39676485769450665 0.9699970483779907 0.4518371392041445 0.7170747518539429 0.4518371392041445
0.0 0.08303375542163849 0.46615604124963284 0.3650422841310501 0.46615604124963284 0.3650422841310501 0.5218974594026804 0.08303375542163849 0.5218974594026804
0.0 0.38654907047748566 0.4677633475512266 0.6573809832334518 0.4677633475512266 0.6573809832334518 0.5285896826535463 0.38654907047748566 0.5285896826535463
0.0 0.7065035402774811 0.4719372261315584 0.9601554572582245 0.4719372261315584 0.9601554572582245 0.5187273751944304 0.7065035402774811 0.5187273751944304
0.0 0.08065356314182281 0.5285944081842899 0.3358355313539505 0.5285944081842899 0.3358355313539505 0.5951379202306271 0.08065356314182281 0.5951379202306271
0.0 0.39687544107437134 0.539772866293788 0.6729016900062561 0.539772866293788 0.6729016900062561 0.5872247237712145 0.39687544107437134 0.5872247237712145
0.0 0.7130340486764908 0.5362968482077122 0.9999999850988388 0.5362968482077122 0.9999999850988388 0.6118037663400173 0.7130340486764908 0.6118037663400173
0.0 0.07154902815818787 0.6050427444279194 0.3528391420841217 0.6050427444279194 0.3528391420841217 0.6748005859553814 0.07154902815818787 0.6748005859553814
0.0 0.3989574909210205 0.6054018214344978 0.6608414649963379 0.6054018214344978 0.6608414649963379 0.6668555065989494 0.3989574909210205 0.6668555065989494
0.0 0.7181152254343033 0.6133978366851807 0.9785238355398178 0.6133978366851807 0.9785238355398178 0.6831327676773071 0.7181152254343033 0.6831327676773071
0.0 0.07815036177635193 0.6872425060719252 0.3511872887611389 0.6872425060719252 0.3511872887611389 0.7315053958445787 0.07815036177635193 0.7315053958445787
0.0 0.3906061351299286 0.6754794046282768 0.6577216684818268 0.6754794046282768 0.6577216684818268 0.7426731660962105 0.3906061351299286 0.7426731660962105
0.0 0.7045497894287109 0.6866554096341133 0.9985166788101196 0.6866554096341133 0.9985166788101196 0.7557899877429008 0.7045497894287109 0.7557899877429008
