0.0 0.0 0.11942670494318008 0.3081861734390259 0.11942670494318008 0.3081861734390259 0.21480735391378403 0.0 0.21480735391378403
0.0 0.30285821855068207 0.06885521113872528 0.6442311555147171 0.06885521113872528 0.6442311555147171 0.1743454933166504 0.30285821855068207 0.1743454933166504
0.0 0.6953913122415543 0.043488696217536926 0.9974926561117172 0.043488696217536926 0.9974926561117172 0.13843661546707153 0.6953913122415543 0.13843661546707153
0.0 0.0 0.18899618089199066 0.2969060242176056 0.18899618089199066 0.2969060242176056 0.29373495280742645 0.0 0.29373495280742645
0.0 0.31115005910396576 0.16043853014707565 0.6734336763620377 0.16043853014707565 0.6734336763620377 0.2497483566403389 0.31115005910396576 0.2497483566403389
0.0 0.7069931775331497 0.120720274746418 0.9925632923841476 0.120720274746418 0.9925632923841476 0.2213323637843132 0.7069931775331497 0.2213323637843132
0.0 0.0 0.2734830528497696 0.2988683879375458 0.2734830528497696 0.2988683879375458 0.3644532412290573 0.0 0.3644532412290573
0.0 0.3250296115875244 0.23126378282904625 0.6572698950767517 0.23126378282904625 0.6572698950767517 0.330702755600214 0.3250296115875244 0.330702755600214
0.0 0.705954909324646 0.2003047689795494 1.0 0.2003047689795494 1.0 0.29475197941064835 0.705954909324646 0.29475197941064835
0.0 0.0 0.33801499009132385 0.30098411440849304 0.33801499009132385 0.30098411440849304 0.434474378824234 0.0 0.434474378824234
0.0 0.3345540016889572 0.3101414032280445 0.6770807057619095 0.3101414032280445 0.6770807057619095 0.411536555737257 0.3345540016889572 0.411536555737257
0.0 0.7186917066574097 0.2749202437698841 1.0 0.2749202437698841 1.0 0.37267426773905754 0.7186917066574097 0.37267426773905754
0.0 0.0 0.42246728390455246 0.3205011785030365 0.42246728390455246 0.3205011785030365 0.5156514123082161 0.0 0.5156514123082161
0.0 0.3670034110546112 0.40417611226439476 0.6688887178897858 0.40417611226439476 0.6688887178897858 0.47791600599884987 0.3670034110546112 0.47791600599884987
0.0 0.7358807027339935 0.35777224600315094 1.0000000298023224 0.35777224600315094 1.0000000298023224 0.43960677087306976 0.7358807027339935 0.43960677087306976
0.0 0.0 0.48650704324245453 0.35265544056892395 0.48650704324245453 0.35265544056892395 0.5883892923593521 0.0 0.5883892923593521
0.0 0.3624977022409439 0.4610571600496769 0.7248253673315048 0.4610571600496769 0.7248253673315048 0.5680781863629818 0.3624977022409439 0.5680781863629818
0.0 0.7551920264959335 0.43785396590828896 1.0000000149011612 0.43785396590828896 1.0000000149011612 0.5207627080380917 0.7551920264959335 0.5207627080380917
0.0 0.007818281650543213 0.5735483020544052 0.3583490550518036 0.5735483020544052 0.3583490550518036 0.6609355360269547 0.007818281650543213 0.6609355360269547
0.0 0.37401413917541504 0.5429706871509552 0.7067638635635376 0.5429706871509552 0.7067638635635376 0.6335760056972504 0.37401413917541504 0.6335760056972504
0.0 0.7539994791150093 0.5143720209598541 0.9999999925494194 0.5143720209598541 0.9999999925494194 0.5883557498455048 0.7539994791150093 0.5883557498455048
0.0 0.015358775854110718 0.6397974938154221 0.33512410521507263 0.6397974938154221 0.33512410521507263 0.7354284077882767 0.015358775854110718 0.7354284077882767
0.0 0.39785291254520416 0.6136309020221233 0.7334354966878891 0.6136309020221233 0.7334354966878891 0.6913320906460285 0.39785291254520416 0.6913320906460285
0.0 0.7704956829547882 0.573623526841402 0.9999999701976776 0.573623526841402 0.9999999701976776 0.6803573481738567 0.7704956829547882 0.6803573481738567
0.0 0.017116710543632507 0.714750450104475 0.3681035190820694 0.714750450104475 0.3681035190820694 0.816857535392046 0.017116710543632507 0.816857535392046
0.0 0.4104161113500595 0.6803688183426857 0.7313010841608047 0.6803688183426857 0.7313010841608047 0.7708590850234032 0.4104161113500595 0.7708590850234032
0.0 0.7878121063113213 0.6531482711434364 1.0000000074505806 0.6531482711434364 1.0000000074505806 0.7506137117743492 0.7878121063113213 0.7506137117743492
0.0 0.03899949789047241 0.797237928956747 0.3747270703315735 0.797237928956747 0.3747270703315735 0.873089138418436 0.03899949789047241 0.873089138418436
0.0 0.41134852170944214 0.7503539100289345 0.738918125629425 0.7503539100289345 0.738918125629425 0.847466491162777 0.41134852170944214 0.847466491162777
0.0 0.7826454937458038 0.7233448512852192 0.9999999701976776 0.7233448512852192 0.9999999701976776 0.8239922039210796 0.7826454937458038 0.8239922039210796
