0.0 0.0 0.06401428394019604 0.27938318252563477 0.06401428394019604 0.27938318252563477 0.12229441292583942 0.0 0.12229441292583942
0.0 0.3171558976173401 0.05343690514564514 0.6077499389648438 0.05343690514564514 0.6077499389648438 0.11491124331951141 0.3171558976173401 0.11491124331951141
0.0 0.6758819073438644 0.0393424853682518 0.9916960746049881 0.0393424853682518 0.9916960746049881 0.1081756129860878 0.6758819073438644 0.1081756129860878
0.0 0.0 0.12755182944238186 0.28296419978141785 0.12755182944238186 0.28296419978141785 0.18898137845098972 0.0 0.18898137845098972
0.0 0.323984295129776 0.12156099081039429 0.6495762169361115 0.12156099081039429 0.6495762169361115 0.18744882941246033 0.323984295129776 0.18744882941246033
0.0 0.6800295114517212 0.10458357632160187 0.9831724166870117 0.10458357632160187 0.9831724166870117 0.1709074229001999 0.6800295114517212 0.1709074229001999
0.0 0.0 0.1978526320308447 0.29152023792266846 0.1978526320308447 0.29152023792266846 0.2559805307537317 0.0 0.2559805307537317
0.0 0.32242485880851746 0.1926207598298788 0.625064343214035 0.1926207598298788 0.625064343214035 0.24719765223562717 0.32242485880851746 0.24719765223562717
0.0 0.6806197613477707 0.1849456336349249 0.9843855649232864 0.1849456336349249 0.9843855649232864 0.244702884927392 0.6806197613477707 0.244702884927392
0.0 0.0 0.2575942166149616 0.27518898248672485 0.2575942166149616 0.27518898248672485 0.32302863523364067 0.0 0.32302863523364067
0.0 0.32075774669647217 0.25403380021452904 0.6267281174659729 0.25403380021452904 0.6267281174659729 0.3260651268064976 0.32075774669647217 0.3260651268064976
0.0 0.6838366389274597 0.246439591050148 0.9778072237968445 0.246439591050148 0.9778072237968445 0.3119724839925766 0.6838366389274597 0.3119724839925766
0.0 0.0 0.3244444616138935 0.28132304549217224 0.3244444616138935 0.28132304549217224 0.39451510831713676 0.0 0.39451510831713676
0.0 0.33771614730358124 0.33811857737600803 0.6438910514116287 0.33811857737600803 0.6438910514116287 0.39779303036630154 0.33771614730358124 0.39779303036630154
0.0 0.6774773150682449 0.3237176164984703 0.9727739542722702 0.3237176164984703 0.9727739542722702 0.3861175552010536 0.6774773150682449 0.3861175552010536
0.0 0.0 0.4159180801361799 0.30293646454811096 0.4159180801361799 0.30293646454811096 0.45822581835091114 0.0 0.45822581835091114
0.0 0.33520789444446564 0.4007926043123007 0.6179627031087875 0.4007926043123007 0.6179627031087875 0.462249094620347 0.33520789444446564 0.462249094620347
0.0 0.6944994479417801 0.3955950550734997 0.9947721213102341 0.3955950550734997 0.9947721213102341 0.45246799662709236 0.6944994479417801 0.45246799662709236
0.0 0.0 0.4769260212779045 0.31896573305130005 0.4769260212779045 0.31896573305130005 0.5411184504628181 0.0 0.5411184504628181
0.0 0.3346451222896576 0.48320094123482704 0.6213209927082062 0.48320094123482704 0.6213209927082062 0.5401760004460812 0.3346451222896576 0.5401760004460812
0.0 0.6992816627025604 0.4780047796666622 0.9931500256061554 0.4780047796666622 0.9931500256061554 0.5375048257410526 0.6992816627025604 0.5375048257410526
0.0 0.001050323247909546 0.5555607583373785 0.29625317454338074 0.5555607583373785 0.29625317454338074 0.6117469761520624 0.001050323247909546 0.6117469761520624
0.0 0.3281372934579849 0.5500578917562962 0.6272275298833847 0.5500578917562962 0.6272275298833847 0.6149852238595486 0.3281372934579849 0.6149852238595486
0.0 0.68265700340271 0.5489381663501263 1.0 0.5489381663501263 1.0 0.6074609644711018 0.68265700340271 0.6074609644711018
0.0 0.0 0.6248418912291527 0.25196993350982666 0.6248418912291527 0.25196993350982666 0.6863472834229469 0.0 0.6863472834229469
0.0 0.33412230014801025 0.6272470951080322 0.6654589772224426 0.6272470951080322 0.6654589772224426 0.6852743625640869 0.33412230014801025 0.6852743625640869
0.0 0.7036883980035782 0.6266994923353195 0.9999999850988388 0.6266994923353195 0.9999999850988388 0.6892989426851273 0.7036883980035782 0.6892989426851273
0.0 0.0 0.6985120344907045 0.29353460669517517 0.6985120344907045 0.29353460669517517 0.7504318188875914 0.0 0.7504318188875914
0.0 0.34411171078681946 0.7008202970027924 0.6660721004009247 0.7008202970027924 0.6660721004009247 0.7654952108860016 0.34411171078681946 0.7654952108860016
0.0 0.700769916176796 0.7004961427301168 0.999334916472435 0.7004961427301168 0.999334916472435 0.7613922897726297 0.700769916176796 0.7613922897726297
