0.0 0.0 0.028403032571077347 0.2396494299173355 0.028403032571077347 0.2396494299173355 0.10088058933615685 0.0 0.10088058933615685
0.0 0.27889978885650635 0.04436643794178963 0.6022345423698425 0.04436643794178963 0.6022345423698425 0.11704995855689049 0.27889978885650635 0.11704995855689049
0.0 0.6715033650398254 0.05874028429389 0.9941971898078918 0.05874028429389 0.9941971898078918 0.13596488907933235 0.6715033650398254 0.13596488907933235
0.0 0.0 0.0971291996538639 0.24852345883846283 0.0971291996538639 0.24852345883846283 0.17299916967749596 0.0 0.17299916967749596
0.0 0.2913016229867935 0.1165502481162548 0.6503078192472458 0.1165502481162548 0.6503078192472458 0.19452660158276558 0.2913016229867935 0.19452660158276558
0.0 0.6791018396615982 0.12406309321522713 0.9882073253393173 0.12406309321522713 0.9882073253393173 0.19841669127345085 0.6791018396615982 0.19841669127345085
0.0 0.0 0.172263752669096 0.2630036473274231 0.172263752669096 0.2630036473274231 0.24511830881237984 0.0 0.24511830881237984
0.0 0.29425646364688873 0.1894710287451744 0.6277125924825668 0.1894710287451744 0.6277125924825668 0.25512946397066116 0.29425646364688873 0.25512946397066116
0.0 0.6836623102426529 0.20410707965493202 0.9922430366277695 0.20410707965493202 0.9922430366277695 0.27190523967146873 0.6836623102426529 0.27190523967146873
0.0 0.0 0.235606849193573 0.2492188811302185 0.235606849193573 0.2492188811302185 0.3159139156341553 0.0 0.3159139156341553
0.0 0.2964661419391632 0.25260644033551216 0.6336304247379303 0.25260644033551216 0.6336304247379303 0.336231779307127 0.2964661419391632 0.336231779307127
0.0 0.6900641322135925 0.26503873988986015 0.9881948828697205 0.26503873988986015 0.9881948828697205 0.3382495529949665 0.6900641322135925 0.3382495529949665
0.0 0.0 0.30778587609529495 0.26122960448265076 0.30778587609529495 0.26122960448265076 0.3921545073390007 0.0 0.3921545073390007
0.0 0.32105009257793427 0.3394308462738991 0.6553487330675125 0.3394308462738991 0.6553487330675125 0.4101633056998253 0.32105009257793427 0.4101633056998253
0.0 0.6871791481971741 0.3408634625375271 0.9860814213752747 0.3408634625375271 0.9860814213752747 0.4110303558409214 0.6871791481971741 0.4110303558409214
0.0 0.0 0.4044898469001055 0.2899853587150574 0.4044898469001055 0.2899853587150574 0.45997133664786816 0.0 0.45997133664786816
0.0 0.3223169893026352 0.4028693288564682 0.6316572576761246 0.4028693288564682 0.6316572576761246 0.4745186120271683 0.3223169893026352 0.4745186120271683
0.0 0.7083379030227661 0.41195763647556305 1.0 0.41195763647556305 1.0 0.47668908536434174 0.7083379030227661 0.47668908536434174
0.0 0.0 0.468895860016346 0.3134404122829437 0.468895860016346 0.3134404122829437 0.545524887740612 0.0 0.545524887740612
0.0 0.32706618309020996 0.4866909980773926 0.6391834020614624 0.4866909980773926 0.6391834020614624 0.5519452095031738 0.32706618309020996 0.5519452095031738
0.0 0.7172274440526962 0.4926435127854347 1.0000000149011612 0.4926435127854347 1.0000000149011612 0.5578393563628197 0.7172274440526962 0.5578393563628197
0.0 0.0 0.5525361597537994 0.2928442358970642 0.5525361597537994 0.2928442358970642 0.6171070039272308 0.0 0.6171070039272308
0.0 0.3242276757955551 0.5548784509301186 0.6491272002458572 0.5548784509301186 0.6491272002458572 0.6258212551474571 0.3242276757955551 0.6258212551474571
0.0 0.7034793049097061 0.5620006807148457 0.9999999850988388 0.5620006807148457 0.9999999850988388 0.6243656389415264 0.7034793049097061 0.6243656389415264
0.0 0.0 0.6254916898906231 0.24839092791080475 0.6254916898906231 0.24839092791080475 0.6924696452915668 0.0 0.6924696452915668
0.0 0.33590324223041534 0.6334747429937124 0.6920179575681686 0.6334747429937124 0.6920179575681686 0.695035183802247 0.33590324223041534 0.695035183802247
0.0 0.7288486808538437 0.638439979404211 1.0000000149011612 0.638439979404211 1.0000000149011612 0.7015554048120975 0.7288486808538437 0.7015554048120975
0.0 0.0 0.7027545757591724 0.2990799844264984 0.7027545757591724 0.2990799844264984 0.7575879506766796 0.0 0.7575879506766796
0.0 0.35166124999523163 0.7078726254403591 0.696527436375618 0.7078726254403591 0.696527436375618 0.7728881873190403 0.35166124999523163 0.7728881873190403
0.0 0.729331836104393 0.7100913096219301 1.0000000149011612 0.7100913096219301 1.0000000149011612 0.7691598366945982 0.729331836104393 0.7691598366945982
