0.0 0.0 0.1150459498167038 0.2661123275756836 0.1150459498167038 0.2661123275756836 0.18319077789783478 0.0 0.18319077789783478
0.0 0.29891344904899597 0.09151522070169449 0.5903495848178864 0.09151522070169449 0.5903495848178864 0.16097667068243027 0.29891344904899597 0.16097667068243027
0.0 0.6496763527393341 0.06366122886538506 0.952636331319809 0.06366122886538506 0.952636331319809 0.13880208507180214 0.6496763527393341 0.13880208507180214
0.0 0.0 0.17450697720050812 0.27602002024650574 0.17450697720050812 0.27602002024650574 0.24732746183872223 0.0 0.24732746183872223
0.0 0.31211890280246735 0.15224284678697586 0.6386650651693344 0.15224284678697586 0.6386650651693344 0.22891434282064438 0.31211890280246735 0.22891434282064438
0.0 0.6606238186359406 0.12248142063617706 0.9525614678859711 0.12248142063617706 0.9525614678859711 0.1962905079126358 0.6606238186359406 0.1962905079126358
0.0 0.0 0.24047205969691277 0.2910534739494324 0.24047205969691277 0.2910534739494324 0.31279589608311653 0.0 0.31279589608311653
0.0 0.31711573898792267 0.21898837387561798 0.6215996593236923 0.21898837387561798 0.6215996593236923 0.28559790551662445 0.31711573898792267 0.28559790551662445
0.0 0.6698498874902725 0.19498541578650475 0.9629707187414169 0.19498541578650475 0.9629707187414169 0.2645562030375004 0.6698498874902725 0.2645562030375004
0.0 0.0 0.29813962429761887 0.28088778257369995 0.29813962429761887 0.28088778257369995 0.378557451069355 0.0 0.378557451069355
0.0 0.3211809992790222 0.27601970732212067 0.6319547295570374 0.27601970732212067 0.6319547295570374 0.36091427505016327 0.3211809992790222 0.36091427505016327
0.0 0.6796684265136719 0.25121187791228294 0.9651538133621216 0.25121187791228294 0.9651538133621216 0.3270680345594883 0.6796684265136719 0.3270680345594883
0.0 0.0 0.36178430169820786 0.2940391004085541 0.36178430169820786 0.2940391004085541 0.4474290981888771 0.0 0.4474290981888771
0.0 0.34628620743751526 0.3538053445518017 0.6567557752132416 0.3538053445518017 0.6567557752132416 0.42881711199879646 0.34628620743751526 0.42881711199879646
0.0 0.6819406300783157 0.32223526760935783 0.96980981528759 0.32223526760935783 0.96980981528759 0.39701320603489876 0.6819406300783157 0.39701320603489876
0.0 0.0 0.44861299730837345 0.3223353624343872 0.44861299730837345 0.3223353624343872 0.5102689173072577 0.0 0.5102689173072577
0.0 0.34972408413887024 0.4144492410123348 0.6386505663394928 0.4144492410123348 0.6386505663394928 0.49114516749978065 0.34972408413887024 0.49114516749978065
0.0 0.7064550817012787 0.3872710205614567 0.998948484659195 0.3872710205614567 0.998948484659195 0.4586504362523556 0.7064550817012787 0.4586504362523556
0.0 0.003545612096786499 0.5072540678083897 0.3468131422996521 0.5072540678083897 0.3468131422996521 0.5911751352250576 0.003545612096786499 0.5911751352250576
0.0 0.3571396470069885 0.4931095577776432 0.6506187319755554 0.4931095577776432 0.6506187319755554 0.5657857917249203 0.3571396470069885 0.5657857917249203
0.0 0.7203946113586426 0.464286707341671 1.0 0.464286707341671 1.0 0.537822462618351 0.7203946113586426 0.537822462618351
0.0 0.015943720936775208 0.5870972275733948 0.3304101377725601 0.5870972275733948 0.3304101377725601 0.6605190634727478 0.015943720936775208 0.6605190634727478
0.0 0.3570823222398758 0.5579417645931244 0.6648273915052414 0.5579417645931244 0.6648273915052414 0.638324648141861 0.3570823222398758 0.638324648141861
0.0 0.712200254201889 0.5314392857253551 1.0000000298023224 0.5314392857253551 1.0000000298023224 0.6046971268951893 0.712200254201889 0.6046971268951893
0.0 0.014703229069709778 0.6597210690379143 0.2918366938829422 0.6597210690379143 0.2918366938829422 0.7356516793370247 0.014703229069709778 0.7356516793370247
0.0 0.3708784729242325 0.631255216896534 0.7105440944433212 0.631255216896534 0.7105440944433212 0.7056959196925163 0.3708784729242325 0.7056959196925163
0.0 0.7418579906225204 0.6058612316846848 1.0000000149011612 0.6058612316846848 1.0000000149011612 0.680967167019844 0.7418579906225204 0.680967167019844
0.0 0.0174054354429245 0.731519065797329 0.34126363694667816 0.731519065797329 0.34126363694667816 0.7993859425187111 0.0174054354429245 0.7993859425187111
0.0 0.3885282278060913 0.7038686163723469 0.7204151153564453 0.7038686163723469 0.7204151153564453 0.783352505415678 0.3885282278060913 0.783352505415678
0.0 0.7475714534521103 0.6772870384156704 1.0000000149011612 0.6772870384156704 1.0000000149011612 0.7500726617872715 0.7475714534521103 0.7500726617872715
