0.0 0.8321748748421669 0.0 1.0000000223517418 0.0 1.0000000223517418 0.07342381775379181 0.8321748748421669 0.07342381775379181
0.0 0.0 0.0 0.15909983217716217 0.0 0.15909983217716217 0.0613115094602108 0.0 0.0613115094602108
0.0 0.0 0.010720595717430115 0.13856786489486694 0.010720595717430115 0.13856786489486694 0.11619648337364197 0.0 0.11619648337364197
0.0 0.0 0.0656866617500782 0.12423703819513321 0.0656866617500782 0.12423703819513321 0.1738092564046383 0.0 0.1738092564046383
0.0 0.0 0.11728239431977272 0.10961101204156876 0.11728239431977272 0.10961101204156876 0.23093464598059654 0.0 0.23093464598059654
0.0 0.1950225830078125 0.03324723616242409 0.449460506439209 0.03324723616242409 0.449460506439209 0.13401224836707115 0.1950225830078125 0.13401224836707115
0.0 0.4622201770544052 0.09797780960798264 0.7106045633554459 0.09797780960798264 0.7106045633554459 0.19863442331552505 0.4622201770544052 0.19863442331552505
0.0 0.7438166439533234 0.16484743356704712 0.9999999701976776 0.16484743356704712 0.9999999701976776 0.2719273865222931 0.7438166439533234 0.2719273865222931
0.0 0.1687905192375183 0.08342134207487106 0.42892855405807495 0.08342134207487106 0.42892855405807495 0.18889722973108292 0.1687905192375183 0.18889722973108292
0.0 0.44110172986984253 0.153011716902256 0.7190760970115662 0.153011716902256 0.7190760970115662 0.2648298665881157 0.44110172986984253 0.2648298665881157
0.0 0.725341334939003 0.2153194509446621 0.9753706306219101 0.2153194509446621 0.9753706306219101 0.3196715749800205 0.725341334939003 0.3196715749800205
0.0 0.13353736698627472 0.13720285519957542 0.40986673533916473 0.13720285519957542 0.40986673533916473 0.2453254498541355 0.13353736698627472 0.2453254498541355
0.0 0.41768956184387207 0.20793724805116653 0.6754776239395142 0.20793724805116653 0.6754776239395142 0.3081337735056877 0.41768956184387207 0.3081337735056877
0.0 0.700167715549469 0.2772570289671421 0.9499037861824036 0.2772570289671421 0.9499037861824036 0.3782520852982998 0.700167715549469 0.3782520852982998
0.0 0.1021043211221695 0.18355274572968483 0.37428922951221466 0.18355274572968483 0.37428922951221466 0.29720499739050865 0.1021043211221695 0.29720499739050865
0.0 0.3872276395559311 0.2559995986521244 0.6552097946405411 0.2559995986521244 0.6552097946405411 0.37235232815146446 0.3872276395559311 0.37235232815146446
0.0 0.6791367009282112 0.32544809207320213 0.9246991202235222 0.32544809207320213 0.9246991202235222 0.4305582083761692 0.6791367009282112 0.4305582083761692
0.0 0.09177038073539734 0.2419913299381733 0.35413986444473267 0.2419913299381733 0.35413986444473267 0.357876967638731 0.09177038073539734 0.357876967638731
0.0 0.3739843815565109 0.32626253738999367 0.6388824731111526 0.32626253738999367 0.6388824731111526 0.4343375526368618 0.3739843815565109 0.4343375526368618
0.0 0.6480861827731133 0.3844481259584427 0.8952062204480171 0.3844481259584427 0.8952062204480171 0.4890100210905075 0.6480861827731133 0.4890100210905075
0.0 0.06668417155742645 0.3166196495294571 0.33766691386699677 0.3166196495294571 0.33766691386699677 0.41542892158031464 0.06668417155742645 0.41542892158031464
0.0 0.3477814644575119 0.3757394887506962 0.5962823182344437 0.3757394887506962 0.5962823182344437 0.4820544384419918 0.3477814644575119 0.4820544384419918
0.0 0.63786880671978 0.44432158023118973 0.8876339942216873 0.44432158023118973 0.8876339942216873 0.5467312261462212 0.63786880671978 0.5467312261462212
0.0 0.03410722315311432 0.36679379269480705 0.32727275788784027 0.36679379269480705 0.32727275788784027 0.48710646107792854 0.03410722315311432 0.48710646107792854
0.0 0.3182303160429001 0.44244879856705666 0.5691413432359695 0.44244879856705666 0.5691413432359695 0.5460835061967373 0.3182303160429001 0.5460835061967373
0.0 0.6118445098400116 0.5108008682727814 0.8584945499897003 0.5108008682727814 0.8584945499897003 0.6143068969249725 0.6118445098400116 0.6143068969249725
0.0 0.010491177439689636 0.4339904300868511 0.2780635803937912 0.4339904300868511 0.2780635803937912 0.5413277633488178 0.010491177439689636 0.5413277633488178
0.0 0.28488822281360626 0.4963589832186699 0.5491978377103806 0.4963589832186699 0.5491978377103806 0.608508475124836 0.28488822281360626 0.608508475124836
0.0 0.574093759059906 0.5651305690407753 0.8396386504173279 0.5651305690407753 0.8396386504173279 0.6719602569937706 0.574093759059906 0.6719602569937706
0.0 0.0 0.4912577234208584 0.2138962745666504 0.4912577234208584 0.2138962745666504 0.5952035821974277 0.0 0.5952035821974277
0.0 0.26332883536815643 0.5617823600769043 0.5509418994188309 0.5617823600769043 0.5509418994188309 0.673668384552002 0.26332883536815643 0.673668384552002
0.0 0.5616157799959183 0.6327133253216743 0.8127909153699875 0.6327133253216743 0.8127909153699875 0.7382905408740044 0.5616157799959183 0.7382905408740044
0.0 0.0 0.5534253865480423 0.21948957443237305 0.5534253865480423 0.21948957443237305 0.6575140208005905 0.0 0.6575140208005905
0.0 0.24115382134914398 0.6254121996462345 0.5241232663393021 0.6254121996462345 0.5241232663393021 0.7403574250638485 0.24115382134914398 0.7403574250638485
0.0 0.5335037708282471 0.6929181627929211 0.7857664823532104 0.6929181627929211 0.7857664823532104 0.79689135029912 0.5335037708282471 0.79689135029912
0.0 0.9223186708986759 0.5885376036167145 1.000000026077032 0.5885376036167145 1.000000026077032 0.6920436322689056 0.9223186708986759 0.6920436322689056
0.0 0.8906506150960922 0.6443903222680092 1.0000000149011612 0.6443903222680092 1.0000000149011612 0.7512200102210045 0.8906506150960922 0.7512200102210045
0.0 0.8599245473742485 0.7074040845036507 1.0000000074505806 0.7074040845036507 1.0000000074505806 0.8129813000559807 0.8599245473742485 0.8129813000559807
0.0 0.8338400274515152 0.7681166343390942 0.9999999850988388 0.7681166343390942 0.9999999850988388 0.872089821845293 0.8338400274515152 0.872089821845293
