0.0 0.0 0.012641891837120056 0.13601206243038177 0.012641891837120056 0.13601206243038177 0.11463646590709686 0.0 0.11463646590709686
0.0 0.15872547030448914 0.0 0.46649160981178284 0.0 0.46649160981178284 0.04989895224571228 0.15872547030448914 0.04989895224571228
0.0 0.0 0.0 0.12024088203907013 0.0 0.12024088203907013 0.06314948201179504 0.0 0.06314948201179504
0.0 0.0 0.22184467688202858 0.20856289565563202 0.22184467688202858 0.20856289565563202 0.32408833131194115 0.0 0.32408833131194115
0.0 0.23046961426734924 0.15098946914076805 0.5405778586864471 0.15098946914076805 0.5405778586864471 0.25669220462441444 0.23046961426734924 0.25669220462441444
0.0 0.5898456871509552 0.06817790120840073 0.9223745763301849 0.06817790120840073 0.9223745763301849 0.1832740381360054 0.5898456871509552 0.1832740381360054
0.0 0.0 0.27338647097349167 0.2305774986743927 0.27338647097349167 0.2305774986743927 0.3803035095334053 0.0 0.3803035095334053
0.0 0.25559668242931366 0.19837353006005287 0.6040235906839371 0.19837353006005287 0.6040235906839371 0.31527986750006676 0.25559668242931366 0.31527986750006676
0.0 0.6124885976314545 0.12199417874217033 0.9336746037006378 0.12199417874217033 0.9336746037006378 0.2335757501423359 0.6124885976314545 0.2335757501423359
0.0 0.0 0.3299993984401226 0.257844477891922 0.3299993984401226 0.257844477891922 0.43911271169781685 0.0 0.43911271169781685
0.0 0.2730103135108948 0.2612491622567177 0.5969394445419312 0.2612491622567177 0.5969394445419312 0.3652910217642784 0.2730103135108948 0.3652910217642784
0.0 0.6361892968416214 0.18670887872576714 0.9582400768995285 0.18670887872576714 0.9582400768995285 0.29403870180249214 0.6361892968416214 0.29403870180249214
0.0 0.0 0.38310374319553375 0.2598601281642914 0.38310374319553375 0.2598601281642914 0.49751250445842743 0.0 0.49751250445842743
0.0 0.28753799200057983 0.31152357906103134 0.6225031614303589 0.31152357906103134 0.6225031614303589 0.43183741718530655 0.28753799200057983 0.43183741718530655
0.0 0.6571265459060669 0.23801476880908012 0.9731099605560303 0.23801476880908012 0.9731099605560303 0.34916840866208076 0.6571265459060669 0.34916840866208076
0.0 0.0 0.43820445239543915 0.2864612936973572 0.43820445239543915 0.2864612936973572 0.5548652559518814 0.0 0.5548652559518814
0.0 0.3280895948410034 0.37824761494994164 0.6615673899650574 0.37824761494994164 0.6615673899650574 0.4892355836927891 0.3280895948410034 0.4892355836927891
0.0 0.6732042133808136 0.302499957382679 0.9918681085109711 0.302499957382679 0.9918681085109711 0.41235261410474777 0.6732042133808136 0.41235261410474777
0.0 0.0 0.5116575062274933 0.3266332149505615 0.5116575062274933 0.3266332149505615 0.6097787320613861 0.0 0.6097787320613861
0.0 0.34264494478702545 0.4359910301864147 0.6546450704336166 0.4359910301864147 0.6546450704336166 0.5446399040520191 0.34264494478702545 0.5446399040520191
0.0 0.7118797600269318 0.3578634336590767 0.9999999701976776 0.3578634336590767 0.9999999701976776 0.46489518135786057 0.7118797600269318 0.46489518135786057
0.0 0.007117241621017456 0.5611966475844383 0.36721155047416687 0.5611966475844383 0.36721155047416687 0.6806111708283424 0.007117241621017456 0.6806111708283424
0.0 0.36516059935092926 0.5056961923837662 0.6815152019262314 0.5056961923837662 0.6815152019262314 0.6107441037893295 0.36516059935092926 0.6107441037893295
0.0 0.7414656728506088 0.42750686779618263 1.0000000149011612 0.42750686779618263 1.0000000149011612 0.5350028239190578 0.7414656728506088 0.5350028239190578
0.0 0.0339558869600296 0.6350965760648251 0.36338694393634796 0.6350965760648251 0.36338694393634796 0.7410834766924381 0.0339558869600296 0.7410834766924381
0.0 0.37728753685951233 0.5628011040389538 0.7105112969875336 0.5628011040389538 0.7105112969875336 0.6759088225662708 0.37728753685951233 0.6759088225662708
0.0 0.7460152953863144 0.4871268980205059 1.0000000149011612 0.4871268980205059 1.0000000149011612 0.59718232229352 0.7460152953863144 0.59718232229352
0.0 0.045406997203826904 0.7056241519749165 0.33806174993515015 0.7056241519749165 0.33806174993515015 0.8086823932826519 0.045406997203826904 0.8086823932826519
0.0 0.4058951288461685 0.6232196539640427 0.7717294543981552 0.6232196539640427 0.7717294543981552 0.7352517396211624 0.4058951288461685 0.7352517396211624
0.0 0.7918158620595932 0.5544568449258804 1.0000000149011612 0.5544568449258804 1.0000000149011612 0.6627406924962997 0.7918158620595932 0.6627406924962997
0.0 0.06199166178703308 0.762897577136755 0.40043964982032776 0.762897577136755 0.40043964982032776 0.8661789037287235 0.06199166178703308 0.8661789037287235
0.0 0.4377152770757675 0.6883552372455597 0.7975309044122696 0.6883552372455597 0.7975309044122696 0.8038980662822723 0.4377152770757675 0.8038980662822723
0.0 0.8118602260947227 0.6195223405957222 0.9999999776482582 0.6195223405957222 0.9999999776482582 0.7254434749484062 0.8118602260947227 0.7254434749484062
