0.0 0.023393869400024414 0.059335267171263695 0.3284500539302826 0.059335267171263695 0.3284500539302826 0.11545545794069767 0.023393869400024414 0.11545545794069767
0.0 0.3669469505548477 0.05759739503264427 0.6491896957159042 0.05759739503264427 0.6491896957159042 0.11436085775494576 0.3669469505548477 0.11436085775494576
0.0 0.7110261917114258 0.05398146063089371 0.9894657135009766 0.05398146063089371 0.9894657135009766 0.11464779824018478 0.7110261917114258 0.11464779824018478
0.0 0.020542949438095093 0.12687224335968494 0.33026379346847534 0.12687224335968494 0.33026379346847534 0.18837308697402477 0.020542949438095093 0.18837308697402477
0.0 0.3719339519739151 0.1274808719754219 0.6866034120321274 0.1274808719754219 0.6866034120321274 0.19017776101827621 0.3719339519739151 0.19017776101827621
0.0 0.7136548906564713 0.11696431785821915 0.9814524501562119 0.11696431785821915 0.9814524501562119 0.17709171026945114 0.7136548906564713 0.17709171026945114
0.0 0.006126478314399719 0.2007597964257002 0.3370813578367233 0.2007597964257002 0.3370813578367233 0.26185974664986134 0.006126478314399719 0.26185974664986134
0.0 0.36862628161907196 0.19824932515621185 0.662521556019783 0.19824932515621185 0.662521556019783 0.2526862770318985 0.36862628161907196 0.2526862770318985
0.0 0.712820515036583 0.19382303766906261 0.9814630895853043 0.19382303766906261 0.9814630895853043 0.25065905041992664 0.712820515036583 0.25065905041992664
0.0 0.0 0.26358959823846817 0.3185391426086426 0.26358959823846817 0.3185391426086426 0.3358016833662987 0.0 0.3358016833662987
0.0 0.36507749557495117 0.2599578909575939 0.6628521680831909 0.2599578909575939 0.6628521680831909 0.33547844365239143 0.36507749557495117 0.33547844365239143
0.0 0.7145175486803055 0.252774678170681 0.9751013964414597 0.252774678170681 0.9751013964414597 0.31788448244333267 0.7145175486803055 0.31788448244333267
0.0 0.01823703944683075 0.334186639636755 0.3228549212217331 0.334186639636755 0.3228549212217331 0.4144134260714054 0.01823703944683075 0.4144134260714054
0.0 0.38009731471538544 0.3444937877357006 0.6771490126848221 0.3444937877357006 0.6771490126848221 0.41067637875676155 0.38009731471538544 0.41067637875676155
0.0 0.7072814255952835 0.32717369496822357 0.9698254317045212 0.32717369496822357 0.9698254317045212 0.3922988921403885 0.7072814255952835 0.3922988921403885
0.0 0.016306355595588684 0.4306004624813795 0.34288226068019867 0.4306004624813795 0.34288226068019867 0.4847595114260912 0.016306355595588684 0.4847595114260912
0.0 0.37588605284690857 0.40819212794303894 0.6517395079135895 0.40819212794303894 0.6517395079135895 0.4784989058971405 0.37588605284690857 0.4784989058971405
0.0 0.7216959744691849 0.3962080758064985 0.9876109808683395 0.3962080758064985 0.9876109808683395 0.45859787054359913 0.7216959744691849 0.45859787054359913
0.0 0.013456538319587708 0.49527532979846 0.35724450647830963 0.49527532979846 0.35724450647830963 0.5749258287250996 0.013456538319587708 0.5749258287250996
0.0 0.3731912225484848 0.49227145686745644 0.6532143503427505 0.49227145686745644 0.6532143503427505 0.5595004223287106 0.3731912225484848 0.5595004223287106
0.0 0.7245424091815948 0.47628530487418175 0.9851889312267303 0.47628530487418175 0.9851889312267303 0.5425516702234745 0.7245424091815948 0.5425516702234745
0.0 0.01680716872215271 0.5811875350773335 0.3318902850151062 0.5811875350773335 0.3318902850151062 0.6520220749080181 0.01680716872215271 0.6520220749080181
0.0 0.36470191180706024 0.5613400787115097 0.6573801785707474 0.5613400787115097 0.6573801785707474 0.6377048641443253 0.36470191180706024 0.6377048641443253
0.0 0.7079400718212128 0.5460991598665714 0.990655928850174 0.5460991598665714 0.990655928850174 0.612484123557806 0.7079400718212128 0.612484123557806
0.0 0.006958022713661194 0.6585495173931122 0.28390319645404816 0.6585495173931122 0.28390319645404816 0.7348333895206451 0.006958022713661194 0.7348333895206451
0.0 0.3687947690486908 0.6399273164570332 0.6915004551410675 0.6399273164570332 0.6915004551410675 0.7103881351649761 0.3687947690486908 0.7103881351649761
0.0 0.7258382588624954 0.6228209175169468 0.9898297041654587 0.6228209175169468 0.9898297041654587 0.6930553279817104 0.7258382588624954 0.6930553279817104
0.0 0.0006754845380783081 0.7371697872877121 0.32509107887744904 0.7371697872877121 0.32509107887744904 0.8048971444368362 0.0006754845380783081 0.8048971444368362
0.0 0.3768714964389801 0.7161515578627586 0.6906240880489349 0.7161515578627586 0.6906240880489349 0.7937769070267677 0.3768714964389801 0.7937769070267677
0.0 0.721832886338234 0.6960784755647182 0.9875947088003159 0.6960784755647182 0.9875947088003159 0.7651119865477085 0.721832886338234 0.7651119865477085
