0.0 0.03154146671295166 0.09037558734416962 0.30462440848350525 0.09037558734416962 0.30462440848350525 0.13673709332942963 0.03154146671295166 0.13673709332942963
0.0 0.3406181335449219 0.08802816644310951 0.6058763861656189 0.08802816644310951 0.6058763861656189 0.13615023717284203 0.3406181335449219 0.13615023717284203
0.0 0.6669092774391174 0.0839201919734478 0.9423395991325378 0.0839201919734478 0.9423395991325378 0.13673709705471992 0.6669092774391174 0.13673709705471992
0.0 0.02919405698776245 0.14671361446380615 0.30697184801101685 0.14671361446380615 0.30697184801101685 0.19718310236930847 0.02919405698776245 0.19718310236930847
0.0 0.3460954427719116 0.14788731932640076 0.6434350609779358 0.14788731932640076 0.6434350609779358 0.20070421695709229 0.3460954427719116 0.20070421695709229
0.0 0.6708216071128845 0.13908451795578003 0.9360798001289368 0.13908451795578003 0.9360798001289368 0.19131454825401306 0.6708216071128845 0.19131454825401306
0.0 0.01667448878288269 0.2095070481300354 0.3140140771865845 0.2095070481300354 0.3140140771865845 0.2582159638404846 0.01667448878288269 0.2582159638404846
0.0 0.3437480330467224 0.2095070481300354 0.6215258240699768 0.2095070481300354 0.6215258240699768 0.2541079819202423 0.3437480330467224 0.2541079819202423
0.0 0.6716040372848511 0.2077464759349823 0.938427209854126 0.2077464759349823 0.938427209854126 0.2558685541152954 0.6716040372848511 0.2558685541152954
0.0 0.008849769830703735 0.2629108130931854 0.29758214950561523 0.2629108130931854 0.29758214950561523 0.31983569264411926 0.008849769830703735 0.31983569264411926
0.0 0.3414006233215332 0.26349765062332153 0.6230907440185547 0.26349765062332153 0.6230907440185547 0.3251173496246338 0.3414006233215332 0.3251173496246338
0.0 0.6747339963912964 0.26056337356567383 0.9337323904037476 0.26056337356567383 0.9337323904037476 0.31514084339141846 0.6747339963912964 0.31514084339141846
0.0 0.027629107236862183 0.3233568072319031 0.30227699875831604 0.3233568072319031 0.30227699875831604 0.3861502408981323 0.027629107236862183 0.3861502408981323
0.0 0.356267586350441 0.3380281627178192 0.6387401670217514 0.3380281627178192 0.6387401670217514 0.39025822281837463 0.356267586350441 0.39025822281837463
0.0 0.6692566275596619 0.3274647891521454 0.930602490901947 0.3274647891521454 0.930602490901947 0.380868524312973 0.6692566275596619 0.380868524312973
0.0 0.026064157485961914 0.4066901206970215 0.3218387961387634 0.4066901206970215 0.3218387961387634 0.44542253017425537 0.026064157485961914 0.44542253017425537
0.0 0.353137731552124 0.39377933740615845 0.6152660250663757 0.39377933740615845 0.6152660250663757 0.4489436745643616 0.353137731552124 0.4489436745643616
0.0 0.6849061250686646 0.39025819301605225 0.9509468078613281 0.39025819301605225 0.9509468078613281 0.44014084339141846 0.6849061250686646 0.44014084339141846
0.0 0.023716747760772705 0.4630281925201416 0.33592331409454346 0.4630281925201416 0.33592331409454346 0.5217136144638062 0.023716747760772705 0.5217136144638062
0.0 0.35157275199890137 0.4683098793029785 0.6183959245681763 0.4683098793029785 0.6183959245681763 0.5193662047386169 0.35157275199890137 0.5193662047386169
0.0 0.689600944519043 0.4630281776189804 0.9509468078613281 0.4630281776189804 0.9509468078613281 0.5152582079172134 0.689600944519043 0.5152582079172134
0.0 0.026846647262573242 0.5369718074798584 0.31323158740997314 0.5369718074798584 0.31323158740997314 0.5874413251876831 0.026846647262573242 0.5874413251876831
0.0 0.34453052282333374 0.5299295783042908 0.623873233795166 0.5299295783042908 0.623873233795166 0.5874412655830383 0.34453052282333374 0.5874412655830383
0.0 0.6747339367866516 0.5269953012466431 0.9587715268135071 0.5269953012466431 0.9587715268135071 0.5774648189544678 0.6747339367866516 0.5774648189544678
0.0 0.01823943853378296 0.6026995182037354 0.26941314339637756 0.6026995182037354 0.26941314339637756 0.6578638553619385 0.01823943853378296 0.6578638553619385
0.0 0.34922534227371216 0.6015257835388184 0.6590844988822937 0.6015257835388184 0.6590844988822937 0.6514084339141846 0.34922534227371216 0.6514084339141846
0.0 0.6942957639694214 0.5974178314208984 0.960336446762085 0.5974178314208984 0.960336446762085 0.6508215665817261 0.6942957639694214 0.6508215665817261
0.0 0.012762129306793213 0.6731220483779907 0.3085367679595947 0.6731220483779907 0.3085367679595947 0.71772301197052 0.012762129306793213 0.71772301197052
0.0 0.35783253610134125 0.670187771320343 0.6598669439554214 0.670187771320343 0.6598669439554214 0.7253521084785461 0.35783253610134125 0.7253521084785461
0.0 0.691948413848877 0.6649060845375061 0.960336446762085 0.6649060845375061 0.960336446762085 0.7159624695777893 0.691948413848877 0.7159624695777893
