0.0 0.1131986677646637 0.06370826438069344 0.3745734989643097 0.06370826438069344 0.3745734989643097 0.14354340359568596 0.1131986677646637 0.14354340359568596
0.0 0.3970366269350052 0.09608375281095505 0.651635929942131 0.09608375281095505 0.651635929942131 0.1768985465168953 0.3970366269350052 0.1768985465168953
0.0 0.6964046508073807 0.1285385936498642 0.9614255875349045 0.1285385936498642 0.9614255875349045 0.21546630561351776 0.6964046508073807 0.21546630561351776
0.0 0.09707871079444885 0.1230318658053875 0.3637120723724365 0.1230318658053875 0.3637120723724365 0.20774148777127266 0.09707871079444885 0.20774148777127266
0.0 0.38714994490146637 0.1600141078233719 0.672281488776207 0.1600141078233719 0.672281488776207 0.24941278994083405 0.38714994490146637 0.24941278994083405
0.0 0.6873863488435745 0.18732677400112152 0.9429346770048141 0.18732677400112152 0.9429346770048141 0.27248652279376984 0.6873863488435745 0.27248652279376984
0.0 0.07148614525794983 0.18803607672452927 0.3556685745716095 0.18803607672452927 0.3556685745716095 0.27308977395296097 0.07148614525794983 0.27308977395296097
0.0 0.37265700101852417 0.22492413967847824 0.6379345059394836 0.22492413967847824 0.6379345059394836 0.303426630795002 0.37265700101852417 0.303426630795002
0.0 0.6731902062892914 0.2600383013486862 0.9292259514331818 0.2600383013486862 0.9292259514331818 0.3410295993089676 0.6731902062892914 0.3410295993089676
0.0 0.050067394971847534 0.24363838508725166 0.32824742794036865 0.24363838508725166 0.32824742794036865 0.3364113084971905 0.050067394971847534 0.3364113084971905
0.0 0.35409654676914215 0.281764879822731 0.6268971413373947 0.281764879822731 0.6268971413373947 0.37870924174785614 0.35409654676914215 0.37870924174785614
0.0 0.6623691767454147 0.3162553757429123 0.912713959813118 0.3162553757429123 0.912713959813118 0.4031919986009598 0.6623691767454147 0.4031919986009598
0.0 0.05198390781879425 0.3096896857023239 0.3185916095972061 0.3096896857023239 0.3185916095972061 0.4070812612771988 0.05198390781879425 0.4070812612771988
0.0 0.3526930660009384 0.3622720390558243 0.6240425258874893 0.3622720390558243 0.6240425258874893 0.4493732899427414 0.3526930660009384 0.4493732899427414
0.0 0.6421559602022171 0.3863988146185875 0.8943843096494675 0.3863988146185875 0.8943843096494675 0.47235874086618423 0.6421559602022171 0.47235874086618423
0.0 0.03685338795185089 0.3976542502641678 0.3172943741083145 0.3976542502641678 0.3172943741083145 0.47197936475276947 0.03685338795185089 0.47197936475276947
0.0 0.33626165986061096 0.42088666930794716 0.5896149575710297 0.42088666930794716 0.5896149575710297 0.5087970159947872 0.33626165986061096 0.5087970159947872
0.0 0.6428265869617462 0.4545799344778061 0.8985508382320404 0.4545799344778061 0.8985508382320404 0.5373451262712479 0.6428265869617462 0.5373451262712479
0.0 0.017072632908821106 0.4569779150187969 0.3172064274549484 0.4569779150187969 0.3172064274549484 0.5542604215443134 0.017072632908821106 0.5542604215443134
0.0 0.31855495274066925 0.49954065307974815 0.5752686113119125 0.49954065307974815 0.5752686113119125 0.5836354829370975 0.31855495274066925 0.5836354829370975
0.0 0.6297811269760132 0.5320777706801891 0.8817383050918579 0.5320777706801891 0.8817383050918579 0.6167962737381458 0.6297811269760132 0.6167962737381458
0.0 0.004760056734085083 0.5355405695736408 0.279293954372406 0.5355405695736408 0.279293954372406 0.6212209574878216 0.004760056734085083 0.6212209574878216
0.0 0.296363040804863 0.5639211088418961 0.5660598427057266 0.5639211088418961 0.5660598427057266 0.6562557071447372 0.296363040804863 0.6562557071447372
0.0 0.601762667298317 0.5980586186051369 0.8741419166326523 0.5980586186051369 0.8741419166326523 0.6834742650389671 0.601762667298317 0.6834742650389671
0.0 0.0 0.6040895916521549 0.2238873541355133 0.6040895916521549 0.2238873541355133 0.6907644532620907 0.0 0.6907644532620907
0.0 0.28589367866516113 0.6401774436235428 0.5818390250205994 0.6401774436235428 0.5818390250205994 0.7278845757246017 0.28589367866516113 0.7278845757246017
0.0 0.6027704179286957 0.674750279635191 0.8593081533908844 0.674750279635191 0.8593081533908844 0.7612396962940693 0.6027704179286957 0.7612396962940693
0.0 0.0 0.6779572702944279 0.24352885782718658 0.6779572702944279 0.24352885782718658 0.758489515632391 0.0 0.758489515632391
0.0 0.27671052515506744 0.7137715220451355 0.5666937679052353 0.7137715220451355 0.5666937679052353 0.8061825633049011 0.27671052515506744 0.8061825633049011
0.0 0.5855658203363419 0.7458673976361752 0.8437158912420273 0.7458673976361752 0.8437158912420273 0.8301387764513493 0.5855658203363419 0.8301387764513493
0.0 0.919784527271986 0.7137016169726849 1.0000000186264515 0.7137016169726849 1.0000000186264515 0.8001910336315632 0.919784527271986 0.8001910336315632
0.0 0.9047345891594887 0.7850834988057613 1.0000000223517418 0.7850834988057613 1.0000000223517418 0.8693548776209354 0.9047345891594887 0.8693548776209354
