0.0 0.0 0.04206099361181259 0.09549079090356827 0.04206099361181259 0.09549079090356827 0.17179300636053085 0.0 0.17179300636053085
0.0 0.19274666905403137 0.0 0.48831239342689514 0.0 0.48831239342689514 0.058504149317741394 0.19274666905403137 0.058504149317741394
0.0 0.5039876699447632 0.016766786575317383 0.7924705743789673 0.016766786575317383 0.7924705743789673 0.13161927461624146 0.5039876699447632 0.13161927461624146
0.0 0.8320223167538643 0.09235572442412376 0.9999999925494194 0.09235572442412376 0.9999999925494194 0.21456948295235634 0.8320223167538643 0.21456948295235634
0.0 0.16326168179512024 0.001452028751373291 0.4653944671154022 0.001452028751373291 0.4653944671154022 0.12180432677268982 0.16326168179512024 0.12180432677268982
0.0 0.4805322289466858 0.0802239328622818 0.803400456905365 0.0802239328622818 0.803400456905365 0.20779944956302643 0.4805322289466858 0.20779944956302643
0.0 0.8114689365029335 0.1505579873919487 1.0000000223517418 0.1505579873919487 1.0000000223517418 0.26967335492372513 0.8114689365029335 0.26967335492372513
0.0 0.12327869236469269 0.06354982778429985 0.44430355727672577 0.06354982778429985 0.44430355727672577 0.18686242774128914 0.12327869236469269 0.18686242774128914
0.0 0.4542072117328644 0.14359314367175102 0.7537066638469696 0.14359314367175102 0.7537066638469696 0.2578555531799793 0.4542072117328644 0.2578555531799793
0.0 0.7832896932959557 0.22200097143650055 0.9999999776482582 0.22200097143650055 0.9999999776482582 0.3372364491224289 0.7832896932959557 0.3372364491224289
0.0 0.08775605261325836 0.11705277860164642 0.4038074165582657 0.11705277860164642 0.4038074165582657 0.24678479135036469 0.08775605261325836 0.24678479135036469
0.0 0.41998226940631866 0.19904549419879913 0.7310547083616257 0.19904549419879913 0.7310547083616257 0.33192597329616547 0.41998226940631866 0.33192597329616547
0.0 0.7598424926400185 0.2775758057832718 1.0000000223517418 0.2775758057832718 1.0000000223517418 0.39759521186351776 0.7598424926400185 0.39759521186351776
0.0 0.07689446210861206 0.18437424302101135 0.38140803575515747 0.18437424302101135 0.38140803575515747 0.31674930453300476 0.07689446210861206 0.31674930453300476
0.0 0.4057109206914902 0.2800252176821232 0.7133573442697525 0.2800252176821232 0.7133573442697525 0.40335341915488243 0.4057109206914902 0.40335341915488243
0.0 0.7248382866382599 0.34565993770956993 0.9999999701976776 0.34565993770956993 0.9999999701976776 0.465035829693079 0.7248382866382599 0.465035829693079
0.0 0.048723459243774414 0.2704674266278744 0.3636971116065979 0.2704674266278744 0.3636971116065979 0.3830442763864994 0.048723459243774414 0.3830442763864994
0.0 0.3762286752462387 0.33711306378245354 0.6647223383188248 0.33711306378245354 0.6647223383188248 0.4585074372589588 0.3762286752462387 0.4585074372589588
0.0 0.7139875888824463 0.41465138643980026 1.0 0.41465138643980026 1.0 0.5315223410725594 0.7139875888824463 0.5315223410725594
0.0 0.012128517031669617 0.3283557966351509 0.3525884300470352 0.3283557966351509 0.3525884300470352 0.4656594917178154 0.012128517031669617 0.4656594917178154
0.0 0.34305432438850403 0.4140714816749096 0.6344284117221832 0.4140714816749096 0.6344284117221832 0.5323518700897694 0.34305432438850403 0.5323518700897694
0.0 0.6850048750638962 0.4913148023188114 0.9713946133852005 0.4913148023188114 0.9713946133852005 0.609472718089819 0.6850048750638962 0.609472718089819
0.0 0.0 0.40585412457585335 0.29657742381095886 0.40585412457585335 0.29657742381095886 0.5283128432929516 0.0 0.5283128432929516
0.0 0.3054223954677582 0.4762917160987854 0.6122896373271942 0.4762917160987854 0.6122896373271942 0.6043347716331482 0.3054223954677582 0.6043347716331482
0.0 0.6421333402395248 0.5540560334920883 0.9505643993616104 0.5540560334920883 0.9505643993616104 0.6759402900934219 0.6421333402395248 0.6759402900934219
0.0 0.0 0.4719542860984802 0.22299635410308838 0.4719542860984802 0.22299635410308838 0.5906677842140198 0.0 0.5906677842140198
0.0 0.28144294023513794 0.5517370775341988 0.6155910491943359 0.5517370775341988 0.6155910491943359 0.6793315336108208 0.28144294023513794 0.6793315336108208
0.0 0.6288990676403046 0.6319217942655087 0.9205391705036163 0.6319217942655087 0.9205391705036163 0.7524466253817081 0.6288990676403046 0.7524466253817081
0.0 0.0 0.5436923690140247 0.230760857462883 0.5436923690140247 0.230760857462883 0.6623590998351574 0.0 0.6623590998351574
0.0 0.2569233179092407 0.625095047056675 0.5855685472488403 0.625095047056675 0.5855685472488403 0.7562554702162743 0.2569233179092407 0.7562554702162743
0.0 0.5973075032234192 0.7013809196650982 0.8902561068534851 0.7013809196650982 0.8902561068534851 0.8200443275272846 0.5973075032234192 0.8200443275272846
