0.0 0.008521273732185364 0.14910846948623657 0.31015171110630035 0.14910846948623657 0.31015171110630035 0.19865748286247253 0.008521273732185364 0.19865748286247253
0.0 0.3477170914411545 0.13879408687353134 0.64082832634449 0.13879408687353134 0.64082832634449 0.18973059207201004 0.3477170914411545 0.18973059207201004
0.0 0.705739751458168 0.1259234882891178 0.9999999850988388 0.1259234882891178 0.9999999850988388 0.18140285834670067 0.705739751458168 0.18140285834670067
0.0 0.008196130394935608 0.20024421997368336 0.3151445537805557 0.20024421997368336 0.3151445537805557 0.2536540310829878 0.008196130394935608 0.2536540310829878
0.0 0.35612230002880096 0.19217358343303204 0.684638574719429 0.19217358343303204 0.684638574719429 0.24824793823063374 0.35612230002880096 0.24824793823063374
0.0 0.7122393697500229 0.17622635513544083 1.0000000149011612 0.17622635513544083 1.0000000149011612 0.23089613765478134 0.7122393697500229 0.23089613765478134
0.0 0.0 0.25711908377707005 0.32531455159187317 0.25711908377707005 0.32531455159187317 0.30946013890206814 0.0 0.30946013890206814
0.0 0.35600827634334564 0.24876802787184715 0.6627221256494522 0.24876802787184715 0.6627221256494522 0.2968445457518101 0.35600827634334564 0.2968445457518101
0.0 0.7158425897359848 0.2385619916021824 1.0000000149011612 0.2385619916021824 1.0000000149011612 0.28954100236296654 0.7158425897359848 0.28954100236296654
0.0 0.0 0.3060982134193182 0.30973923206329346 0.3060982134193182 0.30973923206329346 0.3656721208244562 0.0 0.3656721208244562
0.0 0.3555893003940582 0.2977917343378067 0.6672781407833099 0.2977917343378067 0.6672781407833099 0.3614410012960434 0.3555893003940582 0.3614410012960434
0.0 0.7213895320892334 0.2866890113800764 1.0 0.2866890113800764 1.0 0.343322129920125 0.7213895320892334 0.343322129920125
0.0 0.013538375496864319 0.3609035052359104 0.31754349172115326 0.3609035052359104 0.31754349172115326 0.42542820796370506 0.013538375496864319 0.42542820796370506
0.0 0.37488843500614166 0.3650994189083576 0.6870609372854233 0.3650994189083576 0.6870609372854233 0.4202367179095745 0.37488843500614166 0.4202367179095745
0.0 0.7180506885051727 0.34757343865931034 1.0000000298023224 0.34757343865931034 1.0000000298023224 0.4032036270946264 0.7180506885051727 0.4032036270946264
0.0 0.015151157975196838 0.4361048489809036 0.34138651192188263 0.4361048489809036 0.34138651192188263 0.47933684289455414 0.015151157975196838 0.47933684289455414
0.0 0.373680904507637 0.4164030831307173 0.6636376827955246 0.4164030831307173 0.6636376827955246 0.4736545402556658 0.373680904507637 0.4736545402556658
0.0 0.7377396821975708 0.4040870424360037 1.0 0.4040870424360037 1.0 0.4566447976976633 0.7377396821975708 0.4566447976976633
0.0 0.014826014637947083 0.48692189157009125 0.35989706218242645 0.48692189157009125 0.35989706218242645 0.5487332493066788 0.014826014637947083 0.5487332493066788
0.0 0.3749418407678604 0.4840508010238409 0.6698882430791855 0.4840508010238409 0.6698882430791855 0.5376964304596186 0.3749418407678604 0.5376964304596186
0.0 0.7458019405603409 0.4702197555452585 0.9999999850988388 0.4702197555452585 0.9999999850988388 0.5247832890599966 0.7458019405603409 0.5247832890599966
0.0 0.021217256784439087 0.5547374505549669 0.3376142084598541 0.5547374505549669 0.3376142084598541 0.6083810310810804 0.021217256784439087 0.6083810310810804
0.0 0.36967404186725616 0.5399014577269554 0.6786218136548996 0.5399014577269554 0.6786218136548996 0.5997536554932594 0.36967404186725616 0.5997536554932594
0.0 0.7320383489131927 0.5281400550156832 1.0000000298023224 0.5281400550156832 1.0000000298023224 0.5817198883742094 0.7320383489131927 0.5817198883742094
0.0 0.014395728707313538 0.6156602222472429 0.2923270910978317 0.6156602222472429 0.2923270910978317 0.6726141851395369 0.014395728707313538 0.6726141851395369
0.0 0.3776893615722656 0.6040112599730492 0.7198317050933838 0.6040112599730492 0.7198317050933838 0.6577589884400368 0.3776893615722656 0.6577589884400368
0.0 0.7563270404934883 0.5920969042927027 0.9999999925494194 0.5920969042927027 0.9999999925494194 0.6478545870631933 0.7563270404934883 0.6478545870631933
0.0 0.011197686195373535 0.6785970851778984 0.3376676142215729 0.6785970851778984 0.3376676142215729 0.7271623685956001 0.011197686195373535 0.7271623685956001
0.0 0.3898822218179703 0.6663894075900316 0.7236460298299789 0.6663894075900316 0.7236460298299789 0.7247245889157057 0.3898822218179703 0.7247245889157057
0.0 0.7564476504921913 0.6534296218305826 1.0000000223517418 0.6534296218305826 1.0000000223517418 0.7071178015321493 0.7564476504921913 0.7071178015321493
