0.0 0.034216850996017456 0.09462418407201767 0.33342626690864563 0.09462418407201767 0.33342626690864563 0.16011709719896317 0.034216850996017456 0.16011709719896317
0.0 0.370017409324646 0.10106225684285164 0.6364516019821167 0.10106225684285164 0.6364516019821167 0.15915123745799065 0.370017409324646 0.15915123745799065
0.0 0.6977348029613495 0.10416604392230511 1.0000000298023224 0.10416604392230511 1.0000000298023224 0.16195388324558735 0.6977348029613495 0.16195388324558735
0.0 0.017950192093849182 0.16575658321380615 0.30621515214443207 0.16575658321380615 0.30621515214443207 0.2336502969264984 0.017950192093849182 0.2336502969264984
0.0 0.35932616889476776 0.1659579910337925 0.6597998887300491 0.1659579910337925 0.6597998887300491 0.24029066786170006 0.35932616889476776 0.24029066786170006
0.0 0.7043137550354004 0.16197950951755047 1.0 0.16197950951755047 1.0 0.22138954885303974 0.7043137550354004 0.22138954885303974
0.0 0.0036277174949645996 0.2260298952460289 0.35064858198165894 0.2260298952460289 0.35064858198165894 0.299604631960392 0.0036277174949645996 0.299604631960392
0.0 0.35160958766937256 0.23190941847860813 0.6823521852493286 0.23190941847860813 0.6823521852493286 0.2924822922796011 0.35160958766937256 0.2924822922796011
0.0 0.705012321472168 0.22502312250435352 1.0 0.22502312250435352 1.0 0.2837304752320051 0.705012321472168 0.2837304752320051
0.0 0.00722368061542511 0.3029862381517887 0.34344758093357086 0.3029862381517887 0.34344758093357086 0.36823340877890587 0.00722368061542511 0.36823340877890587
0.0 0.3723768889904022 0.3098512403666973 0.6694265902042389 0.3098512403666973 0.6694265902042389 0.3664027936756611 0.3723768889904022 0.3664027936756611
0.0 0.6947011500597 0.29657531529664993 0.9922942370176315 0.29657531529664993 0.9922942370176315 0.3563767597079277 0.6947011500597 0.3563767597079277
0.0 0.0 0.3678067773580551 0.34689006209373474 0.3678067773580551 0.34689006209373474 0.43133361637592316 0.0 0.43133361637592316
0.0 0.34863995015621185 0.37229327484965324 0.6649686247110367 0.37229327484965324 0.6649686247110367 0.4362800903618336 0.34863995015621185 0.4362800903618336
0.0 0.6843391507863998 0.3692015390843153 1.0000000149011612 0.3692015390843153 1.0000000149011612 0.42605376429855824 0.6843391507863998 0.42605376429855824
0.0 0.015560001134872437 0.4343389831483364 0.3266339600086212 0.4343389831483364 0.3266339600086212 0.499208752065897 0.015560001134872437 0.499208752065897
0.0 0.3537498414516449 0.4433867521584034 0.6510918438434601 0.4433867521584034 0.6510918438434601 0.5077820830047131 0.3537498414516449 0.5077820830047131
0.0 0.6977038234472275 0.450983390212059 1.0000000149011612 0.450983390212059 1.0000000149011612 0.507400169968605 0.6977038234472275 0.507400169968605
0.0 0.0 0.5160838328301907 0.31130436062812805 0.5160838328301907 0.31130436062812805 0.58301055803895 0.0 0.58301055803895
0.0 0.3376450091600418 0.509317871183157 0.658509835600853 0.509317871183157 0.658509835600853 0.5857336558401585 0.3376450091600418 0.5857336558401585
0.0 0.7034983783960342 0.5166321992874146 0.9999999850988388 0.5166321992874146 0.9999999850988388 0.5734931230545044 0.7034983783960342 0.5734931230545044
0.0 0.0 0.5918924137949944 0.33488890528678894 0.5918924137949944 0.33488890528678894 0.6521938517689705 0.0 0.6521938517689705
0.0 0.36661794781684875 0.5905168019235134 0.6727413833141327 0.5905168019235134 0.6727413833141327 0.657145980745554 0.36661794781684875 0.657145980745554
0.0 0.701573982834816 0.5884642899036407 0.9999999850988388 0.5884642899036407 0.9999999850988388 0.6672963798046112 0.701573982834816 0.6672963798046112
0.0 0.0 0.670005340129137 0.3478982746601105 0.670005340129137 0.3478982746601105 0.7272267155349255 0.0 0.7272267155349255
0.0 0.34892624616622925 0.668672576546669 0.6776227355003357 0.668672576546669 0.6776227355003357 0.722119078040123 0.34892624616622925 0.722119078040123
0.0 0.7014118731021881 0.6738786920905113 0.9999999701976776 0.6738786920905113 0.9999999701976776 0.7365362420678139 0.7014118731021881 0.7365362420678139
0.0 0.0 0.7474858947098255 0.303282767534256 0.7474858947098255 0.303282767534256 0.813902597874403 0.0 0.813902597874403
0.0 0.3317962884902954 0.7472718730568886 0.6919604539871216 0.7472718730568886 0.6919604539871216 0.8024761900305748 0.3317962884902954 0.8024761900305748
0.0 0.7098145335912704 0.7499447800219059 1.0000000149011612 0.7499447800219059 1.0000000149011612 0.8127286694943905 0.7098145335912704 0.8127286694943905
