0.0 0.0386490523815155 0.16481773182749748 0.3139311373233795 0.16481773182749748 0.3139311373233795 0.22296934202313423 0.0386490523815155 0.22296934202313423
0.0 0.3461262434720993 0.17313377559185028 0.5993579179048538 0.17313377559185028 0.5993579179048538 0.22559292614459991 0.3461262434720993 0.22559292614459991
0.0 0.6559254676103592 0.17875872738659382 0.9639344662427902 0.17875872738659382 0.9639344662427902 0.2324447762221098 0.6559254676103592 0.2324447762221098
0.0 0.022137150168418884 0.2242233119904995 0.28629495203495026 0.2242233119904995 0.28629495203495026 0.2847779430449009 0.022137150168418884 0.2847779430449009
0.0 0.33326052129268646 0.22823882475495338 0.6187268048524857 0.22823882475495338 0.6187268048524857 0.2955676279962063 0.33326052129268646 0.2955676279962063
0.0 0.6593660116195679 0.22882205806672573 0.9562187194824219 0.22882205806672573 0.9562187194824219 0.28435718454420567 0.6593660116195679 0.28435718454420567
0.0 0.007685244083404541 0.2742644175887108 0.3252962827682495 0.2742644175887108 0.3252962827682495 0.3409789577126503 0.007685244083404541 0.3409789577126503
0.0 0.3242526352405548 0.28397637978196144 0.6372576653957367 0.28397637978196144 0.6372576653957367 0.3405892215669155 0.3242526352405548 0.3405892215669155
0.0 0.6570363938808441 0.2831335235387087 0.9530830681324005 0.2831335235387087 0.9530830681324005 0.33864246122539043 0.6570363938808441 0.33864246122539043
0.0 0.009193763136863708 0.3381236381828785 0.3159745782613754 0.3381236381828785 0.3159745782613754 0.39840446040034294 0.009193763136863708 0.39840446040034294
0.0 0.34075553715229034 0.34999500401318073 0.6213918179273605 0.34999500401318073 0.6213918179273605 0.40334458462893963 0.34075553715229034 0.40334458462893963
0.0 0.6437166333198547 0.3443056717514992 0.9342170357704163 0.3443056717514992 0.9342170357704163 0.4012930616736412 0.6437166333198547 0.4012930616736412
0.0 0.0 0.3910955283790827 0.3169010579586029 0.3910955283790827 0.3169010579586029 0.451158931478858 0.0 0.451158931478858
0.0 0.3163754492998123 0.40193757601082325 0.6143220514059067 0.40193757601082325 0.6143220514059067 0.4624842684715986 0.3163754492998123 0.4624842684715986
0.0 0.6305887699127197 0.40603170171380043 0.9572321176528931 0.40603170171380043 0.9572321176528931 0.4619818590581417 0.6305887699127197 0.4619818590581417
0.0 0.01336871087551117 0.44648073613643646 0.29603298008441925 0.44648073613643646 0.29603298008441925 0.5070837885141373 0.01336871087551117 0.5070837885141373
0.0 0.31852999329566956 0.46139157749712467 0.598002165555954 0.46139157749712467 0.598002165555954 0.5224438216537237 0.31852999329566956 0.5224438216537237
0.0 0.6394535452127457 0.4756921101361513 0.9637108892202377 0.4756921101361513 0.9637108892202377 0.532117648050189 0.6394535452127457 0.532117648050189
0.0 0.0 0.5121708326041698 0.2792651355266571 0.5121708326041698 0.2792651355266571 0.5759062357246876 0.0 0.5759062357246876
0.0 0.30105210840702057 0.5157855898141861 0.602088674902916 0.5157855898141861 0.602088674902916 0.5880434364080429 0.30105210840702057 0.5880434364080429
0.0 0.641832023859024 0.5312685444951057 0.9597052037715912 0.5312685444951057 0.9597052037715912 0.5885924622416496 0.641832023859024 0.5885924622416496
0.0 0.0 0.574180981144309 0.29828205704689026 0.574180981144309 0.29828205704689026 0.6331404242664576 0.0 0.6331404242664576
0.0 0.32503314316272736 0.5837016925215721 0.6119194477796555 0.5837016925215721 0.6119194477796555 0.647759236395359 0.32503314316272736 0.647759236395359
0.0 0.6356445550918579 0.5915947742760181 0.9650838375091553 0.5915947742760181 0.9650838375091553 0.6680927686393261 0.6356445550918579 0.6680927686393261
0.0 0.0 0.637883085757494 0.3074988126754761 0.637883085757494 0.3074988126754761 0.693937998265028 0.0 0.693937998265028
0.0 0.3066471070051193 0.6480140388011932 0.6130120307207108 0.6480140388011932 0.6130120307207108 0.7010938227176666 0.3066471070051193 0.7010938227176666
0.0 0.6323169022798538 0.6636058371514082 0.9399677962064743 0.6636058371514082 0.9399677962064743 0.7250207383185625 0.6323169022798538 0.7250207383185625
0.0 0.0 0.7005074713379145 0.2643562853336334 0.7005074713379145 0.2643562853336334 0.7618961837142706 0.0 0.7618961837142706
0.0 0.2883632481098175 0.7129065711051226 0.6229387819766998 0.7129065711051226 0.6229387819766998 0.7669029515236616 0.2883632481098175 0.7669029515236616
0.0 0.636729508638382 0.7281237579882145 0.940286248922348 0.7281237579882145 0.940286248922348 0.7882998250424862 0.636729508638382 0.7882998250424862
