0.0 0.0913134217262268 0.08960304409265518 0.38438621163368225 0.08960304409265518 0.38438621163368225 0.18204780668020248 0.0913134217262268 0.18204780668020248
0.0 0.4082288295030594 0.1371249221265316 0.6776028126478195 0.1371249221265316 0.6776028126478195 0.22114789858460426 0.4082288295030594 0.22114789858460426
0.0 0.7271686494350433 0.1822909265756607 1.0000000298023224 0.1822909265756607 1.0000000298023224 0.27454064786434174 0.7271686494350433 0.27454064786434174
0.0 0.06088382005691528 0.14678799360990524 0.34313949942588806 0.14678799360990524 0.34313949942588806 0.24016911536455154 0.06088382005691528 0.24016911536455154
0.0 0.3801080137491226 0.19056624919176102 0.6855399459600449 0.19056624919176102 0.6855399459600449 0.2933373674750328 0.3801080137491226 0.2933373674750328
0.0 0.7194788306951523 0.23269809037446976 1.0000000149011612 0.23269809037446976 1.0000000149011612 0.3253355547785759 0.7194788306951523 0.3253355547785759
0.0 0.034238919615745544 0.19490468129515648 0.37229447066783905 0.19490468129515648 0.37229447066783905 0.30119192972779274 0.034238919615745544 0.30119192972779274
0.0 0.3613166958093643 0.24494333192706108 0.6924978345632553 0.24494333192706108 0.6924978345632553 0.3407103903591633 0.3613166958093643 0.3407103903591633
0.0 0.7053911834955215 0.2865907959640026 0.9999999850988388 0.2865907959640026 0.9999999850988388 0.37909920886158943 0.7053911834955215 0.37909920886158943
0.0 0.023373156785964966 0.2587689682841301 0.34900355339050293 0.2587689682841301 0.34900355339050293 0.3573438599705696 0.023373156785964966 0.3573438599705696
0.0 0.3646421283483505 0.31290537491440773 0.6621343046426773 0.31290537491440773 0.6621343046426773 0.4013160429894924 0.3646421283483505 0.4013160429894924
0.0 0.678117498755455 0.3459377959370613 0.9864467531442642 0.3459377959370613 0.9864467531442642 0.439188651740551 0.678117498755455 0.439188651740551
0.0 0.0 0.3082415610551834 0.33837616443634033 0.3082415610551834 0.33837616443634033 0.41010694205760956 0.0 0.41010694205760956
0.0 0.3268556594848633 0.361667912453413 0.643541157245636 0.361667912453413 0.643541157245636 0.4593718834221363 0.3268556594848633 0.4593718834221363
0.0 0.6517568081617355 0.4058333523571491 0.9966926127672195 0.4058333523571491 0.9966926127672195 0.5026970021426678 0.6517568081617355 0.5026970021426678
0.0 0.004142746329307556 0.3674252815544605 0.3052673786878586 0.3674252815544605 0.3052673786878586 0.46322594210505486 0.004142746329307556 0.46322594210505486
0.0 0.3160559684038162 0.4212723858654499 0.614024743437767 0.4212723858654499 0.614024743437767 0.517105471342802 0.3160559684038162 0.517105471342802
0.0 0.645812913775444 0.47647423669695854 0.9884199649095535 0.47647423669695854 0.9884199649095535 0.5734993703663349 0.645812913775444 0.5734993703663349
0.0 0.0 0.42722543329000473 0.27362027764320374 0.42722543329000473 0.27362027764320374 0.5297372713685036 0.0 0.5297372713685036
0.0 0.28403840959072113 0.4733907878398895 0.6064009219408035 0.4733907878398895 0.6064009219408035 0.5830027163028717 0.28403840959072113 0.5830027163028717
0.0 0.6360785216093063 0.5322383791208267 0.9723739176988602 0.5322383791208267 0.9723739176988602 0.6293283551931381 0.6360785216093063 0.6293283551931381
0.0 0.0 0.49070199206471443 0.2798832952976227 0.49070199206471443 0.2798832952976227 0.5893086604773998 0.0 0.5893086604773998
0.0 0.2958722710609436 0.5441601313650608 0.6020449995994568 0.5441601313650608 0.6020449995994568 0.6438976489007473 0.2958722710609436 0.6438976489007473
0.0 0.6126613616943359 0.5917786583304405 0.9648822546005249 0.5917786583304405 0.9648822546005249 0.7091989293694496 0.6126613616943359 0.7091989293694496
0.0 0.0 0.5537919774651527 0.2756135165691376 0.5537919774651527 0.2756135165691376 0.6511718258261681 0.0 0.6511718258261681
0.0 0.26554885506629944 0.6058953441679478 0.5892008244991302 0.6058953441679478 0.5892008244991302 0.6973383985459805 0.26554885506629944 0.6973383985459805
0.0 0.5968335270881653 0.6630977913737297 0.9235953688621521 0.6630977913737297 0.9235953688621521 0.7628989890217781 0.5968335270881653 0.7628989890217781
0.0 0.0 0.6137523949146271 0.21774055063724518 0.6137523949146271 0.21774055063724518 0.7134245336055756 0.0 0.7134245336055756
0.0 0.23270434141159058 0.668308325111866 0.5853014588356018 0.668308325111866 0.5853014588356018 0.7642680928111076 0.23270434141159058 0.7642680928111076
0.0 0.5877539664506912 0.7280268706381321 0.910076305270195 0.7280268706381321 0.910076305270195 0.8260855637490749 0.5877539664506912 0.8260855637490749
