0.0 0.06205791234970093 0.1267605721950531 0.32653364539146423 0.1267605721950531 0.32653364539146423 0.17899060249328613 0.06205791234970093 0.17899060249328613
0.0 0.36017996072769165 0.1249999962747097 0.6035289764404297 0.1249999962747097 0.6035289764404297 0.17194834724068642 0.36017996072769165 0.17194834724068642
0.0 0.6606494188308716 0.12030516564846039 0.9572066068649292 0.12030516564846039 0.9572066068649292 0.1666666716337204 0.6606494188308716 0.1666666716337204
0.0 0.04953834414482117 0.19014085829257965 0.303059458732605 0.19014085829257965 0.303059458732605 0.2453051656484604 0.04953834414482117 0.2453051656484604
0.0 0.35157276690006256 0.18368543684482574 0.6254381984472275 0.18368543684482574 0.6254381984472275 0.2453051656484604 0.35157276690006256 0.2453051656484604
0.0 0.6669092178344727 0.17312206327915192 0.9525117874145508 0.17312206327915192 0.9525117874145508 0.22183097898960114 0.6669092178344727 0.22183097898960114
0.0 0.038583725690841675 0.24354460835456848 0.3437480330467224 0.24354460835456848 0.3437480330467224 0.30340376496315 0.038583725690841675 0.30340376496315
0.0 0.3453129678964615 0.24295774102210999 0.6465649455785751 0.24295774102210999 0.6465649455785751 0.2922535240650177 0.3453129678964615 0.2922535240650177
0.0 0.667691707611084 0.23063379526138306 0.9525117874145508 0.23063379526138306 0.9525117874145508 0.2793427109718323 0.667691707611084 0.2793427109718323
0.0 0.04327857494354248 0.31103286147117615 0.33827072381973267 0.31103286147117615 0.33827072381973267 0.3644365966320038 0.04327857494354248 0.3644365966320038
0.0 0.36487478017807007 0.31220656633377075 0.6348278522491455 0.31220656633377075 0.6348278522491455 0.35915493965148926 0.36487478017807007 0.35915493965148926
0.0 0.6583020687103271 0.2957746684551239 0.9376447200775146 0.2957746684551239 0.9376447200775146 0.34624412655830383 0.6583020687103271 0.34624412655830383
0.0 0.020586848258972168 0.36795774102211 0.34218311309814453 0.36795774102211 0.34218311309814453 0.4201878011226654 0.020586848258972168 0.4201878011226654
0.0 0.34453052282333374 0.36795774102211 0.6309154629707336 0.36795774102211 0.6309154629707336 0.4219483435153961 0.34453052282333374 0.4219483435153961
0.0 0.6489123702049255 0.36150234937667847 0.9634663462638855 0.36150234937667847 0.9634663462638855 0.4096243977546692 0.6489123702049255 0.4096243977546692
0.0 0.053450703620910645 0.4254694879055023 0.32496869564056396 0.4254694879055023 0.32496869564056396 0.48004695773124695 0.053450703620910645 0.48004695773124695
0.0 0.3500078320503235 0.43075117468833923 0.6183959245681763 0.43075117468833923 0.6183959245681763 0.48591551184654236 0.3500078320503235 0.48591551184654236
0.0 0.6614319086074829 0.43485915660858154 0.9736385345458984 0.43485915660858154 0.9736385345458984 0.48356807231903076 0.6614319086074829 0.48356807231903076
0.0 0.013544619083404541 0.496478870511055 0.3124491572380066 0.496478870511055 0.3124491572380066 0.5534037798643112 0.013544619083404541 0.5534037798643112
0.0 0.3367058038711548 0.4888497591018677 0.6254381537437439 0.4888497591018677 0.6254381537437439 0.5551643371582031 0.3367058038711548 0.5551643371582031
0.0 0.6669092178344727 0.4935445785522461 0.9728560447692871 0.4935445785522461 0.9728560447692871 0.5434272289276123 0.6669092178344727 0.5434272289276123
0.0 0.02919405698776245 0.561619758605957 0.3343583643436432 0.561619758605957 0.3343583643436432 0.6132628917694092 0.02919405698776245 0.6132628917694092
0.0 0.3633098602294922 0.5598591566085815 0.6387401819229126 0.5598591566085815 0.6387401819229126 0.6179577112197876 0.3633098602294922 0.6179577112197876
0.0 0.6653442978858948 0.5575117468833923 0.9814632534980774 0.5575117468833923 0.9814632534980774 0.6273474097251892 0.6653442978858948 0.6273474097251892
0.0 0.02919405698776245 0.6291080117225647 0.34687793254852295 0.6291080117225647 0.34687793254852295 0.6772300601005554 0.02919405698776245 0.6772300601005554
0.0 0.34844285249710083 0.6285210847854614 0.6434350609779358 0.6285210847854614 0.6434350609779358 0.6742957830429077 0.34844285249710083 0.6742957830429077
0.0 0.66534423828125 0.6338028311729431 0.9611189365386963 0.6338028311729431 0.9611189365386963 0.6883803009986877 0.66534423828125 0.6883803009986877
0.0 0.013544619083404541 0.6960093975067139 0.3085367679595947 0.6960093975067139 0.3085367679595947 0.7505868673324585 0.013544619083404541 0.7505868673324585
0.0 0.3343583941459656 0.6977699398994446 0.6567370891571045 0.6977699398994446 0.6567370891571045 0.7435446381568909 0.3343583941459656 0.7435446381568909
0.0 0.6731690168380737 0.7018779516220093 0.9650312662124634 0.7018779516220093 0.9650312662124634 0.7552816867828369 0.6731690168380737 0.7552816867828369
