0.0 0.0 0.16611354798078537 0.1916867345571518 0.16611354798078537 0.1916867345571518 0.2629735842347145 0.0 0.2629735842347145
0.0 0.2060512825846672 0.11857390403747559 0.44932717829942703 0.11857390403747559 0.44932717829942703 0.2065669596195221 0.2060512825846672 0.2065669596195221
0.0 0.4864637851715088 0.055382177233695984 0.7794740200042725 0.055382177233695984 0.7794740200042725 0.15156526863574982 0.4864637851715088 0.15156526863574982
0.0 0.0 0.23452429845929146 0.19079278409481049 0.23452429845929146 0.19079278409481049 0.33256281539797783 0.0 0.33256281539797783
0.0 0.2166750580072403 0.17470908537507057 0.4932570904493332 0.17470908537507057 0.4932570904493332 0.2826804779469967 0.2166750580072403 0.2826804779469967
0.0 0.5091661810874939 0.10993577539920807 0.7926464676856995 0.10993577539920807 0.7926464676856995 0.20669980347156525 0.5091661810874939 0.20669980347156525
0.0 0.0 0.28218015655875206 0.2474801391363144 0.28218015655875206 0.2474801391363144 0.3935280777513981 0.0 0.3935280777513981
0.0 0.22968819737434387 0.2315710484981537 0.5280381739139557 0.2315710484981537 0.5280381739139557 0.33151718974113464 0.22968819737434387 0.33151718974113464
0.0 0.5282256305217743 0.16849429160356522 0.8109717667102814 0.16849429160356522 0.8109717667102814 0.26512908190488815 0.5282256305217743 0.26512908190488815
0.0 0.0 0.3518013767898083 0.26178839802742004 0.3518013767898083 0.26178839802742004 0.4548964090645313 0.0 0.4548964090645313
0.0 0.2701066881418228 0.30401869863271713 0.5383432358503342 0.30401869863271713 0.5383432358503342 0.39640555530786514 0.2701066881418228 0.39640555530786514
0.0 0.5401721894741058 0.23727615550160408 0.8183402121067047 0.23727615550160408 0.8183402121067047 0.334798913449049 0.5401721894741058 0.334798913449049
0.0 0.0 0.4091162197291851 0.28322339057922363 0.4091162197291851 0.28322339057922363 0.5154099948704243 0.0 0.5154099948704243
0.0 0.26878347992897034 0.3614307753741741 0.554680734872818 0.3614307753741741 0.554680734872818 0.46370183303952217 0.26878347992897034 0.46370183303952217
0.0 0.5523056536912918 0.29993560165166855 0.8627618998289108 0.29993560165166855 0.8627618998289108 0.4008835330605507 0.5523056536912918 0.4008835330605507
0.0 0.014009937644004822 0.4705177843570709 0.2861456125974655 0.4705177843570709 0.2861456125974655 0.5709310472011566 0.014009937644004822 0.5709310472011566
0.0 0.29393061995506287 0.4274347797036171 0.5633167326450348 0.4274347797036171 0.5633167326450348 0.5279286727309227 0.29393061995506287 0.5279286727309227
0.0 0.5874258875846863 0.3729476220905781 0.8958668112754822 0.3729476220905781 0.8958668112754822 0.47410542890429497 0.5874258875846863 0.47410542890429497
0.0 0.0 0.5448872782289982 0.2977735102176666 0.5448872782289982 0.2977735102176666 0.6522137187421322 0.0 0.6522137187421322
0.0 0.2999625504016876 0.48542775958776474 0.5919890701770782 0.48542775958776474 0.5919890701770782 0.600634790956974 0.2999625504016876 0.600634790956974
0.0 0.6112641096115112 0.43283042684197426 0.9142059087753296 0.43283042684197426 0.9142059087753296 0.534149494022131 0.6112641096115112 0.534149494022131
0.0 0.034633979201316833 0.607595406472683 0.3374025374650955 0.607595406472683 0.3374025374650955 0.7105777636170387 0.034633979201316833 0.7105777636170387
0.0 0.34754930436611176 0.5555327348411083 0.6244775801897049 0.5555327348411083 0.6244775801897049 0.6601773090660572 0.34754930436611176 0.6601773090660572
0.0 0.6301780194044113 0.4965403638780117 0.9490212947130203 0.4965403638780117 0.9490212947130203 0.6198555864393711 0.6301780194044113 0.6198555864393711
0.0 0.056138113141059875 0.6742443554103374 0.36953093111515045 0.6742443554103374 0.36953093111515045 0.7757092006504536 0.056138113141059875 0.7757092006504536
0.0 0.35547879338264465 0.624669011682272 0.646833747625351 0.624669011682272 0.646833747625351 0.7199961580336094 0.35547879338264465 0.7199961580336094
0.0 0.6544870138168335 0.5775799676775932 0.9493809938430786 0.5775799676775932 0.9493809938430786 0.6819993332028389 0.6544870138168335 0.6819993332028389
0.0 0.06277251243591309 0.7486956715583801 0.35693228244781494 0.7486956715583801 0.35693228244781494 0.8529857993125916 0.06277251243591309 0.8529857993125916
0.0 0.3643294870853424 0.692981380969286 0.6813791692256927 0.692981380969286 0.6813791692256927 0.7928315214812756 0.3643294870853424 0.7928315214812756
0.0 0.6835195422172546 0.6462480090558529 0.9743687510490417 0.6462480090558529 0.9743687510490417 0.7488261200487614 0.6835195422172546 0.7488261200487614
0.0 0.8450013548135757 0.0 0.9999999850988388 0.0 0.9999999850988388 0.08845247328281403 0.8450013548135757 0.08845247328281403
0.0 0.8662355020642281 0.047081440687179565 0.9999999925494194 0.047081440687179565 0.9999999925494194 0.14384546875953674 0.8662355020642281 0.14384546875953674
0.0 0.8845607936382294 0.10576919466257095 1.0000000298023224 0.10576919466257095 1.0000000298023224 0.2024039849638939 0.8845607936382294 0.2024039849638939
