0.0 0.0271604061126709 0.10032697208225727 0.3174847662448883 0.10032697208225727 0.3174847662448883 0.16153384558856487 0.0271604061126709 0.16153384558856487
0.0 0.3538166880607605 0.09668706730008125 0.6198619604110718 0.09668706730008125 0.6198619604110718 0.151683758944273 0.3538166880607605 0.151683758944273
0.0 0.68204165995121 0.08926089480519295 0.9999999850988388 0.08926089480519295 0.9999999850988388 0.14384334906935692 0.68204165995121 0.14384334906935692
0.0 0.014728695154190063 0.17274391278624535 0.2925070524215698 0.17274391278624535 0.2925070524215698 0.23701048269867897 0.014728695154190063 0.23701048269867897
0.0 0.34487582743167877 0.1634148582816124 0.6436082571744919 0.1634148582816124 0.6436082571744919 0.23506147414445877 0.34487582743167877 0.23506147414445877
0.0 0.6886030584573746 0.1494122762233019 0.9996291249990463 0.1494122762233019 0.9996291249990463 0.20645212940871716 0.6886030584573746 0.20645212940871716
0.0 0.0038553178310394287 0.23311742022633553 0.33733975887298584 0.23311742022633553 0.33733975887298584 0.30283526703715324 0.0038553178310394287 0.30283526703715324
0.0 0.3385365307331085 0.2305066827684641 0.6663931310176849 0.2305066827684641 0.6663931310176849 0.28819183073937893 0.3385365307331085 0.28819183073937893
0.0 0.6891814023256302 0.21461111679673195 0.9986907690763474 0.21461111679673195 0.9986907690763474 0.271485086530447 0.6891814023256302 0.271485086530447
0.0 0.010379493236541748 0.3094232901930809 0.3319089710712433 0.3094232901930809 0.3319089710712433 0.37157050520181656 0.010379493236541748 0.37157050520181656
0.0 0.36037471890449524 0.30874587036669254 0.6533999145030975 0.30874587036669254 0.6533999145030975 0.36338805221021175 0.36037471890449524 0.36338805221021175
0.0 0.6787008345127106 0.288220452144742 0.9815468490123749 0.288220452144742 0.9815468490123749 0.34685601107776165 0.6787008345127106 0.34685601107776165
0.0 0.0 0.3734305612742901 0.33662179112434387 0.3734305612742901 0.33662179112434387 0.434278417378664 0.0 0.434278417378664
0.0 0.3387290835380554 0.3714093342423439 0.648978054523468 0.3714093342423439 0.648978054523468 0.4338963255286217 0.3387290835380554 0.4338963255286217
0.0 0.668285146355629 0.3618579488247633 0.9999999850988388 0.3618579488247633 0.9999999850988388 0.41792392916977406 0.668285146355629 0.41792392916977406
0.0 0.02376621961593628 0.43797459825873375 0.3185267150402069 0.43797459825873375 0.3185267150402069 0.5009002424776554 0.02376621961593628 0.5009002424776554
0.0 0.3451775461435318 0.4417395032942295 0.6352610439062119 0.4417395032942295 0.6352610439062119 0.5052000842988491 0.3451775461435318 0.5052000842988491
0.0 0.6814805418252945 0.44373587891459465 0.9999999850988388 0.44373587891459465 0.9999999850988388 0.50024588778615 0.6814805418252945 0.50024588778615
0.0 0.0 0.5172340534627438 0.3056986629962921 0.5172340534627438 0.3056986629962921 0.5827470161020756 0.0 0.5827470161020756
0.0 0.3312814086675644 0.5063863731920719 0.6426903754472733 0.5063863731920719 0.6426903754472733 0.5821583531796932 0.3312814086675644 0.5821583531796932
0.0 0.687103658914566 0.5089807622134686 0.9999999701976776 0.5089807622134686 0.9999999701976776 0.566588032990694 0.687103658914566 0.566588032990694
0.0 0.00028999149799346924 0.5893215779215097 0.3298184424638748 0.5893215779215097 0.3298184424638748 0.6488339062780142 0.00028999149799346924 0.6488339062780142
0.0 0.36053796112537384 0.5849806629121304 0.6567705124616623 0.5849806629121304 0.6567705124616623 0.6512960828840733 0.36053796112537384 0.6512960828840733
0.0 0.6850415766239166 0.5797027461230755 0.9999999701976776 0.5797027461230755 0.9999999701976776 0.6591749079525471 0.6850415766239166 0.6591749079525471
0.0 0.001690104603767395 0.6637107320129871 0.34379102289676666 0.6637107320129871 0.34379102289676666 0.7192650847136974 0.001690104603767395 0.7192650847136974
0.0 0.345079630613327 0.6606441363692284 0.661562591791153 0.6606441363692284 0.661562591791153 0.7133652344346046 0.345079630613327 0.7133652344346046
0.0 0.6847665309906006 0.6638580374419689 1.0 0.6638580374419689 1.0 0.7261434979736805 0.6847665309906006 0.7261434979736805
0.0 0.0 0.7375105209648609 0.303370863199234 0.7375105209648609 0.303370863199234 0.7997634820640087 0.0 0.7997634820640087
0.0 0.3305410295724869 0.7364923972636461 0.6755264848470688 0.7364923972636461 0.6755264848470688 0.7892812471836805 0.3305410295724869 0.7892812471836805
0.0 0.6928099542856216 0.738378681242466 0.9999999850988388 0.738378681242466 0.9999999850988388 0.799139104783535 0.6928099542856216 0.799139104783535
