0.0 0.0 0.12153325229883194 0.2176312506198883 0.12153325229883194 0.2176312506198883 0.22958677262067795 0.0 0.22958677262067795
0.0 0.22689707577228546 0.0564427487552166 0.551013395190239 0.0564427487552166 0.551013395190239 0.17724167183041573 0.22689707577228546 0.17724167183041573
0.0 0.5550767332315445 0.0 0.8961201757192612 0.0 0.8961201757192612 0.11940931528806686 0.5550767332315445 0.11940931528806686
0.0 0.0 0.1843402236700058 0.26221102476119995 0.1843402236700058 0.26221102476119995 0.2899761348962784 0.0 0.2899761348962784
0.0 0.24893808364868164 0.12187240272760391 0.5799466967582703 0.12187240272760391 0.5799466967582703 0.23190896958112717 0.24893808364868164 0.23190896958112717
0.0 0.604695662856102 0.05860434100031853 0.9502196460962296 0.05860434100031853 0.9502196460962296 0.16604049876332283 0.604695662856102 0.16604049876332283
0.0 0.0 0.25294579938054085 0.2276894897222519 0.25294579938054085 0.2276894897222519 0.3502148799598217 0.0 0.3502148799598217
0.0 0.2711768299341202 0.17799684777855873 0.6133857816457748 0.17799684777855873 0.6133857816457748 0.2899598740041256 0.2711768299341202 0.2899598740041256
0.0 0.6150975823402405 0.12670349702239037 0.9228968024253845 0.12670349702239037 0.9228968024253845 0.23083660379052162 0.6150975823402405 0.23083660379052162
0.0 0.0 0.3055354282259941 0.29457393288612366 0.3055354282259941 0.29457393288612366 0.42153389006853104 0.0 0.42153389006853104
0.0 0.2951052486896515 0.24025334417819977 0.6295143663883209 0.24025334417819977 0.6295143663883209 0.3564177006483078 0.2951052486896515 0.3564177006483078
0.0 0.6493290066719055 0.18239928781986237 0.9907644391059875 0.18239928781986237 0.9907644391059875 0.29934434592723846 0.6493290066719055 0.29934434592723846
0.0 0.0 0.373527854681015 0.314618319272995 0.373527854681015 0.314618319272995 0.49092379212379456 0.0 0.49092379212379456
0.0 0.3141942620277405 0.3063431642949581 0.6460813879966736 0.3063431642949581 0.6460813879966736 0.4169028736650944 0.3141942620277405 0.4169028736650944
0.0 0.6538646221160889 0.25076859071850777 0.9854470491409302 0.25076859071850777 0.9854470491409302 0.3574909083545208 0.6538646221160889 0.3574909083545208
0.0 0.0 0.432449609041214 0.3527563512325287 0.432449609041214 0.3527563512325287 0.5545990765094757 0.0 0.5545990765094757
0.0 0.3476390093564987 0.3701302111148834 0.6834620982408524 0.3701302111148834 0.6834620982408524 0.48197850584983826 0.3476390093564987 0.48197850584983826
0.0 0.6865982860326767 0.30330993235111237 1.0000000149011612 0.30330993235111237 1.0000000149011612 0.41756080090999603 0.6865982860326767 0.41756080090999603
0.0 0.015265047550201416 0.5027411356568336 0.3454917371273041 0.5027411356568336 0.3454917371273041 0.6209966763854027 0.015265047550201416 0.6209966763854027
0.0 0.34325388073921204 0.4338623322546482 0.7147768437862396 0.4338623322546482 0.7147768437862396 0.5542571507394314 0.34325388073921204 0.5542571507394314
0.0 0.6940798908472061 0.35506414994597435 0.9999999850988388 0.35506414994597435 0.9999999850988388 0.4769073761999607 0.6940798908472061 0.4769073761999607
0.0 0.03478872776031494 0.5661946572363377 0.39001956582069397 0.5661946572363377 0.39001956582069397 0.6820471249520779 0.03478872776031494 0.6820471249520779
0.0 0.38831642270088196 0.501353096216917 0.6804889142513275 0.501353096216917 0.6804889142513275 0.6107352264225483 0.38831642270088196 0.6107352264225483
0.0 0.7390838712453842 0.4320302829146385 1.0000000149011612 0.4320302829146385 1.0000000149011612 0.5280763879418373 0.7390838712453842 0.5280763879418373
0.0 0.03422608971595764 0.6303989142179489 0.39508679509162903 0.6303989142179489 0.39508679509162903 0.757911279797554 0.03422608971595764 0.757911279797554
0.0 0.4043069928884506 0.5637887418270111 0.7652844339609146 0.5637887418270111 0.7652844339609146 0.6768130362033844 0.4043069928884506 0.6768130362033844
0.0 0.761624813079834 0.4880748838186264 1.0 0.4880748838186264 1.0 0.5936983972787857 0.761624813079834 0.5936983972787857
0.0 0.08151029050350189 0.7041479758918285 0.41910870373249054 0.7041479758918285 0.41910870373249054 0.8227040357887745 0.08151029050350189 0.8227040357887745
0.0 0.4439590573310852 0.6319980807602406 0.7598372101783752 0.6319980807602406 0.7598372101783752 0.7404460720717907 0.4439590573310852 0.7404460720717907
0.0 0.7748625501990318 0.5474588982760906 0.9999999776482582 0.5474588982760906 0.9999999776482582 0.6690138466656208 0.7748625501990318 0.6690138466656208
