0.0 0.0 0.11597917787730694 0.2558474838733673 0.11597917787730694 0.2558474838733673 0.16857223398983479 0.0 0.16857223398983479
0.0 0.28296540677547455 0.1109900251030922 0.5774132162332535 0.1109900251030922 0.5774132162332535 0.17767765372991562 0.28296540677547455 0.17767765372991562
0.0 0.6002488732337952 0.11334497481584549 0.9202806353569031 0.11334497481584549 0.9202806353569031 0.17884811013936996 0.6002488732337952 0.17884811013936996
0.0 0.0 0.18341868370771408 0.28038716316223145 0.18341868370771408 0.28038716316223145 0.2293042615056038 0.0 0.2293042615056038
0.0 0.283658891916275 0.17842677049338818 0.5900120437145233 0.17842677049338818 0.5900120437145233 0.23287284560501575 0.283658891916275 0.23287284560501575
0.0 0.6290956139564514 0.18327966891229153 0.9610186219215393 0.18327966891229153 0.9610186219215393 0.23163684643805027 0.6290956139564514 0.23163684643805027
0.0 0.0 0.24287611991167068 0.229040265083313 0.24287611991167068 0.229040265083313 0.2886868044734001 0.0 0.2886868044734001
0.0 0.2868986874818802 0.23851111344993114 0.6060438603162766 0.23851111344993114 0.6060438603162766 0.29236492700874805 0.2868986874818802 0.29236492700874805
0.0 0.6220844984054565 0.2439604103565216 0.9156386852264404 0.2439604103565216 0.9156386852264404 0.2965465486049652 0.6220844984054565 0.2965465486049652
0.0 0.0 0.30476491525769234 0.2732129991054535 0.30476491525769234 0.2732129991054535 0.3574203960597515 0.0 0.3574203960597515
0.0 0.29096485674381256 0.301662091165781 0.6024497598409653 0.301662091165781 0.6024497598409653 0.36102085933089256 0.29096485674381256 0.36102085933089256
0.0 0.6372243911027908 0.310807678848505 0.9649147242307663 0.310807678848505 0.9649147242307663 0.3701927922666073 0.6372243911027908 0.3701927922666073
0.0 0.0 0.3740505389869213 0.27130699157714844 0.3740505389869213 0.27130699157714844 0.42914434149861336 0.0 0.42914434149861336
0.0 0.28908006846904755 0.36970771849155426 0.6014000922441483 0.36970771849155426 0.6014000922441483 0.42293737828731537 0.28908006846904755 0.42293737828731537
0.0 0.6225582659244537 0.3782194685190916 0.944249838590622 0.3782194685190916 0.944249838590622 0.4277861285954714 0.6225582659244537 0.4277861285954714
0.0 0.0 0.4384275898337364 0.2890322208404541 0.4384275898337364 0.2890322208404541 0.4953827038407326 0.0 0.4953827038407326
0.0 0.30081890523433685 0.43961470387876034 0.6191093474626541 0.43961470387876034 0.6191093474626541 0.49285406805574894 0.30081890523433685 0.49285406805574894
0.0 0.6394252777099609 0.4352607671171427 0.9534671306610107 0.4352607671171427 0.9534671306610107 0.4940106328576803 0.6394252777099609 0.4940106328576803
0.0 0.0 0.505880968645215 0.2606910169124603 0.505880968645215 0.2606910169124603 0.5664505790919065 0.0 0.5664505790919065
0.0 0.2758805751800537 0.508848961442709 0.630850076675415 0.508848961442709 0.630850076675415 0.5633741058409214 0.2758805751800537 0.5633741058409214
0.0 0.6298678070306778 0.4959373213350773 0.98484967648983 0.4959373213350773 0.98484967648983 0.5547538064420223 0.6298678070306778 0.5547538064420223
0.0 0.0 0.577602107077837 0.2860712707042694 0.577602107077837 0.2860712707042694 0.6296362094581127 0.0 0.6296362094581127
0.0 0.3021331876516342 0.5695837903767824 0.5777937918901443 0.5695837903767824 0.5777937918901443 0.6282713245600462 0.3021331876516342 0.6282713245600462
0.0 0.6544305682182312 0.5707694906741381 0.9471051096916199 0.5707694906741381 0.9471051096916199 0.6141584496945143 0.6544305682182312 0.6141584496945143
0.0 0.0 0.6419390179216862 0.2688268721103668 0.6419390179216862 0.2688268721103668 0.7050135396420956 0.0 0.7050135396420956
0.0 0.2942584902048111 0.6498806867748499 0.6449421495199203 0.6498806867748499 0.6449421495199203 0.6970423068851233 0.2942584902048111 0.6970423068851233
0.0 0.6584895700216293 0.6388248596340418 0.9912601858377457 0.6388248596340418 0.9912601858377457 0.6853442993015051 0.6584895700216293 0.6853442993015051
0.0 0.0 0.7210569437593222 0.27115708589553833 0.7210569437593222 0.27115708589553833 0.7785835210233927 0.0 0.7785835210233927
0.0 0.31366652250289917 0.7179610133171082 0.6191579699516296 0.7179610133171082 0.6191579699516296 0.769340455532074 0.31366652250289917 0.769340455532074
0.0 0.6539928913116455 0.7044141422957182 1.0 0.7044141422957182 1.0 0.7656758893281221 0.6539928913116455 0.7656758893281221
