0.0 0.0 0.08436471968889236 0.2705777585506439 0.08436471968889236 0.2705777585506439 0.14992127567529678 0.0 0.14992127567529678
0.0 0.2926117926836014 0.06469256430864334 0.5854713767766953 0.06469256430864334 0.5854713767766953 0.14430267363786697 0.2926117926836014 0.14430267363786697
0.0 0.6027957648038864 0.05149485915899277 0.9205595999956131 0.05149485915899277 0.9205595999956131 0.1309930607676506 0.6027957648038864 0.1309930607676506
0.0 0.0 0.15120786987245083 0.2996295094490051 0.15120786987245083 0.2996295094490051 0.21094494499266148 0.0 0.21094494499266148
0.0 0.2988699972629547 0.13205986469984055 0.6024112403392792 0.13205986469984055 0.6024112403392792 0.1998434141278267 0.2988699972629547 0.1998434141278267
0.0 0.6367544233798981 0.12009682133793831 0.9648054540157318 0.12009682133793831 0.9648054540157318 0.1828281693160534 0.6367544233798981 0.1828281693160534
0.0 0.0 0.21335512958467007 0.2544073462486267 0.21335512958467007 0.2544073462486267 0.2710705045610666 0.0 0.2710705045610666
0.0 0.30703671276569366 0.19186700135469437 0.6230301111936569 0.19186700135469437 0.6230301111936569 0.2595945820212364 0.30703671276569366 0.2595945820212364
0.0 0.6349692642688751 0.18321707472205162 0.9258612096309662 0.18321707472205162 0.9258612096309662 0.24858644977211952 0.6349692642688751 0.24858644977211952
0.0 0.0 0.27377935871481895 0.3032691478729248 0.27377935871481895 0.3032691478729248 0.3410206772387028 0.0 0.3410206772387028
0.0 0.3162834346294403 0.25562289357185364 0.625219851732254 0.25562289357185364 0.625219851732254 0.3285713493824005 0.3162834346294403 0.3285713493824005
0.0 0.6553464829921722 0.24835696443915367 0.980118066072464 0.24835696443915367 0.980118066072464 0.32201674953103065 0.6553464829921722 0.32201674953103065
0.0 0.0 0.3436357378959656 0.3073723018169403 0.3436357378959656 0.3073723018169403 0.4129728078842163 0.0 0.4129728078842163
0.0 0.3200906664133072 0.32420675083994865 0.6293672770261765 0.32420675083994865 0.6293672770261765 0.39101727679371834 0.3200906664133072 0.39101727679371834
0.0 0.6466029733419418 0.31718437373638153 0.9647514969110489 0.31718437373638153 0.9647514969110489 0.38070155680179596 0.6466029733419418 0.38070155680179596
0.0 0.0 0.40769076347351074 0.3302004635334015 0.40769076347351074 0.3302004635334015 0.47947943210601807 0.0 0.47947943210601807
0.0 0.3373807370662689 0.39381958916783333 0.6524913609027863 0.39381958916783333 0.6524913609027863 0.4608921818435192 0.3373807370662689 0.4608921818435192
0.0 0.6678580343723297 0.3742033690214157 0.9792453944683075 0.3742033690214157 0.9792453944683075 0.446646586060524 0.6678580343723297 0.446646586060524
0.0 0.008550643920898438 0.4768551103770733 0.3084179162979126 0.4768551103770733 0.3084179162979126 0.5506268031895161 0.008550643920898438 0.5506268031895161
0.0 0.3187839835882187 0.4630768783390522 0.6698308140039444 0.4630768783390522 0.6698308140039444 0.5329944603145123 0.3187839835882187 0.5329944603145123
0.0 0.6635725647211075 0.4339540861546993 0.9999999850988388 0.4339540861546993 0.9999999850988388 0.5081944204866886 0.6635725647211075 0.5081944204866886
0.0 0.01098690927028656 0.5479835644364357 0.3385004252195358 0.5479835644364357 0.3385004252195358 0.6143827065825462 0.01098690927028656 0.6143827065825462
0.0 0.3495026230812073 0.5265340991318226 0.6233856678009033 0.5265340991318226 0.6233856678009033 0.5972926430404186 0.3495026230812073 0.5972926430404186
0.0 0.693758636713028 0.5109406989067793 0.9830772578716278 0.5109406989067793 0.9830772578716278 0.5670095402747393 0.693758636713028 0.5670095402747393
0.0 0.0 0.6135735958814621 0.32789769768714905 0.6135735958814621 0.32789769768714905 0.6912381201982498 0.0 0.6912381201982498
0.0 0.34846214950084686 0.6044735480099916 0.6947500258684158 0.6044735480099916 0.6947500258684158 0.6667935084551573 0.34846214950084686 0.6667935084551573
0.0 0.7033998817205429 0.5775403287261724 1.0000000149011612 0.5775403287261724 1.0000000149011612 0.6384565327316523 0.7033998817205429 0.6384565327316523
0.0 0.023360341787338257 0.6931233033537865 0.33631595969200134 0.6931233033537865 0.33631595969200134 0.7644063606858253 0.023360341787338257 0.7644063606858253
0.0 0.37310515344142914 0.6741431206464767 0.6755664497613907 0.6741431206464767 0.6755664497613907 0.7388015538454056 0.37310515344142914 0.7388015538454056
0.0 0.7045095860958099 0.6431838050484657 1.0000000298023224 0.6431838050484657 1.0000000298023224 0.7195470556616783 0.7045095860958099 0.7195470556616783
