0.0 0.0 0.0 0.13147154450416565 0.0 0.13147154450416565 0.047905005514621735 0.0 0.047905005514621735
0.0 0.0 0.0025113336741924286 0.10723388940095901 0.0025113336741924286 0.10723388940095901 0.10825803503394127 0.0 0.10825803503394127
0.0 0.0 0.05664985626935959 0.09376286715269089 0.05664985626935959 0.09376286715269089 0.18029481917619705 0.0 0.18029481917619705
0.0 0.0 0.1278604194521904 0.05411843582987785 0.1278604194521904 0.05411843582987785 0.25067953020334244 0.0 0.25067953020334244
0.0 0.22370456159114838 0.0 0.5421899110078812 0.0 0.5421899110078812 0.06108606234192848 0.22370456159114838 0.06108606234192848
0.0 0.5370054543018341 0.0 0.8810523450374603 0.0 0.8810523450374603 0.13491028547286987 0.5370054543018341 0.13491028547286987
0.0 0.8665818125009537 0.062241293489933014 0.9999999850988388 0.062241293489933014 0.9999999850988388 0.20949169248342514 0.8665818125009537 0.20949169248342514
0.0 0.19590765237808228 0.008191637694835663 0.5312384963035583 0.008191637694835663 0.5312384963035583 0.12911304086446762 0.19590765237808228 0.12911304086446762
0.0 0.5084822475910187 0.06776323914527893 0.8561471402645111 0.06776323914527893 0.8561471402645111 0.19634640216827393 0.5084822475910187 0.19634640216827393
0.0 0.867499478161335 0.1477261185646057 0.9999999925494194 0.1477261185646057 0.9999999925494194 0.2777980864048004 0.867499478161335 0.2777980864048004
0.0 0.16170920431613922 0.07158128917217255 0.4485790580511093 0.07158128917217255 0.4485790580511093 0.17957814037799835 0.16170920431613922 0.17957814037799835
0.0 0.48043736815452576 0.1345369517803192 0.8392213881015778 0.1345369517803192 0.8392213881015778 0.26400792598724365 0.48043736815452576 0.26400792598724365
0.0 0.823275089263916 0.2144884541630745 1.0 0.2144884541630745 1.0 0.340403787791729 0.823275089263916 0.340403787791729
0.0 0.1114271879196167 0.13287701457738876 0.460119366645813 0.13287701457738876 0.460119366645813 0.2600623145699501 0.1114271879196167 0.2600623145699501
0.0 0.44862449169158936 0.2045876607298851 0.7997833490371704 0.2045876607298851 0.7997833490371704 0.33768556267023087 0.44862449169158936 0.33768556267023087
0.0 0.7979538217186928 0.2908482998609543 1.0000000223517418 0.2908482998609543 1.0000000223517418 0.43422283232212067 0.7979538217186928 0.43422283232212067
0.0 0.08296719193458557 0.20740222185850143 0.4221968948841095 0.20740222185850143 0.4221968948841095 0.3346686437726021 0.08296719193458557 0.3346686437726021
0.0 0.4146880656480789 0.2762039005756378 0.7606467455625534 0.2762039005756378 0.7606467455625534 0.40399226546287537 0.4146880656480789 0.40399226546287537
0.0 0.7504359483718872 0.36022450029850006 1.0 0.36022450029850006 1.0 0.49342964589595795 0.7504359483718872 0.49342964589595795
0.0 0.05501936376094818 0.27389049530029297 0.4063652902841568 0.27389049530029297 0.4063652902841568 0.4074363708496094 0.05501936376094818 0.4074363708496094
0.0 0.39022499322891235 0.3515510782599449 0.7404329180717468 0.3515510782599449 0.7404329180717468 0.4828689470887184 0.39022499322891235 0.4828689470887184
0.0 0.7314608991146088 0.42516063898801804 1.0000000298023224 0.42516063898801804 1.0000000298023224 0.5686787441372871 0.7314608991146088 0.5686787441372871
0.0 0.031132802367210388 0.34390293806791306 0.34419409930706024 0.34390293806791306 0.34419409930706024 0.47402603179216385 0.031132802367210388 0.47402603179216385
0.0 0.33011384308338165 0.4173066318035126 0.7144864052534103 0.4173066318035126 0.7144864052534103 0.5604812204837799 0.33011384308338165 0.5604812204837799
0.0 0.6881921142339706 0.48730795830488205 1.0000000149011612 0.48730795830488205 1.0000000149011612 0.6432799771428108 0.6881921142339706 0.6432799771428108
0.0 0.0 0.4146200716495514 0.33234667778015137 0.4146200716495514 0.33234667778015137 0.5443906486034393 0.0 0.5443906486034393
0.0 0.32258379459381104 0.4854792430996895 0.626629114151001 0.4854792430996895 0.626629114151001 0.6151972934603691 0.32258379459381104 0.6151972934603691
0.0 0.6811611503362656 0.5725124590098858 1.0000000149011612 0.5725124590098858 1.0000000149011612 0.6969885118305683 0.6811611503362656 0.6969885118305683
0.0 0.0 0.4734101742506027 0.283353328704834 0.4734101742506027 0.283353328704834 0.61667700111866 0.0 0.61667700111866
0.0 0.28055478632450104 0.5653046071529388 0.6520283669233322 0.5653046071529388 0.6520283669233322 0.7038340866565704 0.28055478632450104 0.7038340866565704
0.0 0.6466914415359497 0.6446959897875786 1.0 0.6446959897875786 1.0 0.7856371477246284 0.6466914415359497 0.7856371477246284
0.0 0.0 0.555738277733326 0.24613754451274872 0.555738277733326 0.24613754451274872 0.6908953711390495 0.0 0.6908953711390495
0.0 0.2629662901163101 0.6385131180286407 0.5890625566244125 0.6385131180286407 0.5890625566244125 0.7717438638210297 0.2629662901163101 0.7717438638210297
0.0 0.5989208817481995 0.7112139239907265 0.9989821314811707 0.7112139239907265 0.9989821314811707 0.8744256719946861 0.5989208817481995 0.8744256719946861
