0.0 0.0 0.1137152872979641 0.29063180088996887 0.1137152872979641 0.29063180088996887 0.19118914380669594 0.0 0.19118914380669594
0.0 0.3082982301712036 0.08054185286164284 0.6059756278991699 0.08054185286164284 0.6059756278991699 0.17175092920660973 0.3082982301712036 0.17175092920660973
0.0 0.6184258759021759 0.05285205692052841 0.9408992230892181 0.05285205692052841 0.9408992230892181 0.14504418522119522 0.6184258759021759 0.14504418522119522
0.0 0.004836484789848328 0.17868071421980858 0.32425056397914886 0.17868071421980858 0.32425056397914886 0.25135431066155434 0.004836484789848328 0.25135431066155434
0.0 0.31964731216430664 0.14653531834483147 0.6270732879638672 0.14653531834483147 0.6270732879638672 0.2265733666718006 0.31964731216430664 0.2265733666718006
0.0 0.6576432436704636 0.1188621036708355 0.9891004115343094 0.1188621036708355 0.9891004115343094 0.19500355795025826 0.6576432436704636 0.19500355795025826
0.0 0.009112387895584106 0.2422521933913231 0.28354954719543457 0.2422521933913231 0.28354954719543457 0.31096044927835464 0.009112387895584106 0.31096044927835464
0.0 0.3323478698730469 0.2049156315624714 0.6521718502044678 0.2049156315624714 0.6521718502044678 0.2854451946914196 0.3323478698730469 0.2854451946914196
0.0 0.6604445427656174 0.18313946947455406 0.9550902396440506 0.18313946947455406 0.9550902396440506 0.2602461911737919 0.6604445427656174 0.2602461911737919
0.0 0.0012771040201187134 0.3000391013920307 0.337567999958992 0.3000391013920307 0.337567999958992 0.380817424505949 0.0012771040201187134 0.380817424505949
0.0 0.3463593125343323 0.2680346667766571 0.6595476269721985 0.2680346667766571 0.6595476269721985 0.35339292883872986 0.3463593125343323 0.35339292883872986
0.0 0.6858574002981186 0.2453654184937477 1.0000000149011612 0.2453654184937477 1.0000000149011612 0.3321188911795616 0.6858574002981186 0.3321188911795616
0.0 0.018743306398391724 0.3691108003258705 0.3470875918865204 0.3691108003258705 0.3470875918865204 0.45159461349248886 0.018743306398391724 0.45159461349248886
0.0 0.3553052842617035 0.3358130343258381 0.668370395898819 0.3358130343258381 0.668370395898819 0.4151451699435711 0.3553052842617035 0.4151451699435711
0.0 0.6822141408920288 0.3142227232456207 1.0 0.3142227232456207 1.0 0.3907029330730438 0.6822141408920288 0.3907029330730438
0.0 0.03294597566127777 0.4316139444708824 0.3749035447835922 0.4316139444708824 0.3749035447835922 0.5171025171875954 0.03294597566127777 0.5171025171875954
0.0 0.3778644800186157 0.40380575507879257 0.6967599391937256 0.40380575507879257 0.6967599391937256 0.48365191370248795 0.3778644800186157 0.48365191370248795
0.0 0.707763209939003 0.37014074996113777 0.9999999850988388 0.37014074996113777 0.9999999850988388 0.4551093392074108 0.707763209939003 0.4551093392074108
0.0 0.05428989231586456 0.501132171601057 0.3585073798894882 0.501132171601057 0.3585073798894882 0.5869025774300098 0.05428989231586456 0.5869025774300098
0.0 0.36451321840286255 0.471702478826046 0.7194148898124695 0.471702478826046 0.7194148898124695 0.5559261813759804 0.36451321840286255 0.5559261813759804
0.0 0.7080657631158829 0.4278092198073864 0.9999999850988388 0.4278092198073864 0.9999999850988388 0.5163026042282581 0.7080657631158829 0.5163026042282581
0.0 0.06214362382888794 0.5702938437461853 0.3933415412902832 0.5702938437461853 0.3933415412902832 0.6500216126441956 0.06214362382888794 0.6500216126441956
0.0 0.39979782700538635 0.5366406999528408 0.6779085099697113 0.5366406999528408 0.6779085099697113 0.6183049120008945 0.39979782700538635 0.6183049120008945
0.0 0.7438834607601166 0.505454633384943 1.0000000298023224 0.505454633384943 1.0000000298023224 0.5733385346829891 0.7438834607601166 0.5733385346829891
0.0 0.052192047238349915 0.6358077004551888 0.38844238221645355 0.6358077004551888 0.38844238221645355 0.7268083617091179 0.052192047238349915 0.7268083617091179
0.0 0.40482546389102936 0.6107436046004295 0.7544153779745102 0.6107436046004295 0.7544153779745102 0.6872806921601295 0.40482546389102936 0.6872806921601295
0.0 0.7586597055196762 0.5693411231040955 1.0000000149011612 0.5693411231040955 1.0000000149011612 0.6437261700630188 0.7586597055196762 0.6437261700630188
0.0 0.0853472650051117 0.7142714783549309 0.4024132788181305 0.7142714783549309 0.4024132788181305 0.7981670573353767 0.0853472650051117 0.7981670573353767
0.0 0.4345940351486206 0.6806515157222748 0.7407091856002808 0.6806515157222748 0.7407091856002808 0.7575663626194 0.4345940351486206 0.7575663626194
0.0 0.7647245153784752 0.6337573304772377 0.9999999776482582 0.6337573304772377 0.9999999776482582 0.7240034565329552 0.7647245153784752 0.7240034565329552
