0.0 0.0 0.11782453209161758 0.17024655640125275 0.11782453209161758 0.17024655640125275 0.23853649944067 0.0 0.23853649944067
0.0 0.17198997735977173 0.050924353301525116 0.5286703109741211 0.050924353301525116 0.5286703109741211 0.1902787759900093 0.17198997735977173 0.1902787759900093
0.0 0.5272026211023331 0.0 0.9203840345144272 0.0 0.9203840345144272 0.13309119641780853 0.5272026211023331 0.13309119641780853
0.0 0.0 0.18912507593631744 0.22161559760570526 0.18912507593631744 0.22161559760570526 0.30703674256801605 0.0 0.30703674256801605
0.0 0.2001793086528778 0.12609727680683136 0.5643295347690582 0.12609727680683136 0.5643295347690582 0.25371332466602325 0.2001793086528778 0.25371332466602325
0.0 0.5873308330774307 0.06175217032432556 0.9876530021429062 0.06175217032432556 0.9876530021429062 0.1896967887878418 0.5873308330774307 0.1896967887878418
0.0 0.0 0.26556267961859703 0.1895003467798233 0.26556267961859703 0.1895003467798233 0.37349942699074745 0.0 0.37349942699074745
0.0 0.2280043214559555 0.1916963905096054 0.6052434593439102 0.1916963905096054 0.6052434593439102 0.32125385105609894 0.2280043214559555 0.32125385105609894
0.0 0.6031644493341446 0.14151139929890633 0.9589607566595078 0.14151139929890633 0.9589607566595078 0.265829723328352 0.6031644493341446 0.265829723328352
0.0 0.0 0.32573582977056503 0.2650195062160492 0.32573582977056503 0.2650195062160492 0.45434991270303726 0.0 0.45434991270303726
0.0 0.25794871151447296 0.2641903758049011 0.6274514645338058 0.2641903758049011 0.6274514645338058 0.39815008640289307 0.25794871151447296 0.39815008640289307
0.0 0.6460345983505249 0.20925553888082504 1.0 0.20925553888082504 1.0 0.34878287464380264 0.6460345983505249 0.34878287464380264
0.0 0.0 0.4022608548402786 0.29118266701698303 0.4022608548402786 0.29118266701698303 0.5321525186300278 0.0 0.5321525186300278
0.0 0.28305017948150635 0.3410520777106285 0.6498136520385742 0.3410520777106285 0.6498136520385742 0.46808645874261856 0.28305017948150635 0.46808645874261856
0.0 0.6553455889225006 0.2904859036207199 0.9999999701976776 0.2904859036207199 0.9999999701976776 0.41718049347400665 0.6553455889225006 0.41718049347400665
0.0 0.0 0.46905673295259476 0.3362288773059845 0.46905673295259476 0.3362288773059845 0.6043966934084892 0.0 0.6043966934084892
0.0 0.32347896695137024 0.4160969778895378 0.6958080232143402 0.4160969778895378 0.6958080232143402 0.5443272665143013 0.32347896695137024 0.5443272665143013
0.0 0.6960551887750626 0.3540336862206459 0.9999999850988388 0.3540336862206459 0.9999999850988388 0.4894119128584862 0.6960551887750626 0.4894119128584862
0.0 0.0 0.5480286702513695 0.33316177129745483 0.5480286702513695 0.33316177129745483 0.6786898747086525 0.0 0.6786898747086525
0.0 0.32343317568302155 0.4900810793042183 0.7351467460393906 0.4900810793042183 0.7351467460393906 0.6274936124682426 0.32343317568302155 0.6274936124682426
0.0 0.7081984430551529 0.41642986238002777 0.9999999850988388 0.41642986238002777 0.9999999850988388 0.5592882186174393 0.7081984430551529 0.5592882186174393
0.0 0.00928160548210144 0.6207418665289879 0.38485026359558105 0.6207418665289879 0.38485026359558105 0.7483025565743446 0.00928160548210144 0.7483025565743446
0.0 0.3760150372982025 0.5676888935267925 0.7005257904529572 0.5676888935267925 0.7005257904529572 0.6921247728168964 0.3760150372982025 0.6921247728168964
0.0 0.7637390047311783 0.5084361918270588 0.9999999850988388 0.5084361918270588 0.9999999850988388 0.6205620877444744 0.7637390047311783 0.6205620877444744
0.0 0.013499245047569275 0.692266009747982 0.3952281326055527 0.692266009747982 0.3952281326055527 0.8320842757821083 0.013499245047569275 0.8320842757821083
0.0 0.39812833070755005 0.6426085755228996 0.7998663783073425 0.6426085755228996 0.7998663783073425 0.7708448842167854 0.39812833070755005 0.7708448842167854
0.0 0.7934821993112564 0.5759928785264492 0.9999999850988388 0.5759928785264492 0.9999999850988388 0.698020163923502 0.7934821993112564 0.698020163923502
0.0 0.06717786192893982 0.7766935601830482 0.4255262017250061 0.7766935601830482 0.4255262017250061 0.9063463434576988 0.06717786192893982 0.9063463434576988
0.0 0.44536837935447693 0.7218350283801556 0.7977578938007355 0.7218350283801556 0.7977578938007355 0.8445428498089314 0.44536837935447693 0.8445428498089314
0.0 0.8126495108008385 0.6466471254825592 0.9999999776482582 0.6466471254825592 0.9999999776482582 0.7862958610057831 0.8126495108008385 0.7862958610057831
