0.0 0.0 0.730206124484539 0.09420312196016312 0.730206124484539 0.09420312196016312 0.8638118579983711 0.0 0.8638118579983711
0.0 0.0 0.8057805076241493 0.107634037733078 0.8057805076241493 0.107634037733078 0.9301175102591515 0.0 0.9301175102591515
0.0 0.0 0.16570314019918442 0.19008857011795044 0.16570314019918442 0.19008857011795044 0.2873249426484108 0.0 0.2873249426484108
0.0 0.18797527253627777 0.08869436383247375 0.4931538850069046 0.08869436383247375 0.4931538850069046 0.22405752539634705 0.18797527253627777 0.22405752539634705
0.0 0.4836197793483734 0.016622528433799744 0.8058045208454132 0.016622528433799744 0.8058045208454132 0.15699483454227448 0.4836197793483734 0.15699483454227448
0.0 0.0 0.2220376692712307 0.24067413806915283 0.2220376692712307 0.24067413806915283 0.34260809794068336 0.0 0.34260809794068336
0.0 0.21950723230838776 0.14824773371219635 0.5288104861974716 0.14824773371219635 0.5288104861974716 0.2742132693529129 0.21950723230838776 0.2742132693529129
0.0 0.5411048978567123 0.07206077873706818 0.8643459230661392 0.07206077873706818 0.8643459230661392 0.19859211146831512 0.5411048978567123 0.19859211146831512
0.0 0.0 0.28885167092084885 0.21970921754837036 0.28885167092084885 0.21970921754837036 0.3974733427166939 0.0 0.3974733427166939
0.0 0.24979938566684723 0.19996219128370285 0.5694865435361862 0.19996219128370285 0.5694865435361862 0.32743794471025467 0.24979938566684723 0.32743794471025467
0.0 0.5611381083726883 0.13806768879294395 0.8511387556791306 0.13806768879294395 0.8511387556791306 0.2578284777700901 0.5611381083726883 0.2578284777700901
0.0 0.0 0.3351915404200554 0.29199913144111633 0.3351915404200554 0.29199913144111633 0.46430356055498123 0.0 0.46430356055498123
0.0 0.2820197194814682 0.25884589552879333 0.596180871129036 0.25884589552879333 0.596180871129036 0.3882276117801666 0.2820197194814682 0.3882276117801666
0.0 0.6038431227207184 0.18776904791593552 0.9261427819728851 0.18776904791593552 0.9261427819728851 0.3207169249653816 0.6038431227207184 0.3207169249653816
0.0 0.0 0.39912891387939453 0.3224622309207916 0.39912891387939453 0.3224622309207916 0.5273836851119995 0.0 0.5273836851119995
0.0 0.31090717017650604 0.3212246559560299 0.6219231635332108 0.3212246559560299 0.6219231635332108 0.4440791942179203 0.31090717017650604 0.4440791942179203
0.0 0.619870662689209 0.25344759970903397 0.9315061569213867 0.25344759970903397 0.9315061569213867 0.37499653548002243 0.619870662689209 0.37499653548002243
0.0 0.023839101195335388 0.45393163710832596 0.36839185655117035 0.45393163710832596 0.36839185655117035 0.5858402773737907 0.023839101195335388 0.5858402773737907
0.0 0.35294824838638306 0.38073815405368805 0.6680334210395813 0.38073815405368805 0.6680334210395813 0.5037556141614914 0.35294824838638306 0.5037556141614914
0.0 0.6594817936420441 0.3029877617955208 0.9673624932765961 0.3029877617955208 0.9673624932765961 0.42980145663022995 0.6594817936420441 0.42980145663022995
0.0 0.06512314081192017 0.5220172666013241 0.37394487857818604 0.5220172666013241 0.37394487857818604 0.6466961838304996 0.06512314081192017 0.6466961838304996
0.0 0.36077144742012024 0.44042349606752396 0.7087719142436981 0.44042349606752396 0.7087719142436981 0.5718907043337822 0.36077144742012024 0.5718907043337822
0.0 0.6768492311239243 0.3501776084303856 1.0000000149011612 0.3501776084303856 1.0000000149011612 0.4855578914284706 0.6768492311239243 0.4855578914284706
0.0 0.09470905363559723 0.5810390748083591 0.4249977320432663 0.5810390748083591 0.4249977320432663 0.7039792500436306 0.09470905363559723 0.7039792500436306
0.0 0.4116186797618866 0.5074273310601711 0.6888566315174103 0.5074273310601711 0.6888566315174103 0.6230850256979465 0.4116186797618866 0.6230850256979465
0.0 0.7310556173324585 0.4258681870996952 1.0 0.4258681870996952 1.0 0.5318992994725704 0.7310556173324585 0.5318992994725704
0.0 0.10471303761005402 0.6429975256323814 0.4425424188375473 0.6429975256323814 0.4425424188375473 0.7761896625161171 0.10471303761005402 0.7761896625161171
0.0 0.4398881793022156 0.5637891516089439 0.7778387665748596 0.5637891516089439 0.7778387665748596 0.6853265538811684 0.4398881793022156 0.6853265538811684
0.0 0.7633866220712662 0.4762794002890587 0.9999999850988388 0.4762794002890587 0.9999999850988388 0.5931255593895912 0.7633866220712662 0.5931255593895912
0.0 0.16028514504432678 0.7127643078565598 0.4767460525035858 0.7127643078565598 0.4767460525035858 0.8365895301103592 0.16028514504432678 0.8365895301103592
0.0 0.48718367516994476 0.6302542388439178 0.7853763252496719 0.6302542388439178 0.7853763252496719 0.7447223961353302 0.48718367516994476 0.7447223961353302
0.0 0.7866487577557564 0.5320471823215485 0.9999999925494194 0.5320471823215485 0.9999999925494194 0.6636756360530853 0.7866487577557564 0.6636756360530853
0.0 0.9192032851278782 0.0 0.9999999962747097 0.0 0.9999999962747097 0.10880491882562637 0.9192032851278782 0.10880491882562637
