0.0 0.0 0.17244777083396912 0.1640879362821579 0.17244777083396912 0.1640879362821579 0.3053043484687805 0.0 0.3053043484687805
0.0 0.15405391156673431 0.0926782414317131 0.5375715643167496 0.0926782414317131 0.5375715643167496 0.2478659227490425 0.15405391156673431 0.2478659227490425
0.0 0.5322878211736679 0.010427914559841156 0.969702735543251 0.010427914559841156 0.969702735543251 0.17776589840650558 0.5322878211736679 0.17776589840650558
0.0 0.0 0.24830783158540726 0.2213236540555954 0.24830783158540726 0.2213236540555954 0.3774280473589897 0.0 0.3774280473589897
0.0 0.18885765969753265 0.1749945729970932 0.5770724564790726 0.1749945729970932 0.5770724564790726 0.31639765202999115 0.18885765969753265 0.31639765202999115
0.0 0.599781259894371 0.09463196247816086 1.0000000149011612 0.09463196247816086 1.0000000149011612 0.24018201977014542 0.599781259894371 0.24018201977014542
0.0 0.0 0.32942139357328415 0.1927860826253891 0.32942139357328415 0.1927860826253891 0.4463949277997017 0.0 0.4463949277997017
0.0 0.22217968106269836 0.2457597479224205 0.6217508018016815 0.2457597479224205 0.6217508018016815 0.3884735479950905 0.22217968106269836 0.3884735479950905
0.0 0.6183642148971558 0.18436801433563232 1.0 0.18436801433563232 1.0 0.3241780400276184 0.6183642148971558 0.3241780400276184
0.0 0.0 0.3911631777882576 0.2741531431674957 0.3911631777882576 0.2741531431674957 0.5297186300158501 0.0 0.5297186300158501
0.0 0.257639542222023 0.3232489228248596 0.6464056819677353 0.3232489228248596 0.6464056819677353 0.46936488151550293 0.257639542222023 0.46936488151550293
0.0 0.6657707393169403 0.25795310735702515 1.0000000298023224 0.25795310735702515 1.0000000298023224 0.41381382942199707 0.6657707393169403 0.41381382942199707
0.0 0.0 0.4695872962474823 0.3047458827495575 0.4695872962474823 0.3047458827495575 0.6081720888614655 0.0 0.6081720888614655
0.0 0.2878769487142563 0.4041876569390297 0.6707372218370438 0.4041876569390297 0.6707372218370438 0.5419548377394676 0.2878769487142563 0.5419548377394676
0.0 0.6766815483570099 0.34622326493263245 0.9999999701976776 0.34622326493263245 0.9999999701976776 0.48688629269599915 0.6766815483570099 0.48688629269599915
0.0 0.0 0.5374644324183464 0.3535090684890747 0.5374644324183464 0.3535090684890747 0.6802815869450569 0.0 0.6802815869450569
0.0 0.3332795649766922 0.4818747937679291 0.7195558995008469 0.4818747937679291 0.7195558995008469 0.6200093328952789 0.3332795649766922 0.6200093328952789
0.0 0.7203200906515121 0.4139173924922943 1.0000000149011612 0.4139173924922943 1.0000000149011612 0.562684029340744 0.7203200906515121 0.562684029340744
0.0 0.0015943199396133423 0.6167049333453178 0.353905513882637 0.6167049333453178 0.353905513882637 0.7526774480938911 0.0015943199396133423 0.7526774480938911
0.0 0.3368942439556122 0.557209424674511 0.7614910900592804 0.557209424674511 0.7614910900592804 0.7043275311589241 0.3368942439556122 0.7043275311589241
0.0 0.7333327680826187 0.47920626401901245 0.9999999850988388 0.47920626401901245 0.9999999850988388 0.6355076432228088 0.7333327680826187 0.6355076432228088
0.0 0.03196330368518829 0.6878205314278603 0.4081413000822067 0.6878205314278603 0.4081413000822067 0.8206128105521202 0.03196330368518829 0.8206128105521202
0.0 0.3935104310512543 0.6363650560379028 0.7255145609378815 0.6363650560379028 0.7255145609378815 0.7673361301422119 0.3935104310512543 0.7673361301422119
0.0 0.7908380925655365 0.5754341967403889 1.0000000298023224 0.5754341967403889 1.0000000298023224 0.6975660435855389 0.7908380925655365 0.6975660435855389
0.0 0.0416908860206604 0.7570404931902885 0.42159217596054077 0.7570404931902885 0.42159217596054077 0.9005072191357613 0.0416908860206604 0.9005072191357613
0.0 0.41900356113910675 0.7099152430891991 0.8290369957685471 0.7099152430891991 0.8290369957685471 0.8458634987473488 0.41900356113910675 0.8458634987473488
0.0 0.8211361169815063 0.6440184786915779 1.0 0.6440184786915779 1.0 0.7751660868525505 0.8211361169815063 0.7751660868525505
0.0 0.0999375581741333 0.8380580917000771 0.4540197253227234 0.8380580917000771 0.4540197253227234 0.9702372774481773 0.0999375581741333 0.9702372774481773
0.0 0.46911850571632385 0.7881553694605827 0.8264654576778412 0.7881553694605827 0.8264654576778412 0.9163298085331917 0.46911850571632385 0.9163298085331917
0.0 0.8399140611290932 0.7151527553796768 1.0000000223517418 0.7151527553796768 1.0000000223517418 0.8621002286672592 0.8399140611290932 0.8621002286672592
