0.0 0.12283815443515778 0.0 0.4106563776731491 0.0 0.4106563776731491 0.0769241601228714 0.12283815443515778 0.0769241601228714
0.0 0.42169520258903503 0.022496726363897324 0.7096609175205231 0.022496726363897324 0.7096609175205231 0.12470622733235359 0.42169520258903503 0.12470622733235359
0.0 0.7153138965368271 0.06300080567598343 1.0000000149011612 0.06300080567598343 1.0000000149011612 0.16709933429956436 0.7153138965368271 0.16709933429956436
0.0 0.1109761893749237 0.05632523074746132 0.4177449643611908 0.05632523074746132 0.4177449643611908 0.14076313003897667 0.1109761893749237 0.14076313003897667
0.0 0.4095476269721985 0.09018407016992569 0.7056939005851746 0.09018407016992569 0.7056939005851746 0.18156065791845322 0.4095476269721985 0.18156065791845322
0.0 0.729800820350647 0.1365753374993801 1.0 0.1365753374993801 1.0 0.22492578998208046 0.729800820350647 0.22492578998208046
0.0 0.09229455888271332 0.11529798060655594 0.3564203828573227 0.11529798060655594 0.3564203828573227 0.1941237971186638 0.09229455888271332 0.1941237971186638
0.0 0.39876285195350647 0.15081048384308815 0.7066106498241425 0.15081048384308815 0.7066106498241425 0.2431315742433071 0.39876285195350647 0.2431315742433071
0.0 0.7082460522651672 0.19656901061534882 0.9921159148216248 0.19656901061534882 0.9921159148216248 0.2845435291528702 0.7082460522651672 0.2845435291528702
0.0 0.05961145460605621 0.17516934871673584 0.38296543061733246 0.17516934871673584 0.38296543061733246 0.26834022998809814 0.05961145460605621 0.26834022998809814
0.0 0.3866115063428879 0.21461281180381775 0.6886459141969681 0.21461281180381775 0.6886459141969681 0.31152811646461487 0.3866115063428879 0.31152811646461487
0.0 0.7052106857299805 0.2654087096452713 1.0 0.2654087096452713 1.0 0.36429862678050995 0.7052106857299805 0.36429862678050995
0.0 0.04911044239997864 0.2454274259507656 0.3651425838470459 0.2454274259507656 0.3651425838470459 0.34001660719513893 0.04911044239997864 0.34001660719513893
0.0 0.3705136328935623 0.2826027609407902 0.6719001978635788 0.2826027609407902 0.6719001978635788 0.3734780214726925 0.3705136328935623 0.3734780214726925
0.0 0.6782737970352173 0.3312253803014755 0.9874844551086426 0.3312253803014755 0.9874844551086426 0.41955752670764923 0.6782737970352173 0.41955752670764923
0.0 0.03753410279750824 0.3104585111141205 0.36663244664669037 0.3104585111141205 0.36663244664669037 0.40855368971824646 0.03753410279750824 0.40855368971824646
0.0 0.36518198251724243 0.35409876331686974 0.672096312046051 0.35409876331686974 0.672096312046051 0.4457015134394169 0.36518198251724243 0.4457015134394169
0.0 0.6785427778959274 0.390442680567503 0.9828024655580521 0.390442680567503 0.9828024655580521 0.48705535009503365 0.6785427778959274 0.48705535009503365
0.0 0.031125277280807495 0.37939298897981644 0.3247606158256531 0.37939298897981644 0.3247606158256531 0.4763938710093498 0.031125277280807495 0.4763938710093498
0.0 0.3257501870393753 0.4205114506185055 0.6669084876775742 0.4205114506185055 0.6669084876775742 0.5178119279444218 0.3257501870393753 0.5178119279444218
0.0 0.6556252241134644 0.45012450590729713 0.997789740562439 0.45012450590729713 0.997789740562439 0.5517257414758205 0.6556252241134644 0.5517257414758205
0.0 0.013160526752471924 0.45086144283413887 0.33163270354270935 0.45086144283413887 0.33163270354270935 0.5427943579852581 0.013160526752471924 0.5427943579852581
0.0 0.3349931240081787 0.48455827310681343 0.6037170886993408 0.48455827310681343 0.6037170886993408 0.576494287699461 0.3349931240081787 0.576494287699461
0.0 0.6645825654268265 0.528094619512558 0.9455063790082932 0.528094619512558 0.9455063790082932 0.6067492067813873 0.6645825654268265 0.6067492067813873
0.0 0.0 0.5128787271678448 0.30074548721313477 0.5128787271678448 0.30074548721313477 0.6162864454090595 0.0 0.6162864454090595
0.0 0.3117862045764923 0.5641086995601654 0.6472711265087128 0.5641086995601654 0.6472711265087128 0.6535167992115021 0.3117862045764923 0.6535167992115021
0.0 0.6518561691045761 0.5968120358884335 0.9706139713525772 0.5968120358884335 0.9706139713525772 0.6834232546389103 0.6518561691045761 0.6834232546389103
0.0 0.0 0.5947337783873081 0.28457111120224 0.5947337783873081 0.28457111120224 0.6903255544602871 0.0 0.6903255544602871
0.0 0.31298673152923584 0.6346968375146389 0.6076246500015259 0.6346968375146389 0.6076246500015259 0.7228975333273411 0.31298673152923584 0.7228975333273411
0.0 0.6290753781795502 0.6620326936244965 0.964361697435379 0.6620326936244965 0.964361697435379 0.7651166021823883 0.6290753781795502 0.7651166021823883
