0.0 0.04014867544174194 0.10093897581100464 0.31323161721229553 0.10093897581100464 0.31323161721229553 0.15082159638404846 0.04014867544174194 0.15082159638404846
0.0 0.33827072381973267 0.09565728902816772 0.6082237958908081 0.09565728902816772 0.6082237958908081 0.15903756022453308 0.33827072381973267 0.15903756022453308
0.0 0.6293505430221558 0.09741784632205963 0.9227777719497681 0.09741784632205963 0.9227777719497681 0.15962441265583038 0.6293505430221558 0.15962441265583038
0.0 0.04249608516693115 0.1654929518699646 0.33592331409454346 0.1654929518699646 0.33592331409454346 0.2089201807975769 0.04249608516693115 0.2089201807975769
0.0 0.339053213596344 0.16021126508712769 0.6199608445167542 0.16021126508712769 0.6199608445167542 0.2118544578552246 0.339053213596344 0.2118544578552246
0.0 0.6559545993804932 0.16431924700737 0.960336446762085 0.16431924700737 0.960336446762085 0.2100938856601715 0.6559545993804932 0.2100938856601715
0.0 0.037801265716552734 0.22241783887147903 0.28897494077682495 0.22241783887147903 0.28897494077682495 0.26584505289793015 0.037801265716552734 0.26584505289793015
0.0 0.34218311309814453 0.21772301197052002 0.6348278522491455 0.21772301197052002 0.6348278522491455 0.26877933740615845 0.34218311309814453 0.26877933740615845
0.0 0.6496948003768921 0.22241783887147903 0.918865442276001 0.22241783887147903 0.918865442276001 0.27230047434568405 0.6496948003768921 0.27230047434568405
0.0 0.021369338035583496 0.2816901206970215 0.3296635150909424 0.2816901206970215 0.3296635150909424 0.3315727710723877 0.021369338035583496 0.3315727710723877
0.0 0.3460954576730728 0.27816903591156006 0.6316979974508286 0.27816903591156006 0.6316979974508286 0.3345070481300354 0.3460954576730728 0.3345070481300354
0.0 0.6637793183326721 0.2863849699497223 0.9642488360404968 0.2863849699497223 0.9642488360404968 0.34272298216819763 0.6637793183326721 0.34272298216819763
0.0 0.027629107236862183 0.34800469875335693 0.3280985951423645 0.34800469875335693 0.3280985951423645 0.40023475885391235 0.027629107236862183 0.40023475885391235
0.0 0.34453052282333374 0.3433098793029785 0.6309154629707336 0.3433098793029785 0.6309154629707336 0.39377933740615845 0.34453052282333374 0.39377933740615845
0.0 0.6504772901535034 0.35093894600868225 0.9454694986343384 0.35093894600868225 0.9454694986343384 0.39788731932640076 0.6504772901535034 0.39788731932640076
0.0 0.03154146671295166 0.4096244275569916 0.34453052282333374 0.4096244275569916 0.34453052282333374 0.4636150300502777 0.03154146671295166 0.4636150300502777
0.0 0.35548514127731323 0.4102112948894501 0.6473473906517029 0.4102112948894501 0.6473473906517029 0.46068075299263 0.35548514127731323 0.46068075299263
0.0 0.6661267876625061 0.40551644563674927 0.9540767073631287 0.40551644563674927 0.9540767073631287 0.4612675905227661 0.6661267876625061 0.4612675905227661
0.0 0.041713595390319824 0.47417841851711273 0.3187088966369629 0.47417841851711273 0.3187088966369629 0.5316901355981827 0.041713595390319824 0.5316901355981827
0.0 0.3327934592962265 0.47652579843997955 0.6583020836114883 0.47652579843997955 0.6583020836114883 0.5281690210103989 0.3327934592962265 0.5281690210103989
0.0 0.6575195789337158 0.4636150002479553 0.9830281734466553 0.4636150002479553 0.9830281734466553 0.5193662047386169 0.6575195789337158 0.5193662047386169
0.0 0.03858369588851929 0.5428403615951538 0.34218311309814453 0.5428403615951538 0.34218311309814453 0.5921361446380615 0.03858369588851929 0.5921361446380615
0.0 0.3570500761270523 0.5346243977546692 0.6097887605428696 0.5346243977546692 0.6097887605428696 0.5903756022453308 0.3570500761270523 0.5903756022453308
0.0 0.6802113056182861 0.5352112650871277 0.9485993385314941 0.5352112650871277 0.9485993385314941 0.576291024684906 0.6802113056182861 0.576291024684906
0.0 0.019804388284683228 0.6044601202011108 0.32653364539146423 0.6044601202011108 0.32653364539146423 0.6643192768096924 0.019804388284683228 0.6643192768096924
0.0 0.3500078320503235 0.6115023493766785 0.6716040968894958 0.6115023493766785 0.6716040968894958 0.6561033129692078 0.3500078320503235 0.6561033129692078
0.0 0.6841236352920532 0.6003521084785461 0.9892879724502563 0.6003521084785461 0.9892879724502563 0.6443662047386169 0.6841236352920532 0.6443662047386169
0.0 0.039366185665130615 0.6801643371582031 0.32888108491897583 0.6801643371582031 0.32888108491897583 0.7347418069839478 0.039366185665130615 0.7347418069839478
0.0 0.3680046945810318 0.6766431927680969 0.6481299251317978 0.6766431927680969 0.6481299251317978 0.7253521084785461 0.3680046945810318 0.7253521084785461
0.0 0.6802113056182861 0.6631455421447754 0.9983333349227905 0.6631455421447754 0.9983333349227905 0.721250057220459 0.6802113056182861 0.721250057220459
