0.0 0.0 0.8328973688185215 0.10405527055263519 0.8328973688185215 0.10405527055263519 0.952485378831625 0.0 0.952485378831625
0.0 0.0 0.19278084859251976 0.15927426517009735 0.19278084859251976 0.15927426517009735 0.3049102760851383 0.0 0.3049102760851383
0.0 0.1676664650440216 0.08145898580551147 0.4849596321582794 0.08145898580551147 0.4849596321582794 0.20969057083129883 0.1676664650440216 0.20969057083129883
0.0 0.47585277259349823 0.0041558146476745605 0.7735518962144852 0.0041558146476745605 0.7735518962144852 0.13239267468452454 0.47585277259349823 0.13239267468452454
0.0 0.0 0.24559181928634644 0.22197313606739044 0.24559181928634644 0.22197313606739044 0.3717206120491028 0.0 0.3717206120491028
0.0 0.2065596878528595 0.14431197196245193 0.5122385919094086 0.14431197196245193 0.5122385919094086 0.27086203545331955 0.2065596878528595 0.27086203545331955
0.0 0.5209460109472275 0.060144610702991486 0.8227392584085464 0.060144610702991486 0.8227392584085464 0.18421607464551926 0.5209460109472275 0.18421607464551926
0.0 0.0 0.296693317592144 0.24994179606437683 0.296693317592144 0.24994179606437683 0.42762375622987747 0.0 0.42762375622987747
0.0 0.23877182602882385 0.20994948968291283 0.5495924651622772 0.20994948968291283 0.5495924651622772 0.3345295824110508 0.23877182602882385 0.3345295824110508
0.0 0.5331528186798096 0.11133874207735062 0.8474206924438477 0.11133874207735062 0.8474206924438477 0.24880828708410263 0.5331528186798096 0.24880828708410263
0.0 0.0 0.35240593552589417 0.25186508893966675 0.35240593552589417 0.25186508893966675 0.4846298396587372 0.0 0.4846298396587372
0.0 0.24635004997253418 0.27046892046928406 0.5533704161643982 0.27046892046928406 0.5533704161643982 0.40407899022102356 0.24635004997253418 0.40407899022102356
0.0 0.5809075832366943 0.1846025176346302 0.8774951696395874 0.1846025176346302 0.8774951696395874 0.3020125441253185 0.5809075832366943 0.3020125441253185
0.0 0.0 0.415397010743618 0.3031688928604126 0.415397010743618 0.3031688928604126 0.5478813424706459 0.0 0.5478813424706459
0.0 0.2906789183616638 0.3262321949005127 0.6111040711402893 0.3262321949005127 0.6111040711402893 0.45961153507232666 0.2906789183616638 0.45961153507232666
0.0 0.5957225859165192 0.2392226755619049 0.9066072404384613 0.2392226755619049 0.9066072404384613 0.37243422865867615 0.5957225859165192 0.37243422865867615
0.0 0.0 0.4836406856775284 0.3196406364440918 0.4836406856775284 0.3196406364440918 0.6181351989507675 0.0 0.6181351989507675
0.0 0.3176852911710739 0.3879123255610466 0.6388747841119766 0.3879123255610466 0.6388747841119766 0.520061083137989 0.3176852911710739 0.520061083137989
0.0 0.6338834762573242 0.3059578761458397 0.9426517486572266 0.3059578761458397 0.9426517486572266 0.4319014325737953 0.6338834762573242 0.4319014325737953
0.0 0.021069437265396118 0.5527915731072426 0.32518771290779114 0.5527915731072426 0.32518771290779114 0.6774870380759239 0.021069437265396118 0.6774870380759239
0.0 0.34864141047000885 0.4636146053671837 0.6568218320608139 0.4636146053671837 0.6568218320608139 0.5798289552330971 0.34864141047000885 0.5798289552330971
0.0 0.6627018004655838 0.36797884851694107 0.9746020287275314 0.36797884851694107 0.9746020287275314 0.49907007068395615 0.6627018004655838 0.49907007068395615
0.0 0.042378321290016174 0.6097801774740219 0.3672342747449875 0.6097801774740219 0.3672342747449875 0.7496129423379898 0.042378321290016174 0.7496129423379898
0.0 0.3802870959043503 0.5273922234773636 0.6769279986619949 0.5273922234773636 0.6769279986619949 0.6519951075315475 0.3802870959043503 0.6519951075315475
0.0 0.7246576473116875 0.4492972232401371 0.9721479490399361 0.4492972232401371 0.9721479490399361 0.5516154430806637 0.7246576473116875 0.5516154430806637
0.0 0.0857236236333847 0.686123825609684 0.38058464229106903 0.686123825609684 0.38058464229106903 0.8140775188803673 0.0857236236333847 0.8140775188803673
0.0 0.39753375947475433 0.5978540703654289 0.7083650976419449 0.5978540703654289 0.7083650976419449 0.7238727286458015 0.39753375947475433 0.7238727286458015
0.0 0.7524283900856972 0.4978904165327549 1.0000000223517418 0.4978904165327549 1.0000000223517418 0.6220772825181484 0.7524283900856972 0.6220772825181484
0.0 0.11301323771476746 0.7520619668066502 0.40523406863212585 0.7520619668066502 0.40523406863212585 0.8716499768197536 0.11301323771476746 0.8716499768197536
0.0 0.4364269822835922 0.6550908759236336 0.7589259296655655 0.6550908759236336 0.7589259296655655 0.7899839207530022 0.4364269822835922 0.7899839207530022
0.0 0.7740632146596909 0.5661393627524376 1.0000000149011612 0.5661393627524376 1.0000000149011612 0.6916091218590736 0.7740632146596909 0.6916091218590736
