0.0 0.03154146671295166 0.14025822281837463 0.31088417768478394 0.14025822281837463 0.31088417768478394 0.18075117468833923 0.03154146671295166 0.18075117468833923
0.0 0.3484428972005844 0.11619718372821808 0.6449999958276749 0.11619718372821808 0.6449999958276749 0.1690140813589096 0.3484428972005844 0.1690140813589096
0.0 0.6598669290542603 0.11561032757163048 0.9337323904037476 0.11561032757163048 0.9337323904037476 0.17488262429833412 0.6598669290542603 0.17488262429833412
0.0 0.036236315965652466 0.2053990587592125 0.3414006233215332 0.2053990587592125 0.3414006233215332 0.2535211220383644 0.036236315965652466 0.2535211220383644
0.0 0.35783255100250244 0.18251173198223114 0.6418700814247131 0.18251173198223114 0.6418700814247131 0.23708920180797577 0.35783255100250244 0.23708920180797577
0.0 0.6755164265632629 0.18192487955093384 0.9564240574836731 0.18192487955093384 0.9564240574836731 0.23474177718162537 0.6755164265632629 0.23474177718162537
0.0 0.01589202880859375 0.2611502408981323 0.34531301259994507 0.2611502408981323 0.34531301259994507 0.30751174688339233 0.01589202880859375 0.30751174688339233
0.0 0.35783253610134125 0.2546948492527008 0.648912325501442 0.2546948492527008 0.648912325501442 0.30516430735588074 0.35783253610134125 0.30516430735588074
0.0 0.6637793183326721 0.23532864451408386 0.9517292380332947 0.23532864451408386 0.9517292380332947 0.3004694879055023 0.6637793183326721 0.3004694879055023
0.0 0.01823943853378296 0.31338030099868774 0.3194913864135742 0.31338030099868774 0.3194913864135742 0.3691314458847046 0.01823943853378296 0.3691314458847046
0.0 0.3398357033729553 0.31161972880363464 0.6215258240699768 0.31161972880363464 0.6215258240699768 0.3744131624698639 0.3398357033729553 0.3744131624698639
0.0 0.6762989163398743 0.31455397605895996 0.95485919713974 0.31455397605895996 0.95485919713974 0.36091548204421997 0.6762989163398743 0.36091548204421997
0.0 0.01980435848236084 0.3867371082305908 0.3406181335449219 0.3867371082305908 0.3406181335449219 0.43720656633377075 0.01980435848236084 0.43720656633377075
0.0 0.35392022132873535 0.3796948194503784 0.6512597799301147 0.3796948194503784 0.6512597799301147 0.43779343366622925 0.35392022132873535 0.43779343366622925
0.0 0.6653442978858948 0.3720657229423523 0.9517292380332947 0.3720657229423523 0.9517292380332947 0.43309861421585083 0.6653442978858948 0.43309861421585083
0.0 0.01980435848236084 0.4548122137784958 0.3234037756919861 0.4548122137784958 0.3234037756919861 0.5123239308595657 0.01980435848236084 0.5123239308595657
0.0 0.35157275199890137 0.44542253017425537 0.6504772901535034 0.44542253017425537 0.6504772901535034 0.5017605423927307 0.35157275199890137 0.5017605423927307
0.0 0.6708216071128845 0.44542253017425537 0.9587715268135071 0.44542253017425537 0.9587715268135071 0.4982394576072693 0.6708216071128845 0.4982394576072693
0.0 0.01745694875717163 0.5223004817962646 0.30071204900741577 0.5223004817962646 0.30071204900741577 0.5751173496246338 0.01745694875717163 0.5751173496246338
0.0 0.3476604223251343 0.5234742164611816 0.6403051614761353 0.5234742164611816 0.6403051614761353 0.56455397605896 0.3476604223251343 0.56455397605896
0.0 0.6700391173362732 0.5117371082305908 0.9587715268135071 0.5117371082305908 0.9587715268135071 0.5698356628417969 0.6700391173362732 0.5698356628417969
0.0 0.010414719581604004 0.5856807827949524 0.30931925773620605 0.5856807827949524 0.30931925773620605 0.6502347588539124 0.010414719581604004 0.6502347588539124
0.0 0.35079027712345123 0.5874413251876831 0.6254381984472275 0.5874413251876831 0.6254381984472275 0.6426056623458862 0.35079027712345123 0.6426056623458862
0.0 0.6974256634712219 0.5897887349128723 0.9274726510047913 0.5897887349128723 0.9274726510047913 0.6338028311729431 0.6974256634712219 0.6338028311729431
0.0 0.01980435848236084 0.6619718074798584 0.2905399203300476 0.6619718074798584 0.2905399203300476 0.7218309640884399 0.01980435848236084 0.7218309640884399
0.0 0.334358349442482 0.6625587344169617 0.6246557086706161 0.6625587344169617 0.6246557086706161 0.7147887349128723 0.334358349442482 0.7147887349128723
0.0 0.6966431736946106 0.6537558436393738 0.9697261452674866 0.6537558436393738 0.9697261452674866 0.7089201807975769 0.6966431736946106 0.7089201807975769
0.0 0.01589202880859375 0.7318074703216553 0.2881925106048584 0.7318074703216553 0.2881925106048584 0.78227698802948 0.01589202880859375 0.78227698802948
0.0 0.3437480330467224 0.7288732528686523 0.6426525712013245 0.7288732528686523 0.6426525712013245 0.7881455421447754 0.3437480330467224 0.7881455421447754
0.0 0.6849061250686646 0.7282863855361938 0.9752033948898315 0.7282863855361938 0.9752033948898315 0.779929518699646 0.6849061250686646 0.779929518699646
