0.0 0.010534077882766724 0.08497604355216026 0.3356177806854248 0.08497604355216026 0.3356177806854248 0.1515067256987095 0.010534077882766724 0.1515067256987095
0.0 0.3770720958709717 0.08001739159226418 0.707781195640564 0.08001739159226418 0.707781195640564 0.1602005921304226 0.3770720958709717 0.1602005921304226
0.0 0.7225465625524521 0.1012001670897007 1.0000000149011612 0.1012001670897007 1.0000000149011612 0.18508904799818993 0.7225465625524521 0.18508904799818993
0.0 0.016846805810928345 0.16165382787585258 0.3717445731163025 0.16165382787585258 0.3717445731163025 0.23726354911923409 0.016846805810928345 0.23726354911923409
0.0 0.3890066295862198 0.15666434913873672 0.7061587423086166 0.15666434913873672 0.7061587423086166 0.2367299422621727 0.3890066295862198 0.2367299422621727
0.0 0.7413205206394196 0.17668257281184196 0.9999999701976776 0.17668257281184196 0.9999999701976776 0.2526189275085926 0.7413205206394196 0.2526189275085926
0.0 0.0 0.2258792668581009 0.3772449493408203 0.2258792668581009 0.3772449493408203 0.2997744530439377 0.0 0.2997744530439377
0.0 0.39043185114860535 0.23961912468075752 0.715649276971817 0.23961912468075752 0.715649276971817 0.3140791766345501 0.39043185114860535 0.3140791766345501
0.0 0.7299972921609879 0.23605797067284584 0.9999999850988388 0.23605797067284584 0.9999999850988388 0.32517048344016075 0.7299972921609879 0.32517048344016075
0.0 0.0 0.2876307778060436 0.3489791452884674 0.2876307778060436 0.3489791452884674 0.3696778602898121 0.0 0.3696778602898121
0.0 0.3710901588201523 0.304207943379879 0.6874804645776749 0.304207943379879 0.6874804645776749 0.39120326191186905 0.3710901588201523 0.39120326191186905
0.0 0.7457642555236816 0.326189998537302 1.0 0.326189998537302 1.0 0.3924761973321438 0.7457642555236816 0.3924761973321438
0.0 0.0 0.3744843155145645 0.37442588806152344 0.3744843155145645 0.37442588806152344 0.4497586339712143 0.0 0.4497586339712143
0.0 0.38845910131931305 0.38370703160762787 0.7217529863119125 0.38370703160762787 0.7217529863119125 0.4647224694490433 0.38845910131931305 0.4647224694490433
0.0 0.7353823035955429 0.3907241001725197 1.0000000149011612 0.3907241001725197 1.0000000149011612 0.4727456197142601 0.7353823035955429 0.4727456197142601
0.0 0.00017906725406646729 0.4552605077624321 0.3561867028474808 0.4552605077624321 0.3561867028474808 0.5364754870533943 0.00017906725406646729 0.5364754870533943
0.0 0.3870859593153 0.45981376990675926 0.7226098328828812 0.45981376990675926 0.7226098328828812 0.5375990308821201 0.3870859593153 0.5375990308821201
0.0 0.743351012468338 0.47427549958229065 0.9999999701976776 0.47427549958229065 0.9999999701976776 0.5458110272884369 0.743351012468338 0.5458110272884369
0.0 0.0 0.5354914851486683 0.33130699396133423 0.5354914851486683 0.33130699396133423 0.6090464405715466 0.0 0.6090464405715466
0.0 0.38416433334350586 0.5504697225987911 0.7131215333938599 0.5504697225987911 0.7131215333938599 0.6090122796595097 0.38416433334350586 0.6090122796595097
0.0 0.7443024963140488 0.5497602708637714 1.0000000149011612 0.5497602708637714 1.0000000149011612 0.6260164491832256 0.7443024963140488 0.6260164491832256
0.0 0.0 0.6109115518629551 0.3426309823989868 0.6109115518629551 0.3426309823989868 0.697516854852438 0.0 0.697516854852438
0.0 0.3890113830566406 0.6252635717391968 0.6988204717636108 0.6252635717391968 0.6988204717636108 0.6981252431869507 0.3890113830566406 0.6981252431869507
0.0 0.7763837352395058 0.6398444771766663 1.0000000223517418 0.6398444771766663 1.0000000223517418 0.6969762444496155 0.7763837352395058 0.6969762444496155
0.0 0.0025429725646972656 0.7026345282793045 0.32229718565940857 0.7026345282793045 0.32229718565940857 0.7813591212034225 0.0025429725646972656 0.7813591212034225
0.0 0.371663361787796 0.7127426154911518 0.6998665034770966 0.7127426154911518 0.6998665034770966 0.7812846414744854 0.371663361787796 0.7812846414744854
0.0 0.7773208394646645 0.7129970565438271 1.0000000223517418 0.7129970565438271 1.0000000223517418 0.7827953323721886 0.7773208394646645 0.7827953323721886
0.0 0.0 0.7864646837115288 0.32069993019104004 0.7864646837115288 0.32069993019104004 0.8527933433651924 0.0 0.8527933433651924
0.0 0.38375234603881836 0.7909542620182037 0.7217069864273071 0.7909542620182037 0.7217069864273071 0.8664247691631317 0.38375234603881836 0.8664247691631317
0.0 0.7665548548102379 0.7982529662549496 0.9999999776482582 0.7982529662549496 0.9999999776482582 0.8631145693361759 0.7665548548102379 0.8631145693361759
