0.0 0.14988620579242706 0.061367034912109375 0.4478897899389267 0.061367034912109375 0.4478897899389267 0.15831135213375092 0.14988620579242706 0.15831135213375092
0.0 0.4763103723526001 0.1083638109266758 0.7960255146026611 0.1083638109266758 0.7960255146026611 0.2201257012784481 0.4763103723526001 0.2201257012784481
0.0 0.7911659255623817 0.17529533430933952 1.0000000223517418 0.17529533430933952 1.0000000223517418 0.28795017674565315 0.7911659255623817 0.28795017674565315
0.0 0.12988056242465973 0.12099539488554001 0.456754133105278 0.12099539488554001 0.456754133105278 0.23039750009775162 0.12988056242465973 0.23039750009775162
0.0 0.46268023550510406 0.1700652316212654 0.7702571004629135 0.1700652316212654 0.7702571004629135 0.2806992754340172 0.46268023550510406 0.2806992754340172
0.0 0.7867027744650841 0.2383527234196663 0.9999999776482582 0.2383527234196663 0.9999999776482582 0.3467246815562248 0.7867027744650841 0.3467246815562248
0.0 0.0907946228981018 0.16675140336155891 0.4417482614517212 0.16675140336155891 0.4417482614517212 0.27982382103800774 0.0907946228981018 0.27982382103800774
0.0 0.4394967705011368 0.23501301556825638 0.752839669585228 0.23501301556825638 0.752839669585228 0.3434762880206108 0.4394967705011368 0.3434762880206108
0.0 0.7523770034313202 0.28386108577251434 1.0000000298023224 0.28386108577251434 1.0000000298023224 0.4048471599817276 0.7523770034313202 0.4048471599817276
0.0 0.07219792902469635 0.21425463259220123 0.3976890593767166 0.21425463259220123 0.3976890593767166 0.329673632979393 0.07219792902469635 0.329673632979393
0.0 0.3976029008626938 0.2823335640132427 0.7055894285440445 0.2823335640132427 0.7055894285440445 0.39985154941678047 0.3976029008626938 0.39985154941678047
0.0 0.744529515504837 0.3578571602702141 0.9999999701976776 0.3578571602702141 0.9999999701976776 0.4599123075604439 0.744529515504837 0.4599123075604439
0.0 0.05060666799545288 0.2805974632501602 0.39420199394226074 0.2805974632501602 0.39420199394226074 0.39550159871578217 0.05060666799545288 0.39550159871578217
0.0 0.3903483748435974 0.34663601964712143 0.7126583456993103 0.34663601964712143 0.7126583456993103 0.46331969648599625 0.3903483748435974 0.46331969648599625
0.0 0.7088014036417007 0.4072312042117119 0.9999999850988388 0.4072312042117119 0.9999999850988388 0.5241820886731148 0.7088014036417007 0.5241820886731148
0.0 0.025024905800819397 0.3418489880859852 0.3535039871931076 0.3418489880859852 0.3535039871931076 0.4593605808913708 0.025024905800819397 0.4593605808913708
0.0 0.3661755174398422 0.4052669554948807 0.6894781738519669 0.4052669554948807 0.6894781738519669 0.5207055062055588 0.3661755174398422 0.5207055062055588
0.0 0.6921900510787964 0.47442151978611946 1.0 0.47442151978611946 1.0 0.5843189768493176 0.6921900510787964 0.5843189768493176
0.0 0.0012517869472503662 0.4020640440285206 0.30743297934532166 0.4020640440285206 0.30743297934532166 0.5109444670379162 0.0012517869472503662 0.5109444670379162
0.0 0.34081022441387177 0.4746476262807846 0.652547612786293 0.4746476262807846 0.652547612786293 0.5750013738870621 0.34081022441387177 0.5750013738870621
0.0 0.6670112609863281 0.5339195095002651 0.9805639982223511 0.5339195095002651 0.9805639982223511 0.6487386859953403 0.6670112609863281 0.6487386859953403
0.0 0.0 0.45756590366363525 0.29460564255714417 0.45756590366363525 0.29460564255714417 0.5803968906402588 0.0 0.5803968906402588
0.0 0.3174135982990265 0.5328808911144733 0.6156369745731354 0.5328808911144733 0.6156369745731354 0.6420090310275555 0.3174135982990265 0.6420090310275555
0.0 0.6730908900499344 0.6100799478590488 0.9221383780241013 0.6100799478590488 0.9221383780241013 0.6995142064988613 0.6730908900499344 0.6995142064988613
0.0 0.0 0.5282437577843666 0.24951738119125366 0.5282437577843666 0.24951738119125366 0.640748642385006 0.0 0.640748642385006
0.0 0.2761126607656479 0.5969094485044479 0.5892590433359146 0.5969094485044479 0.5892590433359146 0.7067873030900955 0.2761126607656479 0.7067873030900955
0.0 0.646712988615036 0.6674657166004181 0.9433441460132599 0.6674657166004181 0.9433441460132599 0.7762548625469208 0.646712988615036 0.7762548625469208
0.0 0.0 0.5902319401502609 0.22334599494934082 0.5902319401502609 0.22334599494934082 0.6946273595094681 0.0 0.6946273595094681
0.0 0.2606838345527649 0.6586108207702637 0.5849857926368713 0.6586108207702637 0.5849857926368713 0.7766895294189453 0.2606838345527649 0.7766895294189453
0.0 0.6105884909629822 0.7319832108914852 0.9235349297523499 0.7319832108914852 0.9235349297523499 0.8413330055773258 0.6105884909629822 0.8413330055773258
