0.0 0.0 0.0 0.11937689781188965 0.0 0.11937689781188965 0.08942343294620514 0.0 0.08942343294620514
0.0 0.0 0.04604589566588402 0.09251967817544937 0.04604589566588402 0.09251967817544937 0.1520356722176075 0.0 0.1520356722176075
0.0 0.1651122123003006 0.06725182756781578 0.44327549636363983 0.06725182756781578 0.44327549636363983 0.16116445139050484 0.1651122123003006 0.16116445139050484
0.0 0.46890656650066376 0.112617626786232 0.7675938159227371 0.112617626786232 0.7675938159227371 0.2209070771932602 0.46890656650066376 0.2209070771932602
0.0 0.7614613845944405 0.17735067009925842 0.9999999925494194 0.17735067009925842 0.9999999925494194 0.2865276038646698 0.7614613845944405 0.2865276038646698
0.0 0.14451128244400024 0.1251639612019062 0.4497244358062744 0.1251639612019062 0.4497244358062744 0.23115373775362968 0.14451128244400024 0.23115373775362968
0.0 0.45436203479766846 0.1725391335785389 0.7418129444122314 0.1725391335785389 0.7418129444122314 0.2797442488372326 0.45436203479766846 0.2797442488372326
0.0 0.7556653022766113 0.23858368024230003 1.0 0.23858368024230003 1.0 0.34359443560242653 0.7556653022766113 0.34359443560242653
0.0 0.10668833553791046 0.16962432116270065 0.4342399090528488 0.16962432116270065 0.4342399090528488 0.27915746718645096 0.10668833553791046 0.27915746718645096
0.0 0.4309358149766922 0.2356221228837967 0.7236342877149582 0.2356221228837967 0.7236342877149582 0.3407125324010849 0.4309358149766922 0.3407125324010849
0.0 0.7219448983669281 0.2827957980334759 1.0000000298023224 0.2827957980334759 1.0000000298023224 0.4000522382557392 0.7219448983669281 0.4000522382557392
0.0 0.08770406246185303 0.21576154232025146 0.391841858625412 0.21576154232025146 0.391841858625412 0.3275989294052124 0.08770406246185303 0.3275989294052124
0.0 0.3900826722383499 0.2816000059247017 0.6781404465436935 0.2816000059247017 0.6781404465436935 0.3954934999346733 0.3900826722383499 0.3954934999346733
0.0 0.7129862755537033 0.354656171053648 0.9924289733171463 0.354656171053648 0.9924289733171463 0.4535335786640644 0.7129862755537033 0.4535335786640644
0.0 0.06575816869735718 0.2801981456577778 0.3865818381309509 0.2801981456577778 0.3865818381309509 0.3915180675685406 0.06575816869735718 0.3915180675685406
0.0 0.38159462809562683 0.34404370188713074 0.6828395426273346 0.34404370188713074 0.6828395426273346 0.4571129381656647 0.38159462809562683 0.4571129381656647
0.0 0.6777845770120621 0.402622327208519 0.9696773141622543 0.402622327208519 0.9696773141622543 0.5159608274698257 0.6777845770120621 0.5159608274698257
0.0 0.03990861773490906 0.33969101682305336 0.3468727171421051 0.33969101682305336 0.3468727171421051 0.4535588286817074 0.03990861773490906 0.4535588286817074
0.0 0.3573616147041321 0.40099332854151726 0.6594809889793396 0.40099332854151726 0.6594809889793396 0.5128517933189869 0.3573616147041321 0.5128517933189869
0.0 0.660549134016037 0.4678785800933838 0.9510948956012726 0.4678785800933838 0.9510948956012726 0.5743647813796997 0.660549134016037 0.5743647813796997
0.0 0.016079604625701904 0.3981792666018009 0.302184522151947 0.3981792666018009 0.302184522151947 0.503681804984808 0.016079604625701904 0.503681804984808
0.0 0.3320523798465729 0.46838538721203804 0.6229999363422394 0.46838538721203804 0.6229999363422394 0.5655977241694927 0.3320523798465729 0.5655977241694927
0.0 0.6351711302995682 0.5256689712405205 0.9282745569944382 0.5256689712405205 0.9282745569944382 0.6369348838925362 0.6351711302995682 0.6369348838925362
0.0 0.0 0.45209380611777306 0.28851547837257385 0.45209380611777306 0.28851547837257385 0.571132455021143 0.0 0.571132455021143
0.0 0.30815356969833374 0.5249438919126987 0.5869248509407043 0.5249438919126987 0.5869248509407043 0.6306946836411953 0.30815356969833374 0.6306946836411953
0.0 0.6390633806586266 0.5996183454990387 0.8718098178505898 0.5996183454990387 0.8718098178505898 0.6862803399562836 0.6390633806586266 0.6862803399562836
0.0 0.0 0.5207340121269226 0.24449875950813293 0.5207340121269226 0.24449875950813293 0.6297680735588074 0.0 0.6297680735588074
0.0 0.267770916223526 0.5871486179530621 0.5603351294994354 0.5871486179530621 0.5603351294994354 0.6936136968433857 0.267770916223526 0.6936136968433857
0.0 0.6124736964702606 0.6553572081029415 0.8897646963596344 0.6553572081029415 0.8897646963596344 0.7607801295816898 0.6124736964702606 0.7607801295816898
0.0 0.0 0.5809458866715431 0.21824637055397034 0.5809458866715431 0.21824637055397034 0.6821019276976585 0.0 0.6821019276976585
0.0 0.2514088600873947 0.6470700986683369 0.5545379668474197 0.6470700986683369 0.5545379668474197 0.7614929191768169 0.2514088600873947 0.7614929191768169
0.0 0.5769357830286026 0.7180327028036118 0.8692979663610458 0.7180327028036118 0.8692979663610458 0.8239848762750626 0.5769357830286026 0.8239848762750626
0.0 0.8984363973140717 0.7892425507307053 1.0000000298023224 0.7892425507307053 1.0000000298023224 0.8951947242021561 0.8984363973140717 0.8951947242021561
