0.0 0.10346847772598267 0.12150250747799873 0.3731604218482971 0.12150250747799873 0.3731604218482971 0.171246450394392 0.10346847772598267 0.171246450394392
0.0 0.40811826288700104 0.1009826771914959 0.6948044151067734 0.1009826771914959 0.6948044151067734 0.1645970232784748 0.40811826288700104 0.1645970232784748
0.0 0.7068392783403397 0.10616643726825714 0.9719890803098679 0.10616643726825714 0.9719890803098679 0.17645274102687836 0.7068392783403397 0.17645274102687836
0.0 0.10520212352275848 0.19320225529372692 0.399971678853035 0.19320225529372692 0.399971678853035 0.25181648321449757 0.10520212352275848 0.25181648321449757
0.0 0.41453753411769867 0.1740606278181076 0.6892728954553604 0.1740606278181076 0.6892728954553604 0.23937611281871796 0.41453753411769867 0.23937611281871796
0.0 0.7195806503295898 0.17936155572533607 0.9912444353103638 0.17936155572533607 0.9912444353103638 0.24268298968672752 0.7195806503295898 0.24268298968672752
0.0 0.08361564576625824 0.25411095656454563 0.4016027897596359 0.25411095656454563 0.4016027897596359 0.3112437482923269 0.08361564576625824 0.3112437482923269
0.0 0.41194334626197815 0.25341436825692654 0.6932822167873383 0.25341436825692654 0.6932822167873383 0.31434556283056736 0.41194334626197815 0.31434556283056736
0.0 0.705809161067009 0.23785072937607765 0.9847026616334915 0.23785072937607765 0.9847026616334915 0.31485217437148094 0.705809161067009 0.31485217437148094
0.0 0.08352085947990417 0.31157345324754715 0.37482553720474243 0.31157345324754715 0.37482553720474243 0.37850140780210495 0.08352085947990417 0.37850140780210495
0.0 0.3920288532972336 0.3156572915613651 0.6648239642381668 0.3156572915613651 0.6648239642381668 0.38996097072958946 0.3920288532972336 0.38996097072958946
0.0 0.7155236303806305 0.3251805920153856 0.9846881330013275 0.3251805920153856 0.9846881330013275 0.38136142306029797 0.7155236303806305 0.38136142306029797
0.0 0.0824289470911026 0.39224678836762905 0.3923102766275406 0.39224678836762905 0.3923102766275406 0.4537345115095377 0.0824289470911026 0.4537345115095377
0.0 0.40313370525836945 0.39075855910778046 0.690772220492363 0.39075855910778046 0.690772220492363 0.4601939469575882 0.40313370525836945 0.4601939469575882
0.0 0.7022573202848434 0.3882004916667938 0.9794920235872269 0.3882004916667938 0.9794920235872269 0.46065661311149597 0.7022573202848434 0.46065661311149597
0.0 0.07956644892692566 0.4670844189822674 0.37319159507751465 0.4670844189822674 0.37319159507751465 0.5359917767345905 0.07956644892692566 0.5359917767345905
0.0 0.39844274520874023 0.4629716984927654 0.687516450881958 0.4629716984927654 0.687516450881958 0.530500877648592 0.39844274520874023 0.530500877648592
0.0 0.7050327807664871 0.46894707158207893 0.9834566563367844 0.46894707158207893 0.9834566563367844 0.5324003510177135 0.7050327807664871 0.5324003510177135
0.0 0.07492022216320038 0.5412330031394958 0.34883739054203033 0.5412330031394958 0.34883739054203033 0.604598343372345 0.07492022216320038 0.604598343372345
0.0 0.3922943025827408 0.5487037599086761 0.6747776120901108 0.5487037599086761 0.6747776120901108 0.5993417799472809 0.3922943025827408 0.5993417799472809
0.0 0.7015533447265625 0.5418346337974072 0.9809296131134033 0.5418346337974072 0.9809296131134033 0.6111088581383228 0.7015533447265625 0.6111088581383228
0.0 0.06529764831066132 0.6107776835560799 0.3546844571828842 0.6107776835560799 0.3546844571828842 0.6873390004038811 0.06529764831066132 0.6873390004038811
0.0 0.39232443273067474 0.619083896279335 0.6580687910318375 0.619083896279335 0.6580687910318375 0.684868797659874 0.39232443273067474 0.684868797659874
0.0 0.7254048734903336 0.6281524710357189 0.9479106515645981 0.6281524710357189 0.9479106515645981 0.6808446832001209 0.7254048734903336 0.6808446832001209
0.0 0.07158273458480835 0.6948231570422649 0.3337504267692566 0.6948231570422649 0.3337504267692566 0.7656960375607014 0.07158273458480835 0.7656960375607014
0.0 0.37380029261112213 0.7013558968901634 0.6544551700353622 0.7013558968901634 0.6544551700353622 0.7642078772187233 0.37380029261112213 0.7642078772187233
0.0 0.721791222691536 0.6984593831002712 0.9860333651304245 0.6984593831002712 0.9860333651304245 0.7642149962484837 0.721791222691536 0.7642149962484837
0.0 0.06552372872829437 0.7715230025351048 0.3288358300924301 0.7715230025351048 0.3288358300924301 0.8321027718484402 0.06552372872829437 0.8321027718484402
0.0 0.3800182342529297 0.774433821439743 0.6692037582397461 0.774433821439743 0.6692037582397461 0.8451887667179108 0.3800182342529297 0.8451887667179108
0.0 0.7078185379505157 0.7801740411669016 0.9884509742259979 0.7801740411669016 0.9884509742259979 0.8423808570951223 0.7078185379505157 0.8423808570951223
