0.0 0.08008484542369843 0.14377732388675213 0.34704549610614777 0.14377732388675213 0.34704549610614777 0.20273311622440815 0.08008484542369843 0.20273311622440815
0.0 0.37860511243343353 0.14131508767604828 0.663262739777565 0.14131508767604828 0.663262739777565 0.21364082396030426 0.37860511243343353 0.21364082396030426
0.0 0.669760212302208 0.16173840686678886 0.9339670091867447 0.16173840686678886 0.9339670091867447 0.23892878368496895 0.669760212302208 0.23892878368496895
0.0 0.07526302337646484 0.2086266167461872 0.36739322543144226 0.2086266167461872 0.36739322543144226 0.2768818847835064 0.07526302337646484 0.2768818847835064
0.0 0.37877877056598663 0.2076437808573246 0.6519248932600021 0.2076437808573246 0.6519248932600021 0.2808692418038845 0.37877877056598663 0.2808692418038845
0.0 0.6768424659967422 0.22848930954933167 0.9468318074941635 0.22848930954933167 0.9468318074941635 0.29975953698158264 0.6768424659967422 0.29975953698158264
0.0 0.04935187101364136 0.262485109269619 0.363994836807251 0.262485109269619 0.363994836807251 0.3306323066353798 0.04935187101364136 0.3306323066353798
0.0 0.3701513707637787 0.27915293723344803 0.6493776142597198 0.27915293723344803 0.6493776142597198 0.3487837240099907 0.3701513707637787 0.3487837240099907
0.0 0.6575113832950592 0.2806028462946415 0.9356633126735687 0.2806028462946415 0.9356633126735687 0.364556934684515 0.6575113832950592 0.364556934684515
0.0 0.04374289512634277 0.3143858313560486 0.33317288756370544 0.3143858313560486 0.33317288756370544 0.38993507623672485 0.04374289512634277 0.38993507623672485
0.0 0.3445068448781967 0.33433249220252037 0.6164939552545547 0.33433249220252037 0.6164939552545547 0.41553888097405434 0.3445068448781967 0.41553888097405434
0.0 0.6615855991840363 0.35993288829922676 0.9285566508769989 0.35993288829922676 0.9285566508769989 0.4246496669948101 0.6615855991840363 0.4246496669948101
0.0 0.03658239543437958 0.38716328144073486 0.3436783701181412 0.38716328144073486 0.3436783701181412 0.4587995409965515 0.03658239543437958 0.4587995409965515
0.0 0.3496759831905365 0.40272196754813194 0.6357363760471344 0.40272196754813194 0.6357363760471344 0.4803328849375248 0.3496759831905365 0.4803328849375248
0.0 0.642169862985611 0.41616879403591156 0.9183343350887299 0.41616879403591156 0.9183343350887299 0.4959477335214615 0.642169862985611 0.4959477335214615
0.0 0.02706257998943329 0.45460277795791626 0.3189159780740738 0.45460277795791626 0.3189159780740738 0.5320544838905334 0.02706257998943329 0.5320544838905334
0.0 0.3393689841032028 0.46767766028642654 0.6266731172800064 0.46767766028642654 0.6266731172800064 0.5436499640345573 0.3393689841032028 0.5436499640345573
0.0 0.6390482783317566 0.4892101474106312 0.9156383872032166 0.4892101474106312 0.9156383872032166 0.560955386608839 0.6390482783317566 0.560955386608839
0.0 0.016904383897781372 0.5213026478886604 0.2890939712524414 0.5213026478886604 0.2890939712524414 0.5927311703562737 0.016904383897781372 0.5927311703562737
0.0 0.3277439624071121 0.544736759737134 0.6072470396757126 0.544736759737134 0.6072470396757126 0.6051710676401854 0.3277439624071121 0.6051710676401854
0.0 0.6292412728071213 0.554852768778801 0.9072341471910477 0.554852768778801 0.9072341471910477 0.6318830996751785 0.6292412728071213 0.6318830996751785
0.0 0.0007838308811187744 0.5836162008345127 0.28912919759750366 0.5836162008345127 0.28912919759750366 0.6677277646958828 0.0007838308811187744 0.6677277646958828
0.0 0.32078592479228973 0.6083177216351032 0.5852055102586746 0.6083177216351032 0.5852055102586746 0.6814912669360638 0.32078592479228973 0.6814912669360638
0.0 0.6468041092157364 0.6340227853506804 0.8680059760808945 0.6340227853506804 0.8680059760808945 0.6931419838219881 0.6468041092157364 0.6931419838219881
0.0 0.0005112439393997192 0.6598281897604465 0.2618587166070938 0.6598281897604465 0.2618587166070938 0.7373888455331326 0.0005112439393997192 0.7373888455331326
0.0 0.2962362766265869 0.6816254667937756 0.574952244758606 0.6816254667937756 0.574952244758606 0.7529475875198841 0.2962362766265869 0.7529475875198841
0.0 0.6365508735179901 0.6973399072885513 0.899503618478775 0.6973399072885513 0.899503618478775 0.7704079002141953 0.6365508735179901 0.7704079002141953
0.0 0.0 0.7287479788064957 0.2508080303668976 0.7287479788064957 0.2508080303668976 0.7971122115850449 0.0 0.7971122115850449
0.0 0.2957405596971512 0.7479541562497616 0.5834165662527084 0.7479541562497616 0.5834165662527084 0.8268333412706852 0.2957405596971512 0.8268333412706852
0.0 0.616550475358963 0.7703829295933247 0.8951919972896576 0.7703829295933247 0.8951919972896576 0.8411236517131329 0.616550475358963 0.8411236517131329
