0.0 0.0 0.0 0.07459906488656998 0.0 0.07459906488656998 0.06711908429861069 0.0 0.06711908429861069
0.0 0.13118970394134521 0.03535209596157074 0.4635186791419983 0.03535209596157074 0.4635186791419983 0.16348537802696228 0.13118970394134521 0.16348537802696228
0.0 0.49271321296691895 0.0960337221622467 0.8455866575241089 0.0960337221622467 0.8455866575241089 0.24283206462860107 0.49271321296691895 0.24283206462860107
0.0 0.8388985320925713 0.18189766258001328 1.0000000074505806 0.18189766258001328 1.0000000074505806 0.3238441124558449 0.8388985320925713 0.3238441124558449
0.0 0.11388784646987915 0.11336429417133331 0.47964900732040405 0.11336429417133331 0.47964900732040405 0.2582473009824753 0.11388784646987915 0.2582473009824753
0.0 0.4837139844894409 0.17653755098581314 0.824500322341919 0.17653755098581314 0.824500322341919 0.3222489580512047 0.4837139844894409 0.3222489580512047
0.0 0.840829148888588 0.2641397565603256 0.9999999850988388 0.2641397565603256 0.9999999850988388 0.4003114849328995 0.840829148888588 0.4003114849328995
0.0 0.07390688359737396 0.1738690733909607 0.46789367496967316 0.1738690733909607 0.46789367496967316 0.3235782980918884 0.07390688359737396 0.3235782980918884
0.0 0.4643259346485138 0.262059286236763 0.8127042949199677 0.262059286236763 0.8127042949199677 0.4049210399389267 0.4643259346485138 0.4049210399389267
0.0 0.8092817142605782 0.3236589878797531 0.9999999925494194 0.3236589878797531 0.9999999925494194 0.4786573797464371 0.8092817142605782 0.4786573797464371
0.0 0.05702376365661621 0.23671067506074905 0.4237848222255707 0.23671067506074905 0.4237848222255707 0.3904071971774101 0.05702376365661621 0.3904071971774101
0.0 0.4231431633234024 0.3246118500828743 0.7672533839941025 0.3246118500828743 0.7672533839941025 0.48044680804014206 0.4231431633234024 0.48044680804014206
0.0 0.808285117149353 0.42165248841047287 1.0 0.42165248841047287 1.0 0.5526556447148323 0.808285117149353 0.5526556447148323
0.0 0.0375916063785553 0.32548489421606064 0.42613446712493896 0.32548489421606064 0.42613446712493896 0.4782795086503029 0.0375916063785553 0.4782795086503029
0.0 0.4208744615316391 0.4103005900979042 0.7819312959909439 0.4103005900979042 0.7819312959909439 0.5648429021239281 0.4208744615316391 0.5648429021239281
0.0 0.7753842025995255 0.4871772676706314 0.9999999850988388 0.4871772676706314 0.9999999850988388 0.6401167958974838 0.7753842025995255 0.6401167958974838
0.0 0.01355503499507904 0.40782103687524796 0.3866332322359085 0.40782103687524796 0.3866332322359085 0.5649469718337059 0.01355503499507904 0.5649469718337059
0.0 0.3994479775428772 0.4890949875116348 0.7629091143608093 0.4890949875116348 0.7629091143608093 0.6421394199132919 0.3994479775428772 0.6421394199132919
0.0 0.7642943561077118 0.5772606879472733 1.0000000298023224 0.5772606879472733 1.0000000298023224 0.7216036766767502 0.7642943561077118 0.7216036766767502
0.0 0.0 0.48963480442762375 0.340086430311203 0.48963480442762375 0.340086430311203 0.6354654505848885 0.0 0.6354654505848885
0.0 0.37707504630088806 0.5833378210663795 0.7287602722644806 0.5833378210663795 0.7287602722644806 0.71571334451437 0.37707504630088806 0.71571334451437
0.0 0.743343323469162 0.6574646607041359 1.0000000298023224 0.6574646607041359 1.0000000298023224 0.8090445622801781 0.743343323469162 0.8090445622801781
0.0 0.0 0.5659916549921036 0.33148786425590515 0.5659916549921036 0.33148786425590515 0.7307395786046982 0.0 0.7307395786046982
0.0 0.3566715270280838 0.6623999550938606 0.6947926729917526 0.6623999550938606 0.6947926729917526 0.8079041764140129 0.3566715270280838 0.8079041764140129
0.0 0.7577562108635902 0.760703831911087 1.0000000223517418 0.760703831911087 1.0000000223517418 0.878837913274765 0.7577562108635902 0.878837913274765
0.0 0.0 0.6639678031206131 0.2862350344657898 0.6639678031206131 0.2862350344657898 0.8145029991865158 0.0 0.8145029991865158
0.0 0.3159954994916916 0.7507631853222847 0.672517254948616 0.7507631853222847 0.672517254948616 0.8971354886889458 0.3159954994916916 0.8971354886889458
0.0 0.7352678626775742 0.8391380831599236 1.0000000149011612 0.8391380831599236 1.0000000149011612 0.9832674935460091 0.7352678626775742 0.9832674935460091
0.0 0.0 0.7515606954693794 0.26161879301071167 0.7515606954693794 0.26161879301071167 0.8894030973315239 0.0 0.8894030973315239
0.0 0.3042675256729126 0.8358215540647507 0.674884021282196 0.8358215540647507 0.674884021282196 0.993807390332222 0.3042675256729126 0.993807390332222
0.0 0.7021176964044571 0.9285646751523018 0.9999999850988388 0.9285646751523018 0.9999999850988388 0.9999999925494194 0.7021176964044571 0.9999999925494194
