0.0 0.0 0.18828509375452995 0.23574158549308777 0.18828509375452995 0.23574158549308777 0.25826140120625496 0.0 0.25826140120625496
0.0 0.2567473202943802 0.1289471872150898 0.5382736176252365 0.1289471872150898 0.5382736176252365 0.21305931732058525 0.2567473202943802 0.21305931732058525
0.0 0.5408614724874496 0.09786482155323029 0.8030046373605728 0.09786482155323029 0.8030046373605728 0.18603236973285675 0.5408614724874496 0.18603236973285675
0.0 0.0 0.25016947463154793 0.27855703234672546 0.25016947463154793 0.27855703234672546 0.33049825951457024 0.0 0.33049825951457024
0.0 0.27895310521125793 0.19555839896202087 0.5494149029254913 0.19555839896202087 0.5494149029254913 0.28010788559913635 0.27895310521125793 0.28010788559913635
0.0 0.5687805414199829 0.16174878180027008 0.8360236883163452 0.16174878180027008 0.8360236883163452 0.24420802295207977 0.5687805414199829 0.24420802295207977
0.0 0.0 0.30547892674803734 0.2932296395301819 0.30547892674803734 0.2932296395301819 0.38661003485322 0.0 0.38661003485322
0.0 0.2937956899404526 0.2669607922434807 0.569840207695961 0.2669607922434807 0.569840207695961 0.3481481745839119 0.2937956899404526 0.3481481745839119
0.0 0.5690492987632751 0.21562111005187035 0.8452540040016174 0.21562111005187035 0.8452540040016174 0.3111417926847935 0.5690492987632751 0.3111417926847935
0.0 0.0 0.36040955781936646 0.2823329269886017 0.36040955781936646 0.2823329269886017 0.4479503035545349 0.0 0.4479503035545349
0.0 0.28907524049282074 0.32674911618232727 0.559083953499794 0.32674911618232727 0.559083953499794 0.41926243901252747 0.28907524049282074 0.41926243901252747
0.0 0.5967665314674377 0.29447532072663307 0.8605398535728455 0.29447532072663307 0.8605398535728455 0.37023454532027245 0.5967665314674377 0.37023454532027245
0.0 0.012430563569068909 0.4314974583685398 0.3156130760908127 0.4314974583685398 0.3156130760908127 0.5158253274857998 0.012430563569068909 0.5158253274857998
0.0 0.31592798233032227 0.39164891466498375 0.5992544889450073 0.39164891466498375 0.5992544889450073 0.4811227060854435 0.31592798233032227 0.4811227060854435
0.0 0.5985941141843796 0.35228826850652695 0.87252576649189 0.35228826850652695 0.87252576649189 0.44353780895471573 0.5985941141843796 0.44353780895471573
0.0 0.026428446173667908 0.5013558864593506 0.3153475970029831 0.5013558864593506 0.3153475970029831 0.5909042358398438 0.026428446173667908 0.5909042358398438
0.0 0.32730069756507874 0.45742567256093025 0.6116935312747955 0.45742567256093025 0.6116935312747955 0.5453050546348095 0.32730069756507874 0.5453050546348095
0.0 0.6186771839857101 0.4248637594282627 0.8923477679491043 0.4248637594282627 0.8923477679491043 0.5080668292939663 0.6186771839857101 0.5080668292939663
0.0 0.03816322982311249 0.5712063424289227 0.3075488656759262 0.5712063424289227 0.3075488656759262 0.6539134867489338 0.03816322982311249 0.6539134867489338
0.0 0.339779257774353 0.5365118123590946 0.6153213381767273 0.5365118123590946 0.6153213381767273 0.6084795854985714 0.339779257774353 0.6084795854985714
0.0 0.6315989196300507 0.49114441499114037 0.9070697128772736 0.49114441499114037 0.9070697128772736 0.5797090567648411 0.6315989196300507 0.5797090567648411
0.0 0.044768333435058594 0.6336451806128025 0.3308505713939667 0.6336451806128025 0.3308505713939667 0.7297363243997097 0.044768333435058594 0.7297363243997097
0.0 0.35578908026218414 0.6020164601504803 0.6178017109632492 0.6020164601504803 0.6178017109632492 0.6861607916653156 0.35578908026218414 0.6861607916653156
0.0 0.672643780708313 0.5724618956446648 0.8916566371917725 0.5724618956446648 0.8916566371917725 0.640750952064991 0.672643780708313 0.640750952064991
0.0 0.06902553141117096 0.7118806652724743 0.32843272387981415 0.7118806652724743 0.32843272387981415 0.8003041930496693 0.06902553141117096 0.8003041930496693
0.0 0.3562377393245697 0.6771780960261822 0.6319301426410675 0.6771780960261822 0.6319301426410675 0.7600424773991108 0.3562377393245697 0.7600424773991108
0.0 0.6850828230381012 0.6319334954023361 0.9456671178340912 0.6319334954023361 0.9456671178340912 0.7159125357866287 0.6850828230381012 0.7159125357866287
0.0 0.07981465756893158 0.7819285318255424 0.338719442486763 0.7819285318255424 0.338719442486763 0.8611325100064278 0.07981465756893158 0.8611325100064278
0.0 0.37844352424144745 0.7415578626096249 0.6634397059679031 0.7415578626096249 0.6634397059679031 0.8323700167238712 0.37844352424144745 0.8323700167238712
0.0 0.6896957457065582 0.7058474272489548 0.9652673900127411 0.7058474272489548 0.9652673900127411 0.7881252318620682 0.6896957457065582 0.7881252318620682
0.0 0.9117809347808361 0.05494094640016556 1.0000000186264515 0.05494094640016556 1.0000000186264515 0.14310849457979202 0.9117809347808361 0.14310849457979202
0.0 0.9047062508761883 0.12287448346614838 0.9999999888241291 0.12287448346614838 0.9999999888241291 0.20533372461795807 0.9047062508761883 0.20533372461795807
