0 0.16025821596244133 0.12235915492957748 0.2762128325508607 0.03814553990610328 0.0
0 0.46503129890453837 0.1273474178403756 0.2613458528951486 0.06572769953051641 0.0
0 0.8112754303599374 0.13908450704225353 0.31064162754303626 0.06455399061032863 0.0
0 0.17043035993740221 0.19424882629107984 0.29499217527386545 0.05516431924882625 0.0
0 0.48420187793427233 0.1927816901408451 0.29968701095461653 0.04636150234741784 0.0
0 0.8011032863849765 0.2001173708920188 0.30125195618153366 0.05399061032863848 0.0
0 0.15869327073552428 0.26467136150234744 0.2793427230046948 0.05281690140845072 0.0
0 0.48185446009389676 0.25968309859154926 0.2699530516431924 0.0592723004694836 0.0
0 0.8292723004694836 0.2623239436619718 0.335680751173709 0.05633802816901408 0.0
0 0.14930359937402196 0.3280516431924883 0.2589984350547731 0.05985915492957744 0.0
0 0.49515649452269184 0.32453051643192493 0.30594679186228485 0.05046948356807515 0.0
0 0.8101017214397497 0.32922535211267606 0.28794992175273876 0.06103286384976528 0.0
0 0.17043035993740221 0.3940727699530517 0.2934272300469483 0.05575117370892016 0.0
0 0.4904616588419405 0.3914319248826291 0.2527386541471048 0.04225352112676063 0.0
0 0.8034507042253523 0.3911384976525822 0.27934272300469476 0.047535211267605605 0.0
0 0.16182316118935838 0.45481220657276994 0.29186228482003135 0.05399061032863841 0.0
0 0.5021987480438186 0.45510563380281693 0.30281690140845074 0.04636150234741791 0.0
0 0.821056338028169 0.4498239436619718 0.2973395931142411 0.0522300469483568 0.0
0 0.17316901408450708 0.5214201877934272 0.31924882629107987 0.06161971830985905 0.0
0 0.491244131455399 0.5205399061032864 0.27621283255086077 0.05751173708920192 0.0
0 0.819491392801252 0.5167253521126761 0.25821596244131456 0.047535211267605605 0.0
0 0.15712832550860723 0.5959507042253521 0.27934272300469487 0.056924882629108 0.0
0 0.49085289514866987 0.5886150234741784 0.2629107981220656 0.03755868544600929 0.0
0 0.819491392801252 0.5862676056338029 0.2879499217527386 0.05751173708920192 0.0
0 0.143435054773083 0.6575704225352113 0.26917057902973396 0.05457746478873226 0.0
0 0.4838106416275431 0.6546361502347418 0.2973395931142411 0.04870892018779337 0.0
0 0.8159702660406887 0.6552230046948356 0.26525821596244137 0.0616197183098592 0.0
0 0.15478090766823166 0.7265258215962441 0.28560250391236314 0.05516431924882625 0.0
0 0.4920266040688576 0.7215375586854461 0.25273865414710484 0.05809859154929569 0.0
0 0.8034507042253523 0.7171361502347418 0.2715179968701095 0.049295774647887355 0.0
