0 0.16573552425665103 0.1279342723004695 0.3137715179968701 0.06572769953051644 0.0
0 0.4990688575899844 0.13761737089201878 0.29968701095461675 0.051056338028169 0.0
0 0.8030594679186228 0.13849765258215962 0.25352112676056343 0.05516431924882628 0.0
0 0.164170579029734 0.19395539906103287 0.2699530516431925 0.051056338028169036 0.0
0 0.5002425665101722 0.2086267605633803 0.298904538341158 0.04166666666666671 0.0
0 0.7928873239436619 0.19630281690140847 0.23943661971830987 0.049882629107981274 0.0
0 0.16025821596244136 0.25146713615023475 0.29029733959311427 0.07100938967136151 0.0
0 0.5014162754303599 0.2546948356807512 0.3309859154929578 0.053990610328638555 0.0
0 0.8144053208137716 0.2585093896713615 0.2558685446009389 0.048708920187793436 0.0
0 0.15751956181533647 0.3233568075117371 0.2597809076682316 0.042253521126760486 0.0
0 0.49867762128325516 0.31983568075117375 0.29890453834115815 0.05633802816901408 0.0
0 0.8026682316118936 0.3268779342723005 0.257433489827856 0.053990610328638555 0.0
0 0.17356025039123632 0.38820422535211274 0.282472613458529 0.0522300469483568 0.0
0 0.4900704225352113 0.39201877934272306 0.2785602503912363 0.05281690140845072 0.0
0 0.8144053208137716 0.39348591549295775 0.30907668231611884 0.06044600938967136 0.0
0 0.16260563380281695 0.4480633802816902 0.27777777777777773 0.0522300469483568 0.0
0 0.47755086071987485 0.4565727699530517 0.2550860719874805 0.05399061032863841 0.0
0 0.8061893583724571 0.4580399061032864 0.2973395931142411 0.05927230046948353 0.0
0 0.15556338028169017 0.5178990610328639 0.2777777777777778 0.06044600938967136 0.0
0 0.4755946791862285 0.5143779342723005 0.27621283255086077 0.048708920187793436 0.0
0 0.8140140845070424 0.5267018779342724 0.2785602503912363 0.049882629107981274 0.0
0 0.1629968701095462 0.5803990610328639 0.270735524256651 0.06807511737089214 0.0
0 0.48420187793427233 0.5883215962441315 0.29968701095461653 0.05457746478873247 0.0
0 0.8147965571205008 0.5877347417840376 0.30516431924882625 0.056924882629108 0.0
0 0.1751251956181534 0.6543427230046949 0.3043818466353678 0.051643192488263025 0.0
0 0.48146322378716755 0.6552230046948359 0.27856025039123633 0.05692488262910793 0.0
0 0.8132316118935837 0.6640258215962441 0.2707355242566512 0.055751173708920305 0.0
0 0.16299687010954622 0.7200704225352113 0.28482003129890454 0.04577464788732413 0.0
0 0.48146322378716755 0.7262323943661971 0.2801251956181534 0.0710093896713613 0.0
0 0.8077543035993741 0.727992957746479 0.2723004694835682 0.04988262910798141 0.0
