0 0.1727777777777778 0.1467136150234742 0.27777777777777773 0.04812206572769956 0.0
0 0.5174569640062598 0.15316901408450703 0.2769953051643192 0.05046948356807512 0.0
0 0.8390532081377153 0.1481807511737089 0.28482003129890454 0.06279342723004692 0.0
0 0.1841236306729265 0.21860328638497656 0.27386541471048514 0.06044600938967136 0.0
0 0.5174569640062598 0.21478873239436624 0.28951486697965567 0.041079812206572794 0.0
0 0.8191001564945227 0.2165492957746479 0.2668231611893583 0.04225352112676063 0.0
0 0.20955399061032867 0.2834507042253521 0.32472613458528954 0.046948356807511755 0.0
0 0.5217605633802817 0.2775821596244132 0.29812206572769945 0.05281690140845072 0.0
0 0.8222300469483569 0.27904929577464793 0.26212832550860715 0.053403755868544636 0.0
0 0.20016431924882633 0.3427230046948357 0.32159624413145543 0.051643192488262886 0.0
0 0.5323239436619719 0.3477112676056338 0.30829420970266047 0.05927230046948353 0.0
0 0.8187089201877935 0.3403755868544602 0.23630672926447574 0.05046948356807515 0.0
0 0.1782550860719875 0.4099178403755869 0.2856025039123631 0.06748826291079808 0.0
0 0.5342801251956182 0.41021126760563376 0.3247261345852896 0.05399061032863841 0.0
0 0.8359233176838812 0.4107981220657277 0.24726134585289514 0.05399061032863841 0.0
0 0.1813849765258216 0.48180751173708924 0.29499217527386545 0.050469483568075194 0.0
0 0.5440610328638498 0.47505868544600943 0.34115805946791855 0.05575117370892016 0.0
0 0.8351408450704226 0.4794600938967136 0.24413145539906092 0.05633802816901408 0.0
0 0.20251173708920192 0.5469483568075117 0.3184663536776213 0.045774647887323994 0.0
0 0.5260641627543037 0.5472417840375587 0.2863849765258216 0.048708920187793436 0.0
0 0.8277073552425666 0.540199530516432 0.2480438184663538 0.042840375586854405 0.0
0 0.20290297339593114 0.6150234741784039 0.3192488262910798 0.05633802816901408 0.0
0 0.5276291079812206 0.6115023474178404 0.3035993740219093 0.044600938967136156 0.0
0 0.8359233176838812 0.607981220657277 0.2597809076682317 0.046948356807511686 0.0
0 0.19977308294209706 0.6816314553990611 0.3176838810641628 0.058098591549295975 0.0
0 0.5342801251956182 0.6798708920187794 0.31846635367762127 0.053403755868544636 0.0
0 0.851964006259781 0.6722417840375587 0.26056338028169024 0.05692488262910786 0.0
0 0.19859937402190928 0.7608568075117372 0.34194053208137715 0.06514084507042242 0.0
0 0.5530594679186229 0.7579225352112676 0.33881064162754304 0.06279342723004704 0.0
0 0.8507902973395932 0.7482394366197184 0.23630672926447563 0.062206572769953256 0.0
