0 0.16808294209702665 0.11355633802816902 0.27308294209702655 0.04636150234741784 0.0
0 0.473247261345853 0.11208920187793428 0.26525821596244137 0.048122065727699524 0.0
0 0.8046244131455399 0.11032863849765259 0.2754303599374022 0.05281690140845072 0.0
0 0.16808294209702665 0.17194835680751175 0.27777777777777773 0.05046948356807512 0.0
0 0.49476525821596257 0.1742957746478873 0.2973395931142411 0.05281690140845072 0.0
0 0.8034507042253521 0.1651995305164319 0.26525821596244137 0.0522300469483568 0.0
0 0.16534428794992176 0.23386150234741784 0.29733959311424096 0.048708920187793436 0.0
0 0.4826369327073553 0.2318075117370892 0.2777777777777779 0.044600938967136156 0.0
0 0.8050156494522692 0.2318075117370892 0.2668231611893585 0.048122065727699524 0.0
0 0.1532159624413146 0.29137323943661975 0.28873239436619724 0.056924882629108 0.0
0 0.4822456964006259 0.2943075117370892 0.28169014084507044 0.0616197183098592 0.0
0 0.8042331768388108 0.28785211267605637 0.2589984350547731 0.0545774647887324 0.0
0 0.16495305164319252 0.3547535211267606 0.2746478873239437 0.06279342723004688 0.0
0 0.4975039123630673 0.36414319248826293 0.28247261345852887 0.0522300469483568 0.0
0 0.7999295774647888 0.35416666666666674 0.2613458528951486 0.053403755868544636 0.0
0 0.17395148669796562 0.42605633802816906 0.295774647887324 0.038732394366197125 0.0
0 0.48420187793427244 0.4213615023474179 0.2621283255086072 0.05516431924882625 0.0
0 0.817926447574335 0.415199530516432 0.26604068857589974 0.04988262910798113 0.0
0 0.17982003129890456 0.49237089201877937 0.312206572769953 0.05868544600938975 0.0
0 0.48498435054773087 0.49383802816901406 0.2668231611893583 0.05105633802816897 0.0
0 0.8202738654147105 0.48914319248826293 0.2613458528951486 0.0522300469483568 0.0
0 0.17003912363067294 0.5622065727699531 0.2863849765258216 0.050469483568075194 0.0
0 0.48420187793427233 0.5586854460093897 0.2793427230046948 0.05751173708920192 0.0
0 0.8167527386541472 0.5522300469483568 0.284037558685446 0.05046948356807505 0.0
0 0.14382629107981224 0.6302816901408451 0.2511737089201878 0.05516431924882625 0.0
0 0.5041549295774649 0.6264671361502347 0.3098591549295776 0.049882629107981205 0.0
0 0.8273161189358373 0.6241197183098592 0.2660406885758999 0.05340375586854457 0.0
0 0.16064945226917063 0.6954225352112675 0.295774647887324 0.04460093896713602 0.0
0 0.5088497652582161 0.6977699530516432 0.30203442879499226 0.05516431924882625 0.0
0 0.8261424100156496 0.6904342723004695 0.2683881064162754 0.05105633802816897 0.0
