0 0.17669014084507045 0.12588028169014084 0.27308294209702666 0.049882629107981205 0.0
0 0.47324726134585293 0.1273474178403756 0.26995305164319255 0.06338028169014087 0.0
0 0.7760641627543037 0.1285211267605634 0.2934272300469485 0.06220657276995304 0.0
0 0.1892097026604069 0.18720657276995303 0.2934272300469483 0.043427230046948324 0.0
0 0.47950704225352114 0.18603286384976528 0.28090766823161195 0.051643192488262886 0.0
0 0.8081455399061034 0.18720657276995303 0.3043818466353679 0.045774647887323994 0.0
0 0.16338810641627546 0.24413145539906103 0.2511737089201878 0.043427230046948324 0.0
0 0.4885054773082942 0.2432511737089202 0.2926447574334899 0.051056338028169036 0.0
0 0.7842801251956182 0.24735915492957747 0.26917057902973396 0.049882629107981205 0.0
0 0.17551643192488267 0.30663145539906106 0.30829420970266047 0.049882629107981205 0.0
0 0.48889671361502357 0.30633802816901406 0.2856025039123631 0.05633802816901408 0.0
0 0.8140140845070424 0.3145539906103286 0.30046948356807507 0.05633802816901408 0.0
0 0.17786384976525824 0.3741197183098592 0.30046948356807507 0.0522300469483568 0.0
0 0.4877230046948357 0.3685446009389672 0.2863849765258216 0.050469483568075194 0.0
0 0.7979733959311424 0.37441314553990607 0.2949921752738654 0.046948356807511686 0.0
0 0.1880359937402191 0.4366197183098592 0.3129890453834116 0.05399061032863841 0.0
0 0.50141627543036 0.4354460093896714 0.29186228482003135 0.050469483568075194 0.0
0 0.8101017214397497 0.43339201877934275 0.28794992175273876 0.055751173708920305 0.0
0 0.18021126760563383 0.5029342723004695 0.2769953051643193 0.05751173708920192 0.0
0 0.495547730829421 0.5023474178403756 0.32550860719874813 0.051643192488262886 0.0
0 0.8202738654147105 0.49149061032863856 0.32550860719874797 0.055751173708920305 0.0
0 0.1903834115805947 0.5674882629107981 0.30359937402190923 0.049295774647887355 0.0
0 0.48341940532081384 0.5625 0.2527386541471049 0.055751173708920305 0.0
0 0.8144053208137716 0.5557511737089202 0.2683881064162754 0.041079812206572794 0.0
0 0.17316901408450708 0.6343896713615024 0.30672926447574334 0.0598591549295773 0.0
0 0.5108059467918623 0.6338028169014085 0.3215962441314554 0.0446009389671363 0.0
0 0.8367057902973396 0.6223591549295775 0.30516431924882625 0.0440140845070421 0.0
0 0.18412363067292647 0.7074530516431926 0.2895148669796557 0.05457746478873218 0.0
0 0.5080672926447576 0.7009976525821596 0.2801251956181535 0.0487089201877933 0.0
0 0.8392723004694836 0.6921977699530517 0.3181220657276994 0.05810446009389665 0.0
