0 0.17121283255086076 0.16050469483568075 0.2793427230046949 0.04049295774647888 0.0
0 0.49672143974960875 0.14260563380281688 0.2965571205007825 0.0528169014084507 0.0
0 0.7967996870109547 0.14524647887323944 0.27386541471048514 0.0592723004694836 0.0
0 0.18881846635367763 0.22946009389671362 0.3051643192488263 0.048122065727699524 0.0
0 0.49985133020344297 0.2098004694835681 0.284037558685446 0.0545774647887324 0.0
0 0.8159702660406887 0.20833333333333337 0.28090766823161173 0.05281690140845072 0.0
0 0.1806025039123631 0.28433098591549294 0.3294209702660407 0.04636150234741784 0.0
0 0.5033724569640063 0.27992957746478875 0.291079812206573 0.05046948356807512 0.0
0 0.8077543035993741 0.2678990610328638 0.2879499217527386 0.06514084507042249 0.0
0 0.16886541471048513 0.34125586854460094 0.3012519561815336 0.05575117370892016 0.0
0 0.480680751173709 0.3430164319248826 0.2816901408450705 0.06279342723004704 0.0
0 0.8155790297339593 0.3377347417840376 0.27856025039123644 0.04636150234741788 0.0
0 0.18021126760563386 0.4119718309859155 0.3208137715179969 0.050469483568075194 0.0
0 0.5025899843505478 0.40874413145539906 0.2973395931142409 0.05809859154929569 0.0
0 0.8085367762128325 0.4025821596244131 0.28638497652582157 0.06103286384976513 0.0
0 0.17160406885759003 0.4835680751173709 0.30359937402190923 0.05751173708920192 0.0
0 0.5010250391236307 0.4735915492957746 0.298904538341158 0.05633802816901408 0.0
0 0.8147965571205008 0.47183098591549294 0.28794992175273876 0.05281690140845072 0.0
0 0.15908450704225352 0.5487089201877935 0.28325508607198746 0.05281690140845072 0.0
0 0.4939827856025039 0.5440140845070423 0.2926447574334899 0.041079812206572794 0.0
0 0.8144053208137716 0.5407863849765259 0.28873239436619713 0.058098591549295836 0.0
0 0.1598669796557121 0.6179577464788732 0.29890453834115804 0.06455399061032864 0.0
0 0.48811424100156503 0.6150234741784039 0.2746478873239437 0.05516431924882625 0.0
0 0.8124491392801253 0.6117957746478874 0.23004694835680747 0.04401408450704224 0.0
0 0.1551721439749609 0.6919014084507044 0.270735524256651 0.059859154929577586 0.0
0 0.47950704225352114 0.6886737089201879 0.29029733959311427 0.0522300469483568 0.0
0 0.8331846635367763 0.6813380281690141 0.27308294209702655 0.05516431924882625 0.0
0 0.15204225352112677 0.7570422535211268 0.2723004694835681 0.05046948356807491 0.0
0 0.49320031298904543 0.7585093896713616 0.29890453834115815 0.05927230046948353 0.0
0 0.8300547730829422 0.7541079812206573 0.29029733959311427 0.051643192488263025 0.0
