0 -0.06059759234716247 0.16197781405624323 0.22269571028670807 0.12329598010484003 0.23460859553643146 0.1723719324866335 -0.0486847070974391 0.21105376643803672
0 0.2818275055882695 0.10150240937747945 0.5343280859814217 0.06702511876526898 0.5529682466235919 0.14381454608602404 0.3004676662304398 0.1782918366982345
0 0.5815043953885431 0.08444354298481364 0.8624881910776927 0.04607705699015603 0.8800071376716763 0.11824756571267363 0.5990233419825266 0.15661405170733125
0 -0.038252570731501255 0.22454185712943506 0.24965968715106987 0.18522933527154747 0.2628339321997484 0.23950154633729548 -0.025078325682822786 0.27881406819518306
0 0.2850022844361127 0.18338603039142698 0.5513595546531435 0.14701670008078385 0.5655148608819012 0.20533046033868171 0.2991575906648703 0.24169979064932484
0 0.6123174296539544 0.14585131957744019 0.8671273997103455 0.11105869702249775 0.8807221015840117 0.16706300897641582 0.625912131527621 0.20185563153135827
0 -0.03774070523572298 0.2954555477272873 0.258639510214527 0.25498678205602654 0.27307512573816967 0.3144552957862848 -0.02330508971208033 0.35492406145754557
0 0.307416335158255 0.24295812378394682 0.5714641863916766 0.20690412941953906 0.5842179817327063 0.25944426891748745 0.32017013049928483 0.29549826328189527
0 0.6081412907963613 0.22038762777392262 0.8729588897169117 0.18422852943444323 0.8855725339691685 0.23619130685639672 0.6207549350486182 0.2723504051958761
0 -0.015747063799343194 0.35329554888656717 0.25138004206592784 0.31682110259034224 0.2658156575895705 0.3762896163206005 -0.0013114482757005418 0.41276406261682547
0 0.3243035918525656 0.3092498977626848 0.5868118011098771 0.2734061313659374 0.6020883160488171 0.3363387882317948 0.3395801067915055 0.3721825546285422
0 0.6484034628703476 0.28468070106140475 0.9024435972784981 0.2499931944920442 0.9142163314394486 0.2984917847978428 0.6601761970312982 0.3331792913672033
0 0.008771335028685906 0.42808935151828714 0.2774381121904375 0.3914046732508984 0.28822977805396943 0.43586168504417655 0.01956300089221789 0.47254636331156524
0 0.33664712858217466 0.392864083003025 0.6284084181040946 0.35302600123474515 0.6393402386150691 0.39806038976420355 0.3475789490931492 0.4378984715324834
0 0.6621382607507155 0.3412623977585099 0.9130991698473871 0.30699533911746313 0.92501205865578 0.3560713061594419 0.6740511495591086 0.3903383648004886
0 0.01249855556829613 0.48603748667255187 0.2873238419937468 0.4485119045415287 0.30105869851485584 0.505093593231627 0.02623341208940514 0.5426191753626501
0 0.3495410861134928 0.4459815679150314 0.625905985194683 0.4082457618198514 0.6409022050734168 0.4700237238540894 0.36453730599222667 0.5077595299492694
0 0.6614598702109754 0.410549128770641 0.9324360370359659 0.37354911856052037 0.9440686165494738 0.4214703321301387 0.6730924497244835 0.45847034234025935
0 0.02861801483361198 0.55899560009891 0.30960186916350274 0.5206291060972456 0.3237571753922605 0.5789428663551434 0.04277332106236967 0.6173093603568078
0 0.35747080778887397 0.5146894318499695 0.6561604715431039 0.4739053262289699 0.6714369864820438 0.5368379830948273 0.372747322727814 0.577622088715827
0 0.6957015050524484 0.46969922590101654 0.9736060754301191 0.4317531878346727 0.9880416909537617 0.491221701564931 0.710137120576091 0.5291677396312747
0 0.053207520983747474 0.6373587164890485 0.3441990041777977 0.5976257467028472 0.35569142904386325 0.6449695835362853 0.06469994584981308 0.6847025533224866
0 0.377510435761522 0.5906912344783578 0.6738906805321426 0.5502224648035936 0.686644468755833 0.6027625749811716 0.3902642239852124 0.6432313446559357
0 0.7031417590152153 0.53966695128689 0.9887444513123247 0.5006697853927549 1.0026194482461972 0.5578287921782923 0.717016755949088 0.5968259580724274
0 0.06428555970200603 0.7026541288256866 0.3360316208159777 0.6655489946229771 0.35032708169217786 0.7244401316170551 0.0785810205782062 0.7615452658197646
0 0.39789743323304066 0.6582946534099453 0.6665641517540511 0.6216099831495634 0.6788974760354143 0.6724179631186007 0.4102307575144036 0.7091026333789826
0 0.7257691285705136 0.6099469106519878 1.0183002244203032 0.5700037169016295 1.0303532678761391 0.6196570606797884 0.7378221720263491 0.6596002544301467
0 0.08705109678339634 0.7669502647800415 0.3457101864402475 0.7316320703041967 0.3598654926690052 0.7899458305620946 0.10120640301215403 0.8252640250379395
0 0.4269616199908937 0.7223272035961051 0.6763828577910848 0.688270376926222 0.6905381640198424 0.74658413718412 0.4411169262196514 0.780640963854003
0 0.7412568761586319 0.6770262620159475 1.029169075400462 0.6377137481650668 1.0395402915563454 0.6804386883905452 0.7516280923145152 0.719751202241426
