0 0.10562994955848941 0.02052831202360862 0.4001150230330622 0.0587569359701977 0.3876721614976736 0.11267290510667002 0.0931870880231008 0.07444428116008096
0 0.4682556493818167 0.05269456230786131 0.7369864009834256 0.08757988510079802 0.7173372744433887 0.17272120866838986 0.4486065228417798 0.13783588587545317
0 0.7755405462471069 0.11903232473089119 1.0810437125948282 0.15869126405505254 1.0623162476872048 0.23983894998662772 0.7568130813394834 0.20018001066246638
0 0.0980480938016227 0.09049661339659985 0.3970974462323355 0.1293177498999134 0.3832126267096752 0.18948184468792637 0.08416327427896242 0.1506607081846128
0 0.4318873590307885 0.13808092478468698 0.7145274606916867 0.17477189194011783 0.6994671564980002 0.24002946101161465 0.4168270548371018 0.20333849385618383
0 0.775949528585357 0.1917179888813718 1.052582879508115 0.2276291887895194 1.0379353523572004 0.2910981600987529 0.7613020014344426 0.2551869601906052
0 0.07027101880265249 0.16329545455856911 0.37278472911569555 0.20256631719956902 0.3574571739351772 0.26898190735140426 0.05494346362213412 0.2297110447104043
0 0.4252852753580248 0.20556590581462986 0.7051522286153236 0.241896876294445 0.6914533850318603 0.30125512164265245 0.41158643177456145 0.2649241511628373
0 0.7347066729696748 0.26779725571018703 1.0213169564261984 0.30500361261041475 1.0075775291120355 0.36453771068876895 0.720967245655512 0.3273313537885412
0 0.060022179033366915 0.22734899965366925 0.3363732082665795 0.2632235499293779 0.3209984100215058 0.3298438482669651 0.0446473807882933 0.29396929799125643
0 0.4100615592558768 0.2781776038605811 0.6878627247147108 0.3142404037877459 0.6714217655097698 0.38548046754209264 0.39362060005093585 0.3494176676149279
0 0.7431936983134715 0.3457576143316235 1.0180343623024173 0.3814360963167943 1.0050743625341159 0.4375928690598736 0.7302336985451702 0.4019143870747028
0 0.04898198572978915 0.3096171644752118 0.3263499779784627 0.34562373195718143 0.3145818600400877 0.39661598014344057 0.03721386779141414 0.36060941266147095
0 0.382180426482713 0.36685912631483525 0.6903453865588982 0.40686360679077127 0.6781942912707982 0.4595153281544028 0.370029331194613 0.4195108476784668
0 0.7289366827108962 0.40794689968982056 1.0000167184278899 0.44313719515227523 0.986820620241541 0.5003170022660592 0.7157405845245474 0.4651267068036046
0 0.025900901377725657 0.36885816047187914 0.309225517141318 0.40563798792813704 0.29432560962391324 0.47020054466477723 0.011000993860320942 0.4334207172085193
0 0.36946317463602873 0.4244277099114033 0.660884027043514 0.4622585515409439 0.6444701982069824 0.5333810571193315 0.35304934579949704 0.4955502154897908
0 0.6940881915638212 0.4787386780800605 0.9861320075995582 0.5166503898263641 0.9730490265981003 0.573340050631597 0.6810052105623632 0.5354283388852933
0 0.007812670297101434 0.4463882559046384 0.2969970615485562 0.48392877099403797 0.28151830111426385 0.5509995462713013 -0.007666090137190907 0.5134590311819017
0 0.3445550293721195 0.4961348654102342 0.6590075642260874 0.5369555683482458 0.6420968936812393 0.6102309309792588 0.3276443588272714 0.5694102280412473
0 0.6991039546568951 0.5491446647801786 0.9874540668153624 0.5865768778040915 0.9712879269077312 0.6566261263500783 0.682937814749264 0.6191939133261655
0 -0.004642731954560683 0.531419712442604 0.29431000737457075 0.5702283071016566 0.2813463471328448 0.626400940985007 -0.01760639219628658 0.5875923463259543
0 0.32804573175649865 0.5783954969344037 0.6394512244687365 0.6188206476401364 0.6250008986523787 0.6814351289241141 0.31359540594014085 0.6410099782183812
0 0.6721624986580674 0.6224721309840103 0.9702399643988292 0.6611671018710146 0.9545011214401257 0.7293648366759726 0.6564236556993638 0.6906698657889685
0 -0.023891709022837184 0.5993314745555216 0.25476062079749767 0.6355047685118358 0.23894098989419546 0.7040525642987625 -0.03971133992613936 0.6678792703424483
0 0.3158923965312816 0.6520580087809746 0.5975296013395328 0.6886187847311784 0.5835273662653636 0.749291651013055 0.30189016145711234 0.7127308750628514
0 0.6602229467354741 0.7003308914950364 0.9524468918791444 0.7382659867284816 0.9384216689302124 0.7990384614117455 0.646197723786542 0.7611033661783003
0 -0.03158617532782784 0.6693999974671573 0.23326434156938514 0.703781607010425 0.2175548264491356 0.7718522618162664 -0.047295690448077396 0.7374706522729987
0 0.3138443865161864 0.7244897647277473 0.5749856063577286 0.7583898513178334 0.5591214398356164 0.8271306236996058 0.2979802199940742 0.7932305371095199
0 0.6428222182586288 0.7725776862570001 0.9357524081114279 0.8106044627532034 0.9233600528073688 0.864301584126899 0.6304298629545697 0.8262748076306956
