0 -0.11255833244074405 0.21721015751878753 0.16206131992854125 0.15226170435518685 0.18206356363438653 0.1998350880443796 -0.09255608873489873 0.2647835412079803
0 0.21709508655585164 0.12509320315625252 0.4618648038979789 0.06720435803716601 0.4931624306328165 0.14164270741006427 0.24839271329068927 0.19953155252915075
0 0.5115751055815789 0.080061347184342 0.7839559616630347 0.01564237672377601 0.8133710220700575 0.08560322589466862 0.5409901659886017 0.15002219635523462
0 -0.079956854740886 0.27718731179217393 0.19914033335873318 0.21117990666661066 0.22126045410029002 0.2637904541014382 -0.057836733999329155 0.32979785922700144
0 0.2338981370401217 0.2060362651976092 0.4921002910372748 0.1449706045249554 0.5158676554484326 0.2014989601954968 0.2576655014512794 0.2625646208681506
0 0.5523853264923445 0.13809709100092366 0.7993937264316507 0.0796787900670161 0.8222198121602701 0.13396840629505316 0.5752114122209638 0.1923867072289607
0 -0.06762492882818098 0.34749631491119604 0.219680951612179 0.27954752698426616 0.24391896731492313 0.33719528079872235 -0.043386913125436855 0.4051440687256522
0 0.26606922723177207 0.2630384825939378 0.5220326702090836 0.20250228445815846 0.5434468379138951 0.253433791522439 0.28748339493658365 0.3139699896582183
0 0.5606700810088541 0.21243996500299592 0.8173797041474541 0.15172729279903188 0.8385585521816312 0.2020991150026864 0.581848929043031 0.2628117872066504
0 -0.03615975501444053 0.4028194676425663 0.2227886644119892 0.34157731273556763 0.2470266801147333 0.3992250665500238 -0.011921739311696412 0.46046722145702246
0 0.29387734215039396 0.3272259922852514 0.5483482826918149 0.2670427758961084 0.5739982044680496 0.3280486104516585 0.31952726392662856 0.38823182684080143
0 0.611336354608191 0.27245211447137685 0.8575984891182206 0.21421030777181418 0.8773654131534314 0.26122400660038086 0.6311032786434017 0.3194658132999435
0 0.0006372166876062598 0.4747265341353858 0.26107816697258895 0.4131313907596973 0.2791978353878816 0.4562272529298875 0.01875688510289888 0.517822396305576
0 0.3200657274563614 0.4090260892981245 0.6028941005890501 0.3421362466111038 0.621249094650136 0.38579180785325135 0.3384207215174473 0.4526816505402721
0 0.6343977091372782 0.3273014432154781 0.8776748956208522 0.26976558656508137 0.897677145301856 0.31733898446560543 0.6543999588182822 0.3748748411160021
0 0.013997392912407704 0.5318701922827741 0.28040829609562695 0.46886313536464685 0.30346970747003943 0.5237124506646412 0.03705880428682017 0.5867195075827687
0 0.3417152230679803 0.46051726365067325 0.6096186002644274 0.39715723170796297 0.6347978946497099 0.4570437249649234 0.36689451745326296 0.5204037569076337
0 0.6452774450066241 0.39610789347624475 0.9079570778887861 0.3339832942857352 0.9274886762782034 0.3804372940423445 0.6648090433960415 0.442561893232854
0 0.04215527652933332 0.6027437222722605 0.3145361894561142 0.5383247383675877 0.33830355386727196 0.594853094038129 0.06592264094049104 0.659272077942802
0 0.36103897692386017 0.5279420301820307 0.6505835968067245 0.4594637729961728 0.6762335185829591 0.5204696075517228 0.3866888987000949 0.5889478647375807
0 0.6891129084109007 0.45158211000477466 0.9585088164659009 0.3878690895933747 0.9827468321686449 0.4455168434078308 0.7133509241136448 0.5092298638192309
0 0.07961794119889105 0.6781854138637907 0.36170007732496584 0.6114720586890614 0.38099635006859006 0.6573663593737133 0.09891421394251533 0.7240797145484426
0 0.3935937572747259 0.6014676807803647 0.6808996661377484 0.5335188861313814 0.7023138218922428 0.5844503647729994 0.4150079130292203 0.6523991594219827
0 0.7081611049744156 0.5203027554702849 0.98501943994088 0.45482484649186317 1.0083161530604514 0.5102338040184898 0.731457818093987 0.5757117129969116
0 0.10149630870419969 0.7419292340297968 0.36492226386096327 0.6796281271608356 0.3889249539179142 0.7367161819033343 0.12549899876115064 0.7990172887722956
0 0.4250928420521911 0.6666282957716152 0.6855337354918486 0.6050331658400334 0.7062419143089633 0.6542855472657793 0.44580102086930584 0.7158806771973609
0 0.7423292584041372 0.5879087737450621 1.02590386854344 0.5208424435457499 1.046141443870237 0.5689755405182314 0.7625668337309345 0.6360418707175435
0 0.13480380823644533 0.803585443652286 0.38554347847680903 0.7442846849907607 0.4093108428879668 0.8008130406613021 0.15857117264760304 0.8601137993228274
0 0.46460559622783204 0.7274322340782977 0.7063902518528532 0.6702493658965908 0.7301576162640109 0.7267777215671322 0.4883729606389898 0.783960589748839
0 0.7688801703710136 0.6530089391933335 1.0479773016253076 0.587001547511877 1.065391017003855 0.6284183693115203 0.7862938857495609 0.6944257609929768
