0 -0.04518724195634404 0.10767904747404146 0.31276495156333545 0.08436087367410973 0.31947959371245527 0.142340564106218 -0.038472599807224214 0.1656587379061497
0 0.38686169017118766 0.054284363199654885 0.7142263072115593 0.03295876393167387 0.7240860101348627 0.11809547122747842 0.3967213930944911 0.13942107049545943
0 0.7696680967337535 0.03971628095454561 0.9472373074307382 0.028148843203053397 0.95683886562859 0.11105651864042454 0.7792696549316053 0.12262395639191674
0 -0.03463728992940789 0.16931556444035714 0.33198359009443196 0.14543268411765334 0.3392975963775565 0.2085877727577301 -0.02732328364628332 0.23247065308043388
0 0.37308444444310923 0.1349115722420746 0.7201949011063997 0.11229966455501278 0.728003662573199 0.17972687250570665 0.3808932059099085 0.20233878019276844
0 0.7976348094372943 0.10283513820066034 0.9547018289442355 0.09260328007712922 0.9623157556231953 0.1583481257464879 0.8052487361162538 0.16857998387001907
0 -0.032202499307796915 0.23819260196767394 0.3272178615416729 0.214778786957594 0.33514858032070693 0.2832590736952536 -0.02427178052876289 0.30667288870533355
0 0.38805548856169636 0.1952058762640679 0.7341977368360515 0.17265704083049827 0.7413266400561896 0.23421379882961965 0.3951843917818345 0.2567626342631893
0 0.7779371010637433 0.17823690861584962 0.9632212046313297 0.1661668975708803 0.9703881278548709 0.22805195125257005 0.7851040242872847 0.24012196229753935
0 -0.02526748400729537 0.2980751737168954 0.30385920698175867 0.27663478720266316 0.3116877422200265 0.3442327380050182 -0.01743894876902751 0.3656731245192503
0 0.39408807688343167 0.2630206905645499 0.7408984512962783 0.24042833121438004 0.7492519529601573 0.31255926980196985 0.40244157854731055 0.33515162915213975
0 0.8180641336840379 0.24575172277338836 0.9712820720642825 0.23577060635309927 0.977993849969324 0.29372556456846477 0.8247759115890794 0.30370668098875386
0 -0.016367942620230624 0.3749210641084463 0.31928110600343035 0.3530557899369724 0.32533760297346836 0.40535251873164585 -0.010311445650192657 0.42721779290311973
0 0.39141359447936497 0.3486886263312627 0.7795174777148455 0.3234062730853513 0.7858106031950649 0.3777462452075241 0.39770671995958445 0.40302859845343547
0 0.8252885207504812 0.30523670539383124 0.9781735391471278 0.29527727646751356 0.9849376148653022 0.3536838166061406 0.8320525964686556 0.36364324553245836
0 -0.009590711967124962 0.43344119467200415 0.31845898450796895 0.4120709670943917 0.32596649575132525 0.4768969352008874 -0.0020832007237686174 0.4982671627784997
0 0.3952222462970536 0.405017323611732 0.765267365563589 0.3809113771722694 0.7735369995476191 0.452318133888822 0.40349188028108374 0.47642408032828454
0 0.8109998900940976 0.3778608408517981 0.9864141765112684 0.3664337818989056 0.9930778863489717 0.42397368126198276 0.8176635999318008 0.4354007402148754
0 -0.0007884777280907211 0.5094468558757077 0.32994559951549196 0.48790175897633103 0.3376726578182254 0.5546234752485922 0.006938580574642768 0.5761685721479689
0 0.3895485570187373 0.47740993609877547 0.792342337830678 0.45117063499504295 0.8008088215449605 0.5242771526472061 0.39801504073301974 0.5505164537509386
0 0.8450989199732976 0.4421755551899672 0.9940620412029576 0.4324716114413377 1.0021826665851672 0.5025917064991721 0.8532195453555071 0.5122956502478015
0 0.008915812661122378 0.5932416047445827 0.35638365430992686 0.5706064158335011 0.3627666751048923 0.6257226173368552 0.01529883345608777 0.6483578062479368
0 0.39844954531240967 0.5597067035519367 0.8008661375511201 0.5334919737425422 0.8080165363557188 0.5952343421293799 0.4055999441170083 0.6214490719387744
0 0.8415682952429882 0.5181861591453668 1.0027725276862067 0.507684789472411 1.0106085338564328 0.5753472503875247 0.8494043014132143 0.5858486200604806
0 0.017034634781622534 0.6633461289717831 0.3297113732020028 0.6429773460402116 0.337483974876739 0.7100923208884786 0.024807236456358718 0.7304611038200501
0 0.4095872923450504 0.6345097824822465 0.7766826865201312 0.6105959907595025 0.7835460407031825 0.6698597820415728 0.41645064652810165 0.6937735737643169
0 0.8585044077041744 0.5963634499936057 1.0118852580571296 0.5863717209558708 1.0187527848214402 0.6456715417037482 0.865371934468485 0.6556632707414832
0 0.0252969370916599 0.7346895780422976 0.32649837230141954 0.7150683338030891 0.334181862632178 0.7814138487124523 0.03298042742241828 0.8010350929516609
0 0.43282302488067564 0.706655374049792 0.7764406274718677 0.6842710022733504 0.7842401162493293 0.7516181422702612 0.4406225136581374 0.7740025140467028
0 0.8665920985424509 0.6719894871524308 1.0206385216477756 0.6619544005339987 1.0265637254343865 0.7131174370243188 0.872517302329062 0.7231525236427511
