0 0.0842213135178089 0.05977820428530409 0.37081067057884903 0.08074733349113261 0.36435278571409596 0.13039427363935638 0.07776342865305583 0.10942514443352787
0 0.43563886720360123 0.07192894771733052 0.6910772355646649 0.0906188258245218 0.6809725456625749 0.16830168101500487 0.4255341773015112 0.14961180290781356
0 0.7300921366564251 0.11705908749512783 1.0143451161742554 0.1378572689620746 1.004848227915525 0.21086746546603394 0.7205952483976946 0.19006928399908715
0 0.08287300450442378 0.12454002282780373 0.37413505732887076 0.14585104317085804 0.3669933988707416 0.2007546993145249 0.07573134604629465 0.1794436789714706
0 0.40880007505930843 0.15133560060233991 0.6782563527415537 0.17105113909959535 0.6705828684483376 0.2300433669593601 0.40112659076609225 0.2103278284621047
0 0.7373103692615653 0.18244768656116078 0.9950849965198131 0.20130850372615836 0.9877154116014306 0.2579644133657262 0.729940784343183 0.2391035962007286
0 0.05747771196331468 0.1928491063812842 0.3573062451541461 0.2147869177380873 0.3494808073152572 0.27494733436945695 0.04965227412442581 0.2530095230126539
0 0.40861039214486494 0.21323397103231087 0.6757303812684198 0.23277856830149113 0.668816645412288 0.2859300006107635 0.4016966562887333 0.2663854033415833
0 0.7060837429210465 0.2532783037586799 0.9739824355744849 0.2728798770966807 0.9671446745620618 0.3254472298509039 0.6992459819086233 0.305845656512903
0 0.05751599807225626 0.2529952414015107 0.3277510682689049 0.27276776247839335 0.319925630430016 0.332928179109763 0.049690560233367397 0.3131556580328804
0 0.400652030006869 0.2804603534802707 0.6662144637631237 0.2998909877604653 0.6579331807202399 0.36355585206062385 0.39237074696398516 0.3441252177804292
0 0.7213367477389461 0.32338228165101157 0.9783325824827904 0.3421861162363819 0.9719506724617457 0.3912489768295564 0.7149548377179015 0.37244514224418607
0 0.053793448700713176 0.32996579468294557 0.32558610392616844 0.3498522809190827 0.31973602359846665 0.39482654013465285 0.04794336837301139 0.3749400538985157
0 0.3819998880203961 0.3634142021173667 0.677155755109327 0.38501012450721284 0.671229698008789 0.4305684781085855 0.37607383091985797 0.40897255571873925
0 0.7138911267247143 0.38062228133584414 0.9677719100569713 0.3991981942837809 0.9613140232630903 0.4488451492627579 0.7074332399308333 0.4302692363148211
0 0.03622382547255921 0.386465012873806 0.31424664284420195 0.40680734672534796 0.3068010811529832 0.4640473507507183 0.02877826378134049 0.4437050168991763
0 0.3750101940804371 0.4171497002360695 0.6545905371578734 0.43760599490632823 0.6464611999441507 0.5001027297578948 0.3668808568667144 0.47964643508763616
0 0.6879449939327058 0.44712216064557175 0.9620739080553451 0.46717958593951514 0.9557679748071369 0.5156583521468872 0.6816390606844975 0.49560092685294377
0 0.025093405073692166 0.4599453407745822 0.30934644391453536 0.4807435265820667 0.30167295962131924 0.5397357544418314 0.01741992078047599 0.5189375686343469
0 0.35755456488197673 0.4848604649453484 0.659719416293005 0.5069692197004955 0.6514381332501212 0.5706340840006541 0.34927328183909295 0.548525329245507
0 0.6992849988532177 0.5110433956020113 0.9804229269594606 0.5316136554315245 0.9725974891205716 0.5917740720628941 0.6914595610143288 0.5712038122333809
0 0.020136239928745785 0.5403634206384605 0.31451334416478 0.5619023626189484 0.3082833876894081 0.6097970344405179 0.013906283453373854 0.5882580924600301
0 0.3490833951829617 0.5620731654077503 0.6489119580352997 0.5840109789348223 0.6419982260374237 0.6371623815825882 0.34216966318508585 0.6152245680555163
0 0.6808986829176943 0.5798653708438056 0.9698242988759184 0.6010054391074404 0.9623027681283749 0.6588294781956001 0.6733771521701508 0.6376894099319653
0 0.006954368181964175 0.6054386198060567 0.2818621341420196 0.6255530320201652 0.2741126730759671 0.6851293542657324 -0.0007950928840883501 0.665014942051624
0 0.34401221731931275 0.6312797273295823 0.6158048132217551 0.6511662092251816 0.6091190115423881 0.7025653287155401 0.3373264156399459 0.6826788468199407
0 0.6770051771594336 0.6521062479524753 0.9729398071012615 0.6737591507516798 0.9664059435345441 0.7239902001164593 0.6704713135927164 0.7023372973172548
0 0.0053781920313387965 0.6719526961849951 0.26704672253858996 0.6910984219075911 0.2593732382453738 0.7500906497673558 -0.002295292261877388 0.7309449240447599
0 0.34859023425855007 0.698833686386715 0.6009134325620006 0.7172956341753972 0.5932399482687843 0.776287862035162 0.34091674996533394 0.7578259142464796
0 0.6674132719088036 0.719802731050611 0.9586752654102377 0.7411137470531276 0.9530531076845333 0.7843357824343031 0.6617911141830994 0.7630247664317866
