0 -0.07316900723166923 0.174052676965509 0.20854558024704534 0.12935338508378985 0.22231166836995594 0.178155850768021 -0.059402919108758626 0.22285514264974018
0 0.2668284322135227 0.10630932261515906 0.517921896768615 0.06646864499107898 0.5394617746946014 0.1428301460899999 0.2883683101395091 0.18267082371407997
0 0.5657386422322332 0.08287537234521712 0.8451565930091192 0.03854048486016086 0.865400837587815 0.11030880731559678 0.5859828868109292 0.15464369480065304
0 -0.048464332562030185 0.23611563045573142 0.23784347000638964 0.19068753903328647 0.253067138705552 0.2446573060902396 -0.03324066386286785 0.29008539751268453
0 0.2731020294392474 0.18809231635198806 0.5379749643215982 0.14606526786353038 0.5543323109145563 0.2040540616777554 0.28945937603220545 0.24608111016621304
0 0.5988641390877875 0.1436021895603207 0.8522541237168039 0.10339712604477767 0.8679636567203168 0.15908934147112622 0.6145736720913004 0.19929440498666928
0 -0.045267894464146474 0.306989826807117 0.24946067608850275 0.2602256229406413 0.26614193770071676 0.31936273510578067 -0.028586632851932463 0.3661269389722564
0 0.2977624307293585 0.24716305650761775 0.5603388163808092 0.20550039853692303 0.5750766290001543 0.257747746381457 0.3125002433487036 0.2994104043521517
0 0.5975116147286057 0.21819737923244267 0.8608534584764042 0.17641326700842697 0.875429317698388 0.2280864702559918 0.6120874739505895 0.26987058248000756
0 -0.021093309630654873 0.3643381262323894 0.2445451708189723 0.3221896096117108 0.2612264324311863 0.38132672177685023 -0.00441204801844087 0.4234752383975288
0 0.3171526723232296 0.31306846717429165 0.578197995997104 0.2716487408417389 0.5958509697689525 0.33423069143171674 0.33480564609507807 0.3756504177642695
0 0.6401916761462233 0.28160709954483154 0.8928161152079636 0.24152350416150944 0.9064202499335128 0.2897518252487715 0.6537958108717725 0.32983542063209365
0 0.0062468823100714135 0.4385796235003484 0.2734164538942512 0.3961881706152278 0.2858869025014714 0.44039743578824186 0.018717330917291643 0.48278888867336245
0 0.3326568492835211 0.3963860681571074 0.6227922339034413 0.3503506592050576 0.6354246400202894 0.39513408355352886 0.34528925540036925 0.44116949250557874
0 0.6560631083454117 0.33787348339923723 0.9056254817659516 0.2982757420395991 0.9193915740011289 0.3470782223023184 0.6698292005805889 0.38667596366195656
0 0.012166505479897012 0.4964250176536506 0.28546026666042973 0.45306184746856226 0.30133175717357064 0.509328222070368 0.028037995993037843 0.5526913922554564
0 0.3475566257664489 0.44920754370697247 0.6223814197675818 0.4056014465100421 0.639710494969241 0.4670351370630578 0.36488570096810813 0.5106412342599882
0 0.658008173953178 0.4071467240441246 0.927474265611282 0.36439088526754104 0.9409164428272034 0.412045047179346 0.6714503511690993 0.45480088595592943
0 0.031041645590644578 0.5690104309226858 0.3104596546814827 0.5246755341850295 0.3268170012744408 0.5826643279992545 0.04739899218360269 0.6269992247369107
0 0.3580844168680727 0.5177188310832862 0.6551095658085984 0.4705902320727475 0.6727625395804468 0.5331721826627254 0.37573739063992123 0.580300781673264
0 0.6944754136005916 0.4655437561554398 0.9708312987362772 0.4216947226940675 0.9875125603484912 0.48083183485920694 0.7111566752128056 0.5246808683205793
0 0.05858804972977192 0.6468182884353564 0.347957917939392 0.6009043429892276 0.3612381376456854 0.6479843457255753 0.07186826943606531 0.6938982911717042
0 0.38099337851511933 0.5932632218140258 0.6757219782247449 0.5464990133212502 0.6904597826195565 0.5987463320088079 0.3957311829099312 0.6455105405015835
0 0.7045616324681474 0.535324820762289 0.9885727400207861 0.4902611429891069 1.0046061715944883 0.5471016184524174 0.7205950640418497 0.5921652962255997
0 0.0721336936487087 0.7118514531521793 0.34236538918804116 0.6689741369907749 0.3588846932906272 0.7275370899804571 0.08865299775129475 0.7704144061418614
0 0.40393160836849373 0.6604052175738113 0.6711011216387212 0.6180137739412906 0.685353053504649 0.6685386151024767 0.41818354023442167 0.7109300587349974
0 0.7298406643706166 0.6050945664464638 1.020741565400837 0.5589376939884929 1.0346696151456423 0.6083143334266693 0.7437687141154217 0.6544712058846404
0 0.09732429093665068 0.7756368457591972 0.3545419450880961 0.7348244508351494 0.3708992916810541 0.7928132446493743 0.1136816375296088 0.8336256395734222
0 0.43540833631335013 0.723792993742366 0.6834396185993374 0.6844381886471699 0.6997969651922956 0.7424269824613949 0.45176568290630825 0.781781787556591
0 0.7478617786935179 0.6718170410829106 1.0341695229479853 0.6263889589130656 1.0461541154753884 0.6688758048736604 0.7598463712209209 0.7143038870435053
