0 -0.1186306853114191 0.22474607261292298 0.15453900903188061 0.15644468667720027 0.17557385898422675 0.2037668887451641 -0.09759583535907296 0.27206827468088685
0 0.20897421654130635 0.1286061430374694 0.45245157984716383 0.06772881402868713 0.48536493156477434 0.14177413806205427 0.24188756825891672 0.2026514670708365
0 0.5024350481675322 0.07997559322813645 0.7733777667923537 0.012231024286271416 0.804311365597577 0.08182248876861417 0.5333686469727555 0.1495670577104792
0 -0.08472835430798648 0.2843161674920178 0.19289523492708066 0.21490116170673212 0.21615729630224798 0.2672339319145969 -0.06146629293281916 0.3366489376998825
0 0.22753647529614274 0.20933273956145954 0.48437535364173584 0.1451145934184455 0.5093696968516095 0.20134448631586366 0.25253081850601644 0.2655626324588777
0 0.5445027808861949 0.13750405407457975 0.7902070068201525 0.07606993634824458 0.8142114782865503 0.13007291007237348 0.5685072523525925 0.19150702779870865
0 -0.07086803817084321 0.35446485200084554 0.21492090251788834 0.2830082404573578 0.24041019416674667 0.34035162121401513 -0.04537874652198487 0.4118082327575027
0 0.2609437368835848 0.26593356214034336 0.515555724328483 0.20227221178395843 0.5380753881796665 0.25293480674815344 0.2834634007347683 0.31659615710453837
0 0.5544042479858291 0.2117356130632736 0.8097584758524367 0.14788867824949806 0.8320306717677513 0.19799454342037073 0.5766764439011435 0.2618414782341463
0 -0.03820313798211662 0.40939547459614806 0.21937806560296924 0.3449917227885148 0.24486735725182765 0.4023351035451721 -0.01271384633325828 0.46673885535280535
0 0.2901449674333134 0.32977212655938176 0.5432723326718206 0.26648198046315913 0.5702464193686467 0.3271657117071558 0.31711905413013936 0.3904558578033786
0 0.6063697302250519 0.2711195696329122 0.851331630919517 0.20987105757119628 0.8721190129359941 0.2566365298458378 0.6271571122415289 0.31788504190755373
0 0.0001537415585369691 0.4808425361394464 0.2592195956226083 0.41606757300257463 0.27827468323713245 0.45893589431506826 0.01920882917306109 0.5237108574519399
0 0.3181099613009568 0.41124075922224157 0.5994450353705152 0.3408977604592407 0.6187475972045318 0.38432282570135384 0.33741252313497316 0.4546658244643547
0 0.6306216193657531 0.325679301424813 0.8726143321926249 0.26517318374526927 0.8936491884285944 0.31249539994953035 0.6516564756017225 0.37300151762907413
0 0.014755672744530534 0.5378150426080407 0.27975995908897694 0.47155527656867235 0.3040119047748669 0.5261149942224208 0.03900761843042048 0.5923747602617893
0 0.3408771009406832 0.46246006630892356 0.6073659812189262 0.39582910307846914 0.6338451446112606 0.45539940300841564 0.3673562643330176 0.5220303662388701
0 0.6429972410120142 0.394343409285514 0.9042899577041859 0.32901165743108934 0.9248298655011706 0.3752203857761114 0.6635371488089989 0.440552137630536
0 0.04445212356285519 0.6083344552801653 0.3153948987328656 0.5405898722001479 0.34038924194273934 0.5968197650975661 0.06944646677272891 0.6645643481775835
0 0.3616655482601011 0.5296393123410421 0.6496814081221219 0.4576258979418491 0.6766554948189478 0.5183096291858459 0.38863963495692705 0.5903230435850388
0 0.6880340704629089 0.44927365243260453 0.9560076012201374 0.3822714778729116 0.9814968928689956 0.4396148586295689 0.7135233621117673 0.5066170331892619
0 0.08355152631907121 0.6833075224515349 0.36414430342173143 0.6131501222840771 0.384436736999224 0.6588021066994796 0.10384395989656368 0.7289595068669373
0 0.39581602440287816 0.6027566705147197 0.6816049933642042 0.5313000519021558 0.7041246446481412 0.5819626185937564 0.4183356756868152 0.6534192372063202
0 0.7085751975270076 0.5177519778504289 0.9839717544984077 0.4488938031971534 1.0084711492692968 0.5040102082353325 0.7330745922978966 0.5728683828886081
0 0.10681414392070787 0.7467750417196882 0.3688492423975611 0.681257670062492 0.39409105982692716 0.7380443068895297 0.13205596135007389 0.8035616785467261
0 0.4287289094566192 0.6675230299296977 0.6877947069755015 0.6027480809309784 0.7095719356009614 0.6517404158337203 0.4505061380820791 0.7165153648324397
0 0.7442100114793176 0.5849307430975028 1.0262873825157746 0.514402145738959 1.0475697129712362 0.5622811058728395 0.7654923419347793 0.6328097032313835
0 0.1414589415605597 0.8080153259768948 0.3908747371467923 0.745653194065616 0.41586908035666603 0.8018830869630342 0.1664532847704334 0.8642452188743132
0 0.4695595884618452 0.7278351986688384 0.7100676508097318 0.667700292318533 0.7350619940196056 0.7239301852159512 0.49455393167171907 0.7840650915662566
0 0.7721740673386038 0.6496972309682667 1.049797600028482 0.5802822393211333 1.0681102901190223 0.6214803853899573 0.7904867574291442 0.6908953770370906
