0 -0.13344232467184697 0.2085283367221443 0.16764008451069332 0.1392071090978871 0.1956213324914812 0.2075681622201051 -0.10546107669105907 0.2768893898443623
0 0.22078136627728545 0.09040292306318364 0.5021504359907336 0.02562049561752696 0.5426208967953051 0.12449397412861853 0.261251827081857 0.1892764015742752
0 0.5482557492375763 0.021560554333294225 0.8031734049686788 -0.037131698350468804 0.8429365881013561 0.0600138284075876 0.5880189323702536 0.11870608109135061
0 -0.09782173757629138 0.2749330026932313 0.20734284401860636 0.20467189550654194 0.23698913204372937 0.2771008118991748 -0.06817544955116832 0.34736191908586406
0 0.23858244602597145 0.1829963810008739 0.5331421371988804 0.11517694426869221 0.5648116578945096 0.19254882518392416 0.2702519667216006 0.26036826191610585
0 0.5935526897298616 0.09036309560099579 0.8328111441669541 0.035276218137470214 0.8639240383493476 0.11128820350170032 0.624665583912255 0.16637508096522588
0 -0.08326693489144754 0.3528346090916061 0.22870443928612255 0.28100630567018603 0.259935769914002 0.3573076433945052 -0.05203560426356806 0.42913594681592526
0 0.2732654517236518 0.24751898191702545 0.564350521408895 0.18049954219466105 0.5927913523592659 0.24998340355685847 0.30170628267402283 0.31700284327922285
0 0.6000423984236816 0.17724685637508325 0.8658701018079275 0.11604267382199161 0.8945477969031947 0.18610521853680834 0.6287200935189486 0.2473094010899
0 -0.04912318063664455 0.41473774447855916 0.23115238288259415 0.35020708594893823 0.26119660570311565 0.42360819778139186 -0.019078957816122965 0.4881388563110128
0 0.3026552749245179 0.31993181891063566 0.5909779181052344 0.25354840039268334 0.6231868588672994 0.33223813974804345 0.3348642156865828 0.39862155826599577
0 0.6548864722443947 0.24593310886761233 0.8962865258847263 0.1903531495058426 0.9225364502267281 0.2544844017512707 0.6811363965863965 0.3100643611130404
0 -0.009624541997332372 0.4927284507438404 0.27122760373123384 0.4280650399000428 0.2942060117092895 0.4842036427790281 0.013353865980723304 0.5488670536228257
0 0.32966910989581955 0.41026438189952813 0.6483828605885015 0.33688371340171086 0.6724724662651749 0.3957370860063587 0.353758715572493 0.4691177545041759
0 0.6784108691927466 0.30884713675448766 0.9218464249838647 0.25279852328467006 0.9477095395391073 0.3159847596251967 0.7042739837479891 0.3720333730950143
0 0.00488329137240008 0.5544392743758064 0.2909510587976349 0.4885750185546538 0.31851931707091374 0.5559270955456663 0.0324515496456789 0.621791351366819
0 0.3522868589365488 0.4679578028194375 0.653128156584474 0.39869208872590856 0.6835548948684513 0.47302772499184426 0.38271359722052617 0.5422934390853732
0 0.6872387395697915 0.3867574125226457 0.9517501158556304 0.3258563011807364 0.9767023907360344 0.3868172629573759 0.7121910144501954 0.44771837429928524
0 0.034802006470262416 0.6301746593494021 0.32606670610064886 0.563113861620274 0.35368032735464805 0.6305767650167754 0.06241562772426157 0.6976375627459035
0 0.3716450161538024 0.5415705981918757 0.6954481774952568 0.4670181435541283 0.7258901281207122 0.5413909451275088 0.40208696677925776 0.6159433997652562
0 0.7330262906875086 0.44855249452715557 0.9788088021679234 0.3919635178723764 1.0082241413108677 0.4638282025047252 0.7624416298304528 0.5204171791595044
0 0.07411339267222694 0.709912866958769 0.3747219548686255 0.6407007378862158 0.39713427016388236 0.6954563183929511 0.0965257079674838 0.7646684474655041
0 0.40535279873839414 0.6217501622295635 0.7250305112382013 0.548147551121302 0.750226970729092 0.6097050808973591 0.4305492582292848 0.6833076920056206
0 0.7508700388469546 0.5254618723483372 1.0091145950085354 0.4660036339577022 1.0368404342480029 0.5337406973799156 0.778595878086422 0.5931989357705507
0 0.09721526497471716 0.7775141395807759 0.3763727353619734 0.7132409108648652 0.402672153747914 0.777493082126102 0.12351468336065775 0.8417663108420128
0 0.43792492199322386 0.6927132655472903 0.7261744596324278 0.6263466788525506 0.7496820605987463 0.6837781543727917 0.46143252295954257 0.7501447410675313
0 0.7855204220001003 0.6001324583154356 1.0400303847074122 0.5415340728920675 1.063856132933374 0.5997428147348143 0.809346170226062 0.6583412001581825
0 0.13180682510255962 0.842011164911221 0.396509255855033 0.7810660651801986 0.42185952092265 0.8429993577245319 0.15715709017017662 0.9039444574555543
0 0.47861926976406494 0.7579898630703092 0.7454362056550937 0.6965579195797315 0.7712836472421902 0.7597058652547113 0.5044667113511615 0.8211378087452892
0 0.8117120888435173 0.6718376437896068 1.0691084098969692 0.61257470308896 1.089258622610067 0.6618037354269695 0.8318623015566151 0.7210666761276161
