0 -0.10014507778648658 0.20261516026893742 0.17711170445052402 0.14430859083173503 0.1950684402113739 0.19233881433538805 -0.08218834202563668 0.2506453837725904
0 0.2332794160097701 0.11847840966606255 0.48039961892985433 0.0665095050476058 0.5084966275196935 0.1416626743277533 0.26137642459960914 0.19363157894621008
0 0.5295342990226768 0.08055610265553316 0.8045307861588362 0.022724868942070417 0.8309377470421289 0.09335754128121863 0.5559412599059695 0.15118877499468136
0 -0.07012623350156107 0.2633459558856605 0.2116510815459501 0.20408872707023853 0.23150911192471976 0.25720448542060237 -0.05026820312279135 0.31646171423602437
0 0.24661103676082632 0.19978414525158145 0.5072926659388063 0.14496329870624497 0.528629486384518 0.20203448739629556 0.2679478572065381 0.256855333941632
0 0.5678407144730022 0.13954402247852282 0.8172210977115337 0.08709980627484577 0.8377128983270588 0.1419107572552471 0.5883325150885272 0.19435497345892416
0 -0.06080850575492485 0.3339155145807233 0.22925632843089963 0.2729154363886281 0.2510156695199354 0.33111677262910433 -0.03904916466588908 0.39211685082119957
0 0.27632698418667007 0.25753117884634014 0.5347484043506018 0.20318564992085378 0.553972675220847 0.2546062443367812 0.29555125505691526 0.3089517732622676
0 0.5729407838742461 0.21404798406938375 0.8321155496516582 0.15954402800654038 0.8511285655643569 0.21039956299505547 0.5919537997869446 0.2649035190578989
0 -0.03172628015831956 0.38996736084130035 0.22970878071994416 0.33498806905471734 0.25146812180897987 0.39318940529519353 -0.009966939069283783 0.44816869708177653
0 0.3013748128469797 0.3223548146874336 0.5582893983059449 0.2683261702098105 0.5813162584120296 0.3299178343191596 0.32440167295306455 0.38394647879678273
0 0.6210136259942886 0.27524846789076773 0.8696405775325362 0.22296269692833726 0.8873860583358394 0.27042786100457794 0.6387591067975917 0.3227136319670084
0 0.0019755313227490016 0.4627228866837003 0.26491745560158025 0.40742670441462425 0.2811841356097108 0.45093640945557717 0.01824221133087948 0.5062325917246533
0 0.32405027190851293 0.40474299256834617 0.6095946019794379 0.34469356771984067 0.6260725423092304 0.38876834653600645 0.3405282122383054 0.4488177713845119
0 0.6417166295402735 0.33062450471564153 0.8873299690597902 0.27897249057967793 0.9052867101847556 0.32700272843113143 0.6596733706652389 0.37865474256709514
0 0.012884198992824475 0.5201586226028798 0.2818534047003197 0.46359491461161034 0.30255646563750693 0.5189709393672245 0.03358725993001158 0.5755346473584939
0 0.34348580671998985 0.45672862904657047 0.6139618184368506 0.39984804264206764 0.636566179356073 0.46030961659219316 0.3660901676392122 0.5171902029966959
0 0.6496471947737025 0.39965733868288467 0.9148492993709809 0.34388584482858825 0.9323835198526221 0.3907859351296162 0.6671814152553437 0.44655742898391254
0 0.03799558549281282 0.5916732531651041 0.3129921300201742 0.5338420073823816 0.33432895046588584 0.5909131960724322 0.059332405938524485 0.6487444418551547
0 0.3599151514133942 0.5245836874123531 0.6522402233088679 0.4631082855657779 0.6752670834149528 0.524699949675127 0.38294201151947904 0.5861753515217022
0 0.691086878342172 0.4561578494603229 0.9630697534596 0.39896037257332706 0.9848290945486359 0.4571617088138033 0.7128462194312077 0.5143591857007992
0 0.07221153444270936 0.6679776034741957 0.3570024615089515 0.6080866178323069 0.3743254216689307 0.654421634358122 0.0895344946026885 0.7143126200000107
0 0.38930771199256414 0.5988548799650387 0.6793725748739896 0.5378547957383136 0.698596835016004 0.58927536145864 0.40853197213457854 0.6502754456853651
0 0.7071853693698187 0.5253014885485181 0.9867023319252763 0.46651960752609545 1.0076166317276638 0.5224606486657204 0.7280996691722061 0.581242529688143
0 0.09135164994241916 0.732215084861571 0.35730724363118344 0.6762851336967683 0.3788553243985571 0.7339213961620318 0.11289973070979284 0.7898513473268345
0 0.4180029802995621 0.6647399395404432 0.6809448471871913 0.6094437693406267 0.6995353263642193 0.6591691137353146 0.43659345947659023 0.7144652839351311
0 0.7384437167293696 0.5936949207870342 1.0247414498049772 0.5334870567319121 1.0429094512516046 0.5820823683585784 0.7566117181759969 0.6422902324137005
0 0.12200432185530206 0.794641061039072 0.3751518062040504 0.7414046306984219 0.3964886266497621 0.7984758193884725 0.1433411423010137 0.8517122497291225
0 0.4548941725063095 0.7264634063797615 0.6990006486252587 0.6751282827262909 0.7203374690709703 0.7321994714163416 0.4762309929520211 0.783534595069812
0 0.7621959459303436 0.6594004891729176 1.0439732035866527 0.6001432724267554 1.0596061240862586 0.641957813533272 0.7778288664299495 0.7012150302794342
