0 0.18869077505179851 0.013664852306598725 0.46651555127262306 0.07043024105768614 0.4490334545551506 0.11855886027152235 0.17120867833432601 0.06179347152043493
0 0.5323976090472974 0.0699017578851927 0.7800240675309247 0.12049700130475526 0.7526697294050528 0.19580413092329835 0.5050432709214254 0.14520888750373578
0 0.8125649959055615 0.1514754750655895 1.088124846538199 0.20777809234159605 1.0624158841563642 0.27855546423552396 0.7868560335237267 0.2222528469595174
0 0.1728614869627985 0.07733723370005766 0.4552160568512226 0.13502815365106627 0.4358829212343888 0.1882527260435802 0.15352835134596476 0.1305618060925716
0 0.48816083811586736 0.14480065812341747 0.7493765050759685 0.19817245989202184 0.7286036673150803 0.25536056580070104 0.46738800035497907 0.20198876403209665
0 0.8050402676692524 0.21684463557309624 1.0549315367235172 0.26790262696725853 1.0349813829179006 0.32282586479652536 0.7850901138636359 0.2717678734023631
0 0.1325324556482558 0.14147795077147723 0.42319152265826676 0.2008656524634868 0.40200733247508436 0.25918622116625956 0.11134826546507341 0.19979851947424998
0 0.47411484748009647 0.20579617400890346 0.7330656751151728 0.2587052219277879 0.7143495472424636 0.3102311576379362 0.45539871960738737 0.25732210971905184
0 0.7583981386901812 0.28273666244921686 1.0181038552581576 0.3357999499011007 0.9995933983742664 0.386759668591396 0.7398876818062899 0.33369638113951217
0 0.11910352111051982 0.20077482441008443 0.38107416326668336 0.2543008833370491 0.35988997308350096 0.31262145203982183 0.0979193309273374 0.2590953931128572
0 0.4512175558053095 0.2710656299251007 0.7086584618026484 0.3236661694023848 0.6862402561312168 0.3853840114698886 0.4287993501338779 0.3327834719926045
0 0.7577383178377896 0.3537661689029678 1.006874611695992 0.4046699031387698 0.9895981859673373 0.45223230533275294 0.7404618921091349 0.40132857109695097
0 0.09820018014768118 0.27618355506879916 0.3616807726959695 0.33001812831248445 0.34584405955602776 0.3736169682359149 0.08236346700773946 0.3197823949922296
0 0.41425696887737573 0.35049240941057064 0.7003862709741746 0.4089545857777793 0.6843438816230859 0.4531196570982566 0.3982145795262869 0.3946574807310479
0 0.7375824303122509 0.40925562637904084 0.9836989384037534 0.4595423554818829 0.9662168364639518 0.5076709890729127 0.7201003283724492 0.45738425997007076
0 0.06822991306186414 0.32966769948300384 0.33775013465232706 0.38473629474284976 0.3175943046355634 0.4402257639691634 0.048074083045100455 0.3851571687093175
0 0.39533518961537156 0.40258455070093857 0.6663653040891844 0.4579616485272645 0.6443584299507301 0.5185470853094496 0.37332831547691747 0.46316998748312366
0 0.6971154603001579 0.47154345548485493 0.9628608634190838 0.52584077670314 0.9457901139015761 0.5728369475000763 0.6800447107826504 0.5185396262817913
0 0.04080535283114493 0.4007027943323782 0.3163652609725572 0.4570054233586254 0.2955924232116689 0.5141935292673045 0.02003251507025664 0.4578909002410574
0 0.3629670405137183 0.46713539294480033 0.6558909756031416 0.5269858543616501 0.63347276993171 0.5887036964291541 0.3405488348422867 0.5288532350123042
0 0.6939825164377231 0.5359851984697354 0.9665225813036606 0.5916708106127818 0.9453383911204781 0.6499913793155545 0.6727983262545407 0.594305767172508
0 0.017913029049065537 0.4793546045813588 0.3032873847041895 0.5376625296653275 0.28642231139782903 0.5840924690652171 0.0010479557427050896 0.5257845439812483
0 0.3373282936930309 0.5421847751045462 0.6279873894574293 0.6015724826716761 0.6092712720293785 0.6530983896274372 0.31861217626498006 0.5937106820603073
0 0.6604480972264881 0.6015142580995709 0.9405376840179502 0.6587423948252581 0.9201761986793561 0.7147980379398438 0.6400866118878941 0.6575699012141566
0 -0.009651949279702686 0.5418455580064273 0.2568484865440603 0.5962971481333131 0.23586997257202497 0.654051485439039 -0.030630463251738054 0.5995998953121532
0 0.31683382710493563 0.6097699133406971 0.5803143621444491 0.6636044748341418 0.5622152733498396 0.7134316875987623 0.29873473831032604 0.6595971261053176
0 0.6404351986218345 0.6722389438074462 0.9273194471603083 0.7308553714578949 0.9096316690093595 0.7795502364459717 0.6227474204708858 0.7209338087955228
0 -0.02609819804871075 0.6072166165868796 0.2275678894770911 0.6590458820226028 0.20679505171620283 0.716233987931282 -0.04687103580959904 0.6644047224955588
0 0.30622155205627166 0.6769411678255821 0.5508281097556494 0.7269193826117035 0.5300552719947612 0.7841074885203827 0.28544871429538343 0.7341292737342613
0 0.6158223051656276 0.7377660909871423 0.8981768175452768 0.7954569991879105 0.8829571121494596 0.8373572024289753 0.6006025997698106 0.7796662942282073
