0 -0.11763996405852202 0.20542884857975907 0.14634342245559112 0.14446938657492242 0.169368714036938 0.20055650601559402 -0.09461467247717513 0.26151596802043064
0 0.20961952901993489 0.12310311899005802 0.435463610512903 0.07095084574822738 0.4566468736228357 0.12255098310121003 0.2308027921298677 0.17470325634304068
0 0.5044369811857567 0.057479563194981986 0.756455139098314 -0.0007168692573235802 0.7695795554166114 0.0312527891086873 0.5175613975040542 0.08944922156099289
0 -0.07493693053020982 0.2735510626929009 0.1793246472191736 0.21483657617624766 0.19751462721764856 0.25914539967989403 -0.05674695053173484 0.31785988619654726
0 0.21688531952869988 0.19265410865642948 0.4793730168641093 0.13204003356727798 0.496872234724183 0.17466623522769006 0.23438453738877346 0.23528031031684155
0 0.5306247903926172 0.10731000345163644 0.7661907091331224 0.052912748144327386 0.7871437259922339 0.10395203053810348 0.5515778072517289 0.15834928584541255
0 -0.05127993559728831 0.32519400914825786 0.2089642849356804 0.2650980012780441 0.22853578336447367 0.3127720542267553 -0.031708437168495016 0.3728680620969691
0 0.25532765945152214 0.24640916202760643 0.5567024209490065 0.17681522444949138 0.5771949336135069 0.22673276844204707 0.27582017211602244 0.29632670602016215
0 0.5661368893189958 0.17586468082037096 0.8189027778896755 0.1174955812194029 0.8393952905541759 0.16741312521195859 0.5866294019834961 0.22578222481292667
0 -0.018820178569194445 0.38033057783910723 0.22646746348761837 0.3236883667754998 0.24695997615211876 0.3736059107680555 0.001672334095305909 0.4302481218316629
0 0.27444263993713364 0.3089256267141441 0.5593651622625659 0.24313086628102554 0.5807786833162889 0.295291887076022 0.2958561609908566 0.3610866475091406
0 0.5923857219555906 0.23980399755239276 0.8436559213475667 0.1817802848671098 0.8625366517914743 0.22777170173118308 0.6112664523994981 0.285795414416466
0 -0.003444392547534676 0.4437105032375627 0.2351128191019557 0.38862249383076836 0.2590591307654941 0.4469531185566881 0.020501919116003697 0.5020411279634824
0 0.3001148300645822 0.36747173263817523 0.6014895915620667 0.2978777950600602 0.6233636051174319 0.3511605257734698 0.32198884361994756 0.42075446335158484
0 0.6211063159257821 0.2958040274985667 0.8761157382645176 0.2369168475240709 0.8975292593182403 0.28907786831906745 0.6425198369795051 0.34796504829356323
0 0.016365256725970265 0.5238737738796702 0.3184878628128065 0.45410714284371245 0.3346055680890462 0.49336812930046337 0.032482962002209965 0.563134760336421
0 0.33522345028168526 0.4330493694592025 0.6149111744128841 0.3684634369218019 0.6342524207443716 0.415576620669903 0.35456469661317286 0.4801625532073036
0 0.6548334235590513 0.35801644911593283 0.9038602031142013 0.30051079049499757 0.9271157409463694 0.3571587648948757 0.6780889613912194 0.414664423515811
0 0.059926325187074525 0.5721485422765762 0.3201705457200432 0.5120525344063624 0.3367487551908942 0.5524352592643337 0.07650453465792556 0.6125312671345475
0 0.3591717605426153 0.4993620446038927 0.6209115848058657 0.43892066954987874 0.6391015531113718 0.4832294645707178 0.3773617288481214 0.5436708396247316
0 0.6534145377654405 0.43632736676834627 0.9503023456580434 0.3677695636281066 0.9671108013797156 0.40871314344528437 0.6702229934871127 0.47727094658552405
0 0.07397767522936642 0.6303079229288899 0.3424479868655538 0.568312333063473 0.36317073408790645 0.6187907035324278 0.09470042245171902 0.6807862933978448
0 0.37673392337631206 0.5640791753602763 0.6287520528060621 0.5058827494852658 0.6485538150251299 0.5541177001173945 0.39653568559538 0.6123141259924051
0 0.6888085249646498 0.49262846872138666 0.964009295490967 0.4290786706218615 0.9849623006571098 0.4801179245328303 0.7097615301307927 0.5436677226323554
0 0.09873083547709603 0.6945925915164944 0.35523589002892025 0.6353600377809037 0.3768796690264333 0.688081942017914 0.12037461447460904 0.7473144957535048
0 0.40441938677959127 0.6215463492402207 0.6639157627232082 0.5616230348278495 0.6878620743867465 0.6199536595537691 0.42836569844312977 0.6798769739661403
0 0.7268513724296262 0.5593706316839032 0.9781216857528316 0.5013468926894402 0.9956209153058742 0.5439731228326596 0.7443506019826688 0.6019968618271225
0 0.13027152027606742 0.7554677716290165 0.41070708899661806 0.6907091456337733 0.43879795010462697 0.759135444453484 0.15836238138407632 0.8238940704487273
0 0.4501727289046971 0.6951045750562119 0.7104169494376659 0.6350085671859982 0.7283766948782886 0.6787565642132454 0.46813247434531985 0.738852572083459
0 0.7608088066652691 0.6221439520715005 1.0382529970284122 0.5580760999076276 1.0585152283631847 0.6074327034925547 0.7810710380000413 0.6715005556564276
