0 0.11295836533606121 0.03406976808923885 0.38612973527239886 0.06472773519179646 0.3745497670671066 0.12276697567472791 0.10137839713076896 0.0921090085721703
0 0.45550290431171164 0.06598620555782132 0.6892075246975464 0.0922148274122068 0.6785539565361737 0.14561091568787515 0.4448493361503388 0.11938229383348965
0 0.7591652631069892 0.10243971599829874 1.01995495277227 0.13170808965073416 1.013354370836447 0.16479045702074666 0.7525646811711658 0.1355220833683112
0 0.11218123515643592 0.10934288877387655 0.3752924272399588 0.13887180416896808 0.3661442525341981 0.18472280326625923 0.10303306045067523 0.15519388787116772
0 0.4219498598790137 0.13105362583588717 0.6935734829387743 0.1615378896223314 0.6847727089845674 0.2056477029576294 0.4131490859248069 0.17516343917118518
0 0.7540444903874178 0.15586336230721154 0.9978093181002233 0.1832210391769416 0.9872715462689198 0.23603675184804948 0.7435067185561144 0.20867907497831945
0 0.10373342762104266 0.16357992311813535 0.3730354893142497 0.19380363854616647 0.3631925160457177 0.24313699443036596 0.09389045435251059 0.21291327900233487
0 0.42561541114914475 0.19199062573160944 0.7374795687752287 0.22699107650064698 0.7271733954847369 0.2786460084884781 0.415309237858653 0.24364555771944052
0 0.7465342746489434 0.22919405723333316 1.0080977198558894 0.25854926931231126 0.9977915465653975 0.31020420130014237 0.7362281013584515 0.28084898922116425
0 0.10120816675963325 0.223822136965214 0.3550330839027858 0.25230885561877464 0.34472691061229405 0.30396378760660575 0.09090199346914145 0.2754770689530451
0 0.4068024359084914 0.25455860060918184 0.7016417315820999 0.28764835459551397 0.6908723612099847 0.3416248479498987 0.39603306553637635 0.3085350939635665
0 0.7333331107772967 0.29535879197335807 0.9933488091076658 0.32454030073622286 0.9838532395310241 0.37213245612135126 0.723837541200655 0.3429509473584865
0 0.07852585380169334 0.28595585686038144 0.3253860868451851 0.3136609304387028 0.3133429156775967 0.37402176176234375 0.06648268263410491 0.3463166881840224
0 0.3961911563390987 0.31567350423773965 0.7080553139651827 0.35067395500677717 0.6970543509329288 0.4058111995702827 0.38519019330684484 0.3708107488012452
0 0.7269385402025885 0.35516676151444926 0.9908236057244 0.3847825285675974 0.9800542353522849 0.4387590219219822 0.7161691698304734 0.4091432548688339
0 0.050163785933748845 0.3646604219900392 0.3628018169981213 0.3997477244171334 0.35469583866634946 0.440375195702601 0.04205780760197698 0.40528789327550674
0 0.3900337543829664 0.386189077760891 0.6794560538851792 0.4186708833723402 0.6697288798870529 0.4674238489149014 0.38030658038484016 0.4349420433034521
0 0.7214759338688912 0.42219999298777017 0.9791701297810183 0.45112096000797886 0.9674743652456567 0.5097405760954706 0.7097801693335295 0.4808196090752621
0 0.06160467220435689 0.4223163559223668 0.3309067338975639 0.452540071350398 0.32256915702498046 0.49432832331914234 0.05326709533177339 0.4641046078911113
0 0.37338980210649414 0.4537475884711791 0.6442395222538103 0.4841449972916881 0.6350913534287225 0.5299959669148233 0.36424163328140635 0.4995985580943143
0 0.675041214003235 0.4923489716991747 0.9822622488962118 0.5268283257513859 0.973808875693559 0.5691969533246908 0.6665878408005821 0.5347175992724795
0 0.04073843199903077 0.4793133849266894 0.3185528951943197 0.5104924454381947 0.3081309314544314 0.5627277235564303 0.030316468259142512 0.531548663044925
0 0.3519077851462748 0.5177961466174622 0.6126974453373999 0.5470645169620191 0.6027386669177892 0.5969782926620131 0.341949006726664 0.567709922317456
0 0.67449011816733 0.5545928975610426 0.9592692949364353 0.5865536064556657 0.9487315289858048 0.6393692896526176 0.6639523522166993 0.6074085807579945
0 0.025989556605635993 0.5453043901843235 0.29142231005571245 0.5750938539378282 0.28053713747285514 0.6296507523709293 0.015104384022778656 0.5998612886174246
0 0.343733907484739 0.5785912279616904 0.6122620957396575 0.6087280917316648 0.6002189245720689 0.6690889230553058 0.3316907363171505 0.6389520592853314
0 0.6703068827068701 0.6271101757304443 0.9303226989338629 0.656291697724823 0.9215219190989831 0.7004015405342768 0.6615061028719904 0.6712200185398981
0 0.019326633621071496 0.6104227358874165 0.3095228065615728 0.6429913931569223 0.2953952426460067 0.7137992801042103 0.005199069705505413 0.6812306228347045
0 0.34257259909103205 0.6597550971050117 0.6118746607842391 0.6899788125330428 0.6028422765278749 0.7352494654999294 0.33354021483466784 0.7050257500718984
0 0.6647285272300695 0.6947238483723944 0.9518292064174169 0.7269450990096736 0.9416388470990131 0.7780195669704765 0.6545381679116657 0.7457983163331973
