0 -0.15494560715584574 0.22160758788472976 0.13087769145607678 0.14846849058995504 0.1589848769441956 0.21025418294919668 -0.1268384216677269 0.2833932802439714
0 0.19971160767024754 0.1259810187749342 0.4447851982365874 0.06326933196752557 0.4705251139503314 0.11985125171592782 0.22545152338399152 0.18256293852333644
0 0.5199192644078997 0.048975192127857205 0.7915083555095151 -0.020521525091303408 0.8077463153169432 0.015173033854400142 0.5361572242153279 0.08466975107356076
0 -0.1066948280589061 0.294603275297452 0.17051382115490177 0.22366857380787908 0.1925485968608145 0.2721057918831612 -0.08466005235299341 0.34304049337273407
0 0.2107999035716418 0.2006388301533958 0.49437697538803405 0.12807451805262818 0.515591385055782 0.17470839357419052 0.23201431323938976 0.2472727056749581
0 0.5493836005983574 0.10216641193113887 0.8027465146482291 0.03733357670890822 0.8278782462886415 0.09257857590122924 0.5745153322387698 0.15741141112345988
0 -0.07733654217440554 0.3489951635309255 0.20533969219964648 0.27666136600913754 0.22875431870267865 0.32813179553451355 -0.05392191567137338 0.4004655930563015
0 0.25516015476785403 0.2570774413928174 0.579190745326115 0.17416151045080638 0.6036916120973389 0.22801973177650653 0.27966102153907796 0.3109356627185175
0 0.5893728663511463 0.174651788800948 0.8499610111627218 0.10797009500692202 0.874256815695639 0.16137754503871643 0.6136686708840633 0.22805923883274243
0 -0.038312222267467534 0.4064245708360137 0.22714788542775693 0.33849619432194983 0.2513255288043502 0.39164390049370823 -0.014134578890874229 0.4595722770077721
0 0.2785142407636354 0.32282623620970285 0.5836964339063844 0.24473340674023994 0.6089172206708445 0.30017416841826955 0.3037350275280955 0.37826699788773255
0 0.6190124606662469 0.24178027400679192 0.8804050918429808 0.1748927208345438 0.9025504743209103 0.22357307659401562 0.6411578431441762 0.29046062976626374
0 -0.017812505457402376 0.47254971526478684 0.2395684685163394 0.4066887018739626 0.26739822685932213 0.46786454917245535 0.010017252885580323 0.5337255625632796
0 0.30861589185832183 0.38369328143039355 0.6300551574274577 0.3014404425855713 0.6555211457129568 0.3574202104103152 0.334081880143821 0.43967304925513745
0 0.6507341133780006 0.29998527270880593 0.9074300526294019 0.2342995523100187 0.9321978746614432 0.28874459922256107 0.675501935410042 0.3544303196213483
0 0.008274071020266642 0.5554136930499228 0.33172652690961757 0.47264570053002175 0.35035556162345555 0.5135963609319808 0.02690310573410464 0.596364353451882
0 0.34887862939744263 0.45110268960323807 0.6458614756187825 0.37510798451744476 0.6680991515014212 0.4239912212061568 0.3711163052800813 0.4999859262919501
0 0.687639377237463 0.36405778510646597 0.9373864745460433 0.3001501983637179 0.9639109218915426 0.3584566888652545 0.7141638245829623 0.4223642756080026
0 0.058100507253113776 0.6038327259686848 0.33583446163713093 0.5327636045555438 0.3547263793014349 0.5742921387225887 0.07699242491741769 0.6453612601357296
0 0.376860440582581 0.5190016564779597 0.6536476948628125 0.44817478540387795 0.6742864973361377 0.4935433514176846 0.3974992430559062 0.5643702224917664
0 0.6877182809611229 0.44510872908778326 0.9704213390688985 0.37276806766203735 0.9894405906122126 0.41457650932386647 0.7067375325044368 0.4869171707496124
0 0.07626116059756387 0.6630309848719423 0.3618314812202463 0.5899566219142854 0.3851231492923342 0.6411567621291039 0.09955282866965175 0.7142311250867608
0 0.39774957464859334 0.584890877855128 0.6632269443049522 0.5169580841915139 0.6853893329690404 0.5656758232381403 0.4199119633126815 0.6336086169017545
0 0.7257427859371787 0.5019091300050543 0.997531179354768 0.43236141347425644 1.0208792470807355 0.4836855323658176 0.7490908536631463 0.5532332488966154
0 0.10606858198274123 0.7276223586146454 0.37789358655319416 0.6580652736849649 0.4019705673579202 0.71099170168214 0.13014556278746728 0.7805487866118206
0 0.4289722852850584 0.6425294578268121 0.7012158077955654 0.5728652786732321 0.727749435883267 0.6311919504381539 0.4555059133727602 0.7008561295917337
0 0.7665873481592468 0.5687087069013852 1.0284921970062448 0.5016900827555548 1.0477963562994523 0.5441248134705208 0.7858915074524543 0.6111434376163511
0 0.142620940582332 0.7877924033026595 0.43842619386680337 0.7120990315399421 0.46946463764857743 0.7803282656488127 0.17365938436410608 0.85602163741153
0 0.4793511572364158 0.7150685483971713 0.7508923830634474 0.6455840793851785 0.7707001824122546 0.6891259202214411 0.4991589565852228 0.7586103892334338
0 0.8024774170852561 0.6308610216750037 1.05807770130354 0.565455667574058 1.0803257416089795 0.6143616875129437 0.8247254573906957 0.6797670416138893
