0 -0.11707917181965181 0.2047684806628439 0.14701986828848854 0.1440914543001665 0.1699384797450475 0.20020314603316147 -0.09416056036309284 0.26088017239583894
0 0.2103365411410087 0.12279289264745363 0.4362795670412719 0.0708822498317897 0.4573646844602371 0.1225049936882193 0.23142165855997385 0.17441563650388325
0 0.5052784849015793 0.05748475934195623 0.7574070543294504 -0.0004420390579730515 0.7704706629760771 0.03154162551478695 0.5183420935482059 0.08946842391471624
0 -0.07450572467454104 0.27293630340896774 0.17986724745339794 0.21449385117801845 0.1979729501549157 0.25882208679222596 -0.056400021973023275 0.31726453902317525
0 0.21747006431177401 0.1923515835346965 0.48007275996577325 0.13201834385088923 0.4974909009483442 0.17466322044947394 0.23488820529434495 0.23499646013328124
0 0.5313715086290446 0.10734316108696557 0.7670406310047949 0.05319793759275227 0.7878965689433067 0.10425958077416489 0.5522274465675563 0.1584048042683782
0 -0.050946959355387754 0.3246045023872162 0.2094112766079718 0.2647869296280715 0.2288920969279866 0.31248186902588154 -0.03146613903537296 0.3722994417850262
0 0.255810143146616 0.24614770263852262 0.557316939749705 0.1768762057087306 0.5777145070885167 0.22681561904482336 0.27620771048542764 0.29608711597461534
0 0.566753206102536 0.17593575476175743 0.8196298337763339 0.11783708920967824 0.8400274011151456 0.16777650254577098 0.5871507734413477 0.2258751680978502
0 -0.018592084455696208 0.37977573604941656 0.22680302041439793 0.32339595806393895 0.2472005877532096 0.37333537140003176 0.0018054828831154642 0.42971514938550925
0 0.27480622127637333 0.30868455035765274 0.5598535708273419 0.24319462833357672 0.5811678793655538 0.29537850136030924 0.29612052981458525 0.3608684233843853
0 0.5928804233957891 0.23990308390727746 0.8442607066154458 0.18214820503406837 0.8630539593971172 0.2281597711686127 0.6116736761774603 0.28591465004182176
0 -0.003336838966005497 0.44317204391890075 0.2353248868321694 0.388339266707411 0.2591602511269219 0.44669544662633165 0.020498525328747044 0.5015282238378214
0 0.3003670525151485 0.3672580573663629 0.6018738491182376 0.29798656043657085 0.6236465166173563 0.3512926348133373 0.32213972001426716 0.4205641317431293
0 0.6214944970603982 0.29593377829683204 0.8766156414154077 0.23731943272644762 0.8979299499536195 0.2895033057531801 0.6428088055986101 0.34811765132356454
0 0.016320349625680467 0.5233564227084004 0.3185753184558401 0.4539130324391734 0.3346183476393107 0.4931912195017985 0.032363378809151085 0.5626346097710255
0 0.33535093290649165 0.43287318193441954 0.6151611908491101 0.36858648709910385 0.6344128258692748 0.4157203115742539 0.3546025679266564 0.4800070064095696
0 0.655103265652641 0.3581822133289292 0.90423914617223 0.3009429882867401 0.9273869371092422 0.3576157806947521 0.6782510565896532 0.4148550057369411
0 0.059789573243459744 0.5716777377336195 0.32014780920681923 0.5118601649744748 0.33664920898998996 0.5522605818824198 0.07629097302663046 0.6120781546415645
0 0.35917311692451354 0.4992114062917852 0.6210276118561563 0.4390500664942341 0.6391333029188808 0.4833782736131558 0.3772788079872379 0.5435396134107067
0 0.65353546324974 0.4364915336034405 0.9505533404715497 0.3682513705229738 0.9672839197351738 0.40921288810593565 0.6702660425133641 0.47745305118640247
0 0.07373031162277713 0.6298520894644433 0.3423182426169111 0.568143735799262 0.3629449777973827 0.6186442213150858 0.0943570468032488 0.6803525749802671
0 0.3766121941385302 0.5639472568487356 0.6287407350711154 0.5060204649956277 0.6484507523297737 0.5542765478113836 0.3963222113971885 0.6122033396644916
0 0.6888223508299232 0.4928304379851366 0.9641436893912622 0.4295750769991461 0.9849996156909807 0.4806366916852728 0.7096782771296415 0.5438920526712633
0 0.09836120131838172 0.6941631702467262 0.3549786331369604 0.6352050510911144 0.37652213279441904 0.6879500532881496 0.11990470097584033 0.7469081724437616
0 0.4041883483304206 0.6214439864375342 0.6637984120667096 0.5617983070178245 0.6876337763614622 0.6201544869367452 0.4280237126251732 0.6798001663564548
0 0.7267382409920594 0.5596132261488675 0.9781186381928602 0.5018583210883734 0.9955367908142244 0.544503226182244 0.7441563936134238 0.6022581312427381
0 0.12978609223282253 0.7550720263952493 0.4103445224025116 0.6906134382204986 0.43830523373335845 0.759069715242584 0.15774680356366944 0.823528303417335
0 0.4498017637105306 0.695051078164465 0.7101599996738901 0.6352335054053203 0.7280365345337478 0.6790006688397966 0.46767829857038845 0.7388182415989414
0 0.7605762693329143 0.6224228057529109 1.0381420105943213 0.5586517909359003 1.0583103635362994 0.6080300181111183 0.7807446222748926 0.671801032928129
