0 -0.060670244990606505 0.14710955787912952 0.21170489552579064 0.11269662718449525 0.22470316908912633 0.1705666971178399 -0.04767197142727079 0.20497962781247414
0 0.27817596789974847 0.09775206704812661 0.5111993950318007 0.06831098430864394 0.5231578038056589 0.12155143571649285 0.29013437667360675 0.15099251845597553
0 0.5819349993783707 0.061754458383213716 0.8419645492699375 0.028901317446745872 0.849373565267048 0.06188725760263477 0.5893440153754814 0.09474039853910261
0 -0.030273613951292664 0.21884976711384305 0.23207067173240753 0.18570417348789683 0.24233930764941478 0.23142152785359169 -0.020004978034285442 0.2645671214795379
0 0.2731923282463266 0.1674160094990308 0.5440242331993126 0.1331980571654484 0.5539029189951492 0.17717930091055167 0.28307101404216317 0.21139725324413405
0 0.5991646327976163 0.11373380173732425 0.8422189441506114 0.08302537821612871 0.8540473739513682 0.13568714567594425 0.6109930625983732 0.16639556919713983
0 -0.015870426685008095 0.27237646439538155 0.252646683699353 0.23845097217732725 0.263695216558235 0.28764053309008253 -0.004821893826126076 0.32156602530813677
0 0.30188256603149266 0.22449372296834458 0.6128377139857918 0.18520644463815925 0.6244061792394126 0.23671081481366232 0.3134510312851133 0.27599809314384766
0 0.6223569155839193 0.18519399403430964 0.8831579657042087 0.15224337876941527 0.8947264309578293 0.20374774894491832 0.63392538083754 0.23669836420981272
0 0.0066470468262218915 0.3302340763778151 0.25973212484717645 0.29825832692700616 0.2713005901007971 0.3497626971025092 0.018215512079842615 0.3817384465533182
0 0.30987791743323795 0.28835198654127664 0.6038578268489652 0.25120942562636356 0.615946221196858 0.3050285903704916 0.3219663117811308 0.34217115128540465
0 0.6371749475781407 0.25116587434608745 0.8964327621350189 0.2184102374422449 0.9070913415722637 0.26586367304028563 0.6478335270153854 0.2986193099441281
0 0.010784338707685375 0.394579782140352 0.25692503302276504 0.3634814130361273 0.2704432422813059 0.42366630692634266 0.024302547966226343 0.4547646760305674
0 0.3250692824517998 0.3489205934445232 0.6360244304060989 0.30963331511433784 0.6483727827001948 0.36460984775453253 0.3374176347458957 0.40389712608471795
0 0.6558343926075679 0.3095109321521624 0.9189502960729737 0.27626784934569026 0.9310386904208665 0.3300870140898183 0.6679227869554608 0.3633300968962904
0 0.016376338456329787 0.4760002821115624 0.32810310419233435 0.43661551460085113 0.33720189634676273 0.477124566493017 0.025475130610758092 0.5165093340037283
0 0.3483832095750099 0.41738979608212823 0.6369619120717818 0.3809296445787973 0.6478804626570956 0.4295405068493963 0.35930176016032384 0.46600065835272725
0 0.6783684260893696 0.37450794293683 0.9353115048541144 0.3420447587224658 0.9484397573905516 0.40049351260384386 0.6914966786258069 0.432956696818208
0 0.051101146109352576 0.5281497320072714 0.31961825649371367 0.49422423978921715 0.3289770131952781 0.5358906889656955 0.060459902810916975 0.5698161811837498
0 0.36050482012197355 0.4854877160468915 0.6305650779050083 0.4513672566068599 0.6408337072210825 0.497084581584309 0.37077344943804774 0.5312050410243406
0 0.6632405484319234 0.45199989500577836 0.9695661072489726 0.41329753690664917 0.9790548429236385 0.45554267003116083 0.6727292841065893 0.4942450281302899
0 0.054840208709476125 0.5871896314216304 0.33184490897487734 0.5521917842089649 0.34354334660066643 0.6042748089442554 0.0665386463352653 0.6392726561569211
0 0.36657522901012757 0.5513745174126491 0.6266047495134485 0.5185213801892061 0.6377832712468315 0.5682896691323633 0.37775375074351064 0.6011428063558064
0 0.6884627616822492 0.5113011354520911 0.9724118750417713 0.47542590417981634 0.9842402982415951 0.528087642251386 0.700291184882073 0.5639628735236609
0 0.0681150279275992 0.6533564569931894 0.3327741081799243 0.6199184032517151 0.3449924881018518 0.6743162813321223 0.08033340784952667 0.7077543350735966
0 0.38395145370658157 0.6110719746827971 0.6516969463092372 0.5772439716452686 0.6652151555677781 0.6374288655354841 0.39746966296512254 0.6712568685730124
0 0.7144814268943219 0.5812139592065138 0.9737393590041831 0.5484583074505719 0.9836180514009527 0.592439580583921 0.7243601192910915 0.625195232339863
0 0.08871590511306508 0.7168123318052924 0.37806622539154244 0.6802546911214356 0.3939241221752412 0.7508561899587091 0.10457380189676388 0.787413830642566
0 0.4164194664867898 0.6885016885845967 0.684936576871151 0.6545761963665423 0.6950752404159897 0.6997148961724498 0.42655813003162857 0.733640388390504
0 0.7371455113275829 0.6467897052896566 1.0234093604792383 0.6106220213279036 1.034847826956958 0.6615476193906358 0.748583977805303 0.697715303352389
