0 0.025087674402393404 0.08228364245550011 0.30130052872694585 0.08221149729164023 0.3013277790237731 0.1408969454788191 0.0251149246992206 0.14096909064267898
0 0.3701551223468796 0.07573812084213442 0.6064618051469524 0.07567639893424753 0.6064868754139444 0.12966699815343102 0.3701801926138716 0.12972872006131791
0 0.6776678958866363 0.07800521019204319 0.9413612125678422 0.07793633505736763 0.9413767452371722 0.1113870408220828 0.6776834285559662 0.11145591595675836
0 0.03920679937563242 0.15681047123774966 0.30524746603503466 0.15674098298914343 0.305268993769113 0.20310248616294507 0.03922832710971075 0.2031719744115513
0 0.34984243186503944 0.14381855097403032 0.6244903067312729 0.1437468145735487 0.6245110169524333 0.18834774565906204 0.3498631420861998 0.18841948205954367
0 0.6831700025464631 0.13140752637483014 0.9296489028140065 0.1313431475439054 0.9296737005859183 0.18474690926853982 0.6831948003183749 0.18481128809946454
0 0.04157955173092108 0.21138731717372358 0.31388001701431717 0.211316193902741 0.31390317976731213 0.26119882635195907 0.04160271448391612 0.26126994962294164
0 0.3655196641142899 0.20367360151109504 0.680856110827201 0.2035912374963039 0.6808803635951135 0.2558212944295196 0.3655439168822025 0.2559036584443108
0 0.6902463537671907 0.20476248975415806 0.954722040968274 0.20469341026893012 0.9547462937361866 0.25692346720214587 0.6902706065351034 0.2569925466873738
0 0.05099704496427851 0.27124401016817645 0.30764804349001057 0.2711769744453506 0.3076722962579232 0.32340703137856636 0.05102129773219112 0.32347406710139226
0 0.35928962791667984 0.26764237116762635 0.6574116582159285 0.26756450345658594 0.6574370009918394 0.3221419699726391 0.3593149706925908 0.3222198376836795
0 0.6902774191058505 0.27166390128358836 0.9531881268486146 0.27159523056173873 0.9532104720817726 0.3197172760215082 0.6902997643390083 0.3197859467433578
0 0.04085458992319147 0.33521380172536924 0.29046335970041137 0.33514860539104047 0.2904917000190754 0.39618149296337735 0.04088293024185551 0.39624668929770607
0 0.3608831605841021 0.32926168748670237 0.6762196072970131 0.3291793234719112 0.6762454950630845 0.38493046497706246 0.36090904835017357 0.38501282899185363
0 0.6957825233015111 0.33152162362149873 0.9626056796900729 0.33145193099120335 0.9626310224659839 0.3860293975072565 0.6958078660774221 0.38609909013755184
0 0.028372627891851056 0.4162030003934336 0.34449156433392153 0.4161204319969533 0.3445106395430844 0.4572002487082106 0.02839170310101395 0.4572828171046908
0 0.368740579412431 0.3996821696202025 0.6613853008168452 0.39960573254984927 0.6614081910678408 0.44890151260335803 0.3687634696634265 0.4489779496737112
0 0.7036383071178427 0.39842099138074283 0.9642016648824104 0.3983529337728238 0.964229187674318 0.4576252194545517 0.7036658299097502 0.45769327706247076
0 0.05109024098717711 0.47194825965762777 0.32339070627057315 0.4718771363866452 0.3234103264837352 0.5141306578893211 0.051109861200339154 0.5142017811603037
0 0.3656426076485734 0.4683449558362727 0.6395079629833269 0.46827342382526443 0.6395294907035666 0.5146348971967456 0.3656641353688132 0.5147064292077538
0 0.6715914917449287 0.47295987843355747 0.9822331192921647 0.47287874067776436 0.982253012000407 0.5157190996749894 0.671611384453171 0.5158002374307825
0 0.041727823143414874 0.5306361454694266 0.32263546683132155 0.5305627740543529 0.3226599920804759 0.5833796386797971 0.04175234839256923 0.5834530100948708
0 0.35706588995332444 0.5340748660304631 0.6207591768322099 0.5340059909035717 0.620782612101043 0.5844755055508197 0.35708932522215764 0.5845443806777111
0 0.6833572120636626 0.5345765080350592 0.971307114302402 0.5345012972237041 0.9713319120604753 0.587905029146018 0.6833820098217358 0.5879802399573731
0 0.04019393881223764 0.5975379359521305 0.3085820150544773 0.5974678345740252 0.30860763033930705 0.652632168386948 0.0402195540970674 0.6527022697650533
0 0.3610066044119846 0.5951067317138147 0.6325245799662211 0.5950358128245212 0.6325529202848853 0.6560687003968582 0.3610349447306487 0.6561396192861517
0 0.6935628579739084 0.6067569193250281 0.9564736849259547 0.6066882485720416 0.9564943951609536 0.6512892094598758 0.6935835682089072 0.651357880212862
0 0.04648395545965266 0.6626771403786803 0.3399111665932264 0.662600498926638 0.33994441196172126 0.7341967594240637 0.046517200828147566 0.734273400876106
0 0.3759108845297377 0.675501880087037 0.6482113498131339 0.6754307568160545 0.6482326050659705 0.7212054522976277 0.3759321397825743 0.7212765755686102
0 0.7014189739176384 0.6742431841678941 0.9917162261345741 0.6741673602426083 0.9917402063658908 0.7258104902743133 0.701442954148955 0.7258863141995989
