0 0.1933919574961564 -0.02467636516920008 0.4651170965020206 0.03849961848868764 0.43597438919449494 0.10900629248568539 0.16424925018863074 0.045830308827797685
0 0.5403488603329057 0.03620947922735638 0.7854924747553343 0.09320526929392305 0.7583307137273314 0.15891932289151786 0.5131870993049028 0.10192353282495123
0 0.8626233979700662 0.09987919520248405 1.1456884449920346 0.16569170283503382 1.1266727679089596 0.21169745414635152 0.8436077208869912 0.14588494651380174
0 0.17257976711759154 0.05622961865673139 0.4385614246674017 0.11807024522570725 0.4152645199690728 0.17443382350863604 0.14928286241926264 0.1125931969396602
0 0.49190713625513705 0.10407537002005196 0.7764629999657435 0.17023449192282678 0.7532661259155773 0.22635606014727716 0.4687102622049707 0.16019693824450237
0 0.8460142195328898 0.16027803229020468 1.1115547408606001 0.2220160948680082 1.0842568279047144 0.28805954887071933 0.8187163065770042 0.22632148629291574
0 0.15263743499376417 0.11432565428118412 0.42532344082398066 0.17772503908264942 0.40076101620721477 0.23715036449100407 0.12807501037699828 0.17375097968953873
0 0.4837805948599447 0.17067939610782637 0.8121924073545769 0.24703500816170557 0.7855133801684864 0.31158115524808033 0.4571015676738542 0.23522554319420114
0 0.8232416924942175 0.24185720162805144 1.103262794259825 0.30696199323375534 1.0766712611669975 0.37129646068977634 0.7966501594013902 0.3061916690840724
0 0.13724350042148845 0.1801413450980814 0.39465956610297126 0.23999047506179874 0.3695962631724727 0.3006276049743079 0.11218019749098983 0.24077847501059066
0 0.4506156092532973 0.23916346212624287 0.761011631362376 0.31133041028562286 0.7339714884476713 0.376750225994611 0.42357546633859255 0.304583277835231
0 0.7953011815804278 0.3156649386200174 1.0729806775107151 0.380225307826945 1.048662245078924 0.43906032852330723 0.7709827491486368 0.3744999593163797
0 0.10083703044810977 0.24613132562987797 0.3513117976063806 0.30436660652658826 0.322894401477571 0.37311849232616623 0.07241963431930012 0.3148832114294559
0 0.4268055484053398 0.3059386665734303 0.755739226445546 0.38241561215316366 0.7284503467510628 0.44843721145273746 0.3995166687108566 0.37196026587300407
0 0.7761634153327305 0.38289760146504265 1.0459497411433156 0.44562281184818375 1.0190780004586804 0.5106352020901227 0.7492916746480949 0.4479099917069814
0 0.055613476634196385 0.32849848451016356 0.3728893393647311 0.4022649927995343 0.35309991976168703 0.4501427051142484 0.035824057031152254 0.37637619682487766
0 0.4053665065769389 0.38463248273205225 0.7107091463092936 0.45562452155614946 0.6869324713023842 0.5131488364989761 0.3815898315700296 0.44215679767487887
0 0.7564475479968841 0.4588312265773116 1.0155870537913456 0.5190810556622485 0.98707345092835 0.5880657000992437 0.7279339451338886 0.527815871014307
0 0.05480103630353301 0.3935074407198518 0.32851827668998745 0.4571465871337712 0.30883399266026507 0.5047699387428906 0.03511675227381064 0.44113079232897107
0 0.37345683457299583 0.4589102194046994 0.6590627203410719 0.5253134710062788 0.6371605603218199 0.5783026610637414 0.3515546745537438 0.5118994094621621
0 0.6912970894061272 0.5333148516961326 0.9817877254944184 0.6008538057488425 0.9608715969917702 0.65145743148799 0.6703809609034789 0.58391847743528
0 0.021315300494352676 0.4540595721592288 0.3040254630044205 0.5197895692879426 0.28011154331267285 0.5776459284073655 -0.002598619197394972 0.5119159312786518
0 0.3372128119500028 0.5286014764593061 0.6122203551483145 0.5925406177491278 0.5889826005162633 0.6487610907811983 0.3139750573179515 0.5848219494913764
0 0.6777310377262707 0.6048110035449977 0.9536375628585144 0.668959157766691 0.928529464246513 0.7297046645186911 0.6526229391142693 0.6655565102969979
0 -0.007927149357973633 0.5253515603857886 0.2623204950055802 0.5881840271437726 0.23784292745216953 0.6474040528440668 -0.032404716911384336 0.5845715860860828
0 0.3157952271405234 0.595943796520492 0.5997817441660797 0.6619705455519086 0.5722325912374968 0.7286218392677616 0.2882460742119406 0.6625950902363449
0 0.658079470229423 0.6877244516301211 0.9206484635782465 0.7487716351684661 0.9000474873582103 0.7986127943661535 0.6374784940093868 0.7375656108278085
0 -0.02869497996237797 0.5964971353288621 0.2680231150000574 0.6654839710221979 0.23640821200881723 0.741971774132874 -0.06030988295361808 0.6729849384395381
0 0.2974301785213718 0.687259794342256 0.5825321607336875 0.7535458885732648 0.5619578416062787 0.8033225546914403 0.27685585939396284 0.7370364604604316
0 0.6379583875642595 0.7648105875458594 0.8898156301540663 0.8233672934148402 0.8661306276018079 0.8806698197706845 0.614273385012001 0.8221131139017038
