0 0.018636105448753434 0.08645844011705105 0.2948291227473285 0.0839746667097112 0.29576728074684394 0.14265590023148994 0.019574263448268882 0.1451396736388298
0 0.36357857143756217 0.07690055480119021 0.5998682831889239 0.07477562742896203 0.6007313883388506 0.12876234915691917 0.3644416765874889 0.13088727652914733
0 0.6711056963138712 0.07648257567865674 0.934780075095949 0.07411138100972056 0.9353148251604372 0.10755968441513625 0.6716404463783592 0.10993087908407242
0 0.03391107150361641 0.16085694365194847 0.2999326316821545 0.1584646410390398 0.3006737764874789 0.2048228146272396 0.034652216308940824 0.2072151172401483
0 0.3443239949202057 0.14515372302931992 0.6189521451539932 0.14268402229926772 0.6196651450811687 0.18728175023976193 0.34503699484738104 0.1897514509698141
0 0.6774363354431876 0.12983323385886095 0.9238975341147665 0.12761683542421187 0.9247512579562609 0.18101676180305395 0.6782900592846821 0.18323316023770306
0 0.03713079931611564 0.2154093745992039 0.3094117085530826 0.21296078234910365 0.310209142876492 0.2628398323326246 0.037928233639525084 0.26528842458272484
0 0.3609292288205102 0.20486783859241947 0.6762430287333641 0.20203225629258095 0.6770779894815678 0.25425856217301274 0.36176418956871403 0.25709414447285117
0 0.685650815414298 0.20312144233520396 0.9501075085280485 0.20074321239958295 0.9509424692762523 0.2529695182800147 0.6864857761625018 0.2553477482156357
0 0.04747674387745839 0.2751797867135605 0.30410931026853355 0.2728719182884495 0.3049442710167373 0.3250982241688812 0.04831170462566221 0.3274060925939923
0 0.3556925315199783 0.26888666835834696 0.6537931513223332 0.26620588229279557 0.6546656382571183 0.320779429170048 0.3565650184547634 0.3234602152355994
0 0.6867203155432741 0.27001804914603533 0.9496121415922373 0.26765389188770194 0.9503814307992845 0.3157724813234271 0.6874896047503214 0.31813663858176056
0 0.03832790871513813 0.33923379790471736 0.28791875211575124 0.33698925491946224 0.28889443677827414 0.39801775923824195 0.03930359337766106 0.400262302223497
0 0.35824240495536047 0.3304878958849335 0.6735562048682143 0.32765231358509506 0.6744474544198638 0.38339945116057755 0.35913365450700996 0.38623503346041604
0 0.6931541521621153 0.32982364986767665 0.9599581458730471 0.3274243109161242 0.9608306328078322 0.3819978577933766 0.6940266390969003 0.38439719674492906
0 0.02710389859977698 0.42032648930322675 0.34320013204502453 0.4174838706647444 0.34385684269232797 0.4585607371100076 0.02776060924708041 0.4614033557484899
0 0.3671923508870642 0.40083500241249614 0.6598160551633842 0.3982034696454925 0.6606041079401481 0.44749570937980837 0.36798040366382834 0.450127242146812
0 0.7020478088139471 0.3966498949000083 0.9625924534664502 0.39430684558564744 0.9635399927743977 0.4535748744565412 0.7029953481218948 0.45591792377090207
0 0.0506852445025999 0.4758696220461448 0.3229661537395668 0.47342102979604456 0.32364162748016084 0.5156715167397181 0.051360718243193965 0.5181201089898183
0 0.36516036582703226 0.4695201843875542 0.639006052728246 0.4670575202641356 0.6397471970571441 0.5134156640521552 0.3659015101559305 0.5158783281755739
0 0.6711601500633483 0.47146353383921924 0.9817794679825605 0.46867016849928467 0.9824643230315869 0.5115074507920733 0.6718450051123745 0.5143008161320077
0 0.042234408476439264 0.534635274855631 0.3231218779684754 0.532109284756377 0.32396621954868526 0.5849223561857435 0.043078750056649094 0.5874483462849976
0 0.35760448229264874 0.5353205243848382 0.6212788312745463 0.5329493299838918 0.6220856476210274 0.5834152200167981 0.35841129863912974 0.5857864144177446
0 0.6838814801423411 0.5329732607711943 0.9718107024250195 0.5303839449640947 0.9726644257900877 0.5837838415427565 0.6847352035074094 0.5863731573498563
0 0.041739070864381986 0.6015459242755801 0.3101078720397408 0.5991325131827194 0.3109897407593843 0.6542928852092672 0.04262093958402551 0.6567062963021278
0 0.3624922601166897 0.5963138476803731 0.6339907358212629 0.5938722917689168 0.6349664204837858 0.6549007960876965 0.3634679447792126 0.6573423519991529
0 0.6952068114725884 0.6050596746663305 0.9580987567222725 0.6026955163360381 0.9588117571258742 0.6472932740767124 0.69591981187619 0.6496574324070049
0 0.04903974537345763 0.666625796069504 0.3424458831821712 0.6639872269638566 0.34359043616073603 0.7355783455685095 0.05018429835202253 0.7382169146741571
0 0.3786434155700391 0.676573417904658 0.650924324807006 0.6741248256545578 0.6516560887803244 0.7198962336938227 0.37937517954335753 0.7223448259439229
0 0.7041099099860655 0.6724727741121582 0.994386313665204 0.669862350361086 0.9952118916756969 0.721501771491862 0.7049354879965585 0.7241121952429341
