0 0.05568021515442258 0.06375995011650455 0.33149972169305814 0.07481195683727479 0.32732521507939166 0.13341383255217887 0.05150570854075612 0.12236182583140864
0 0.40071844963153574 0.07112093285317418 0.6366886140219056 0.08057618812308494 0.6328480688701088 0.13448990068644961 0.39687790447973886 0.12503464541653883
0 0.7076252338301334 0.08576935519320203 0.9709430314844233 0.0963204221061072 0.9685635626934339 0.12972349156120133 0.7052457650391442 0.11917242464829617
0 0.06444305227658366 0.13874787944251488 0.3301048571069437 0.14939287003539675 0.3268069969457456 0.19568835095737458 0.061145192115385535 0.18504336036449273
0 0.3755606931972249 0.13828507583667474 0.6498174489254674 0.14927446359087476 0.6466448245774638 0.19381187961104032 0.37238806884922115 0.1828224918568403
0 0.7092959423929331 0.1393162126957263 0.9554238382514583 0.14917848528599514 0.9516250369574286 0.20250619605534223 0.7054971410989036 0.19264392346507342
0 0.06290482837288963 0.19334154218472294 0.33481751740530236 0.20423700387400698 0.33126918667768857 0.2540485997196695 0.059356497645275834 0.2431531380303854
0 0.38692984879342246 0.19868514537561996 0.7018172327954876 0.21130259048655556 0.698101921336939 0.26345826790798776 0.3832145373348739 0.25084082279705217
0 0.7111100692630857 0.21285033047907376 0.9752091232830525 0.2234327021053854 0.971493811824504 0.27558837952681764 0.7073947578045372 0.265006007900506
0 0.06802315875680773 0.2534911504521753 0.32430866704396877 0.2637604355929235 0.3205933555854202 0.3159161130143557 0.06430784729825914 0.3056468278736075
0 0.37612881217782607 0.2623107173246182 0.6738262943841264 0.27423936811291744 0.669944003254616 0.3287391122301795 0.37224652104831574 0.31681046144188024
0 0.7063511316811071 0.27965646938926203 0.968887434890681 0.2901762220490035 0.9654643410362345 0.3382297381129138 0.7029280378266606 0.3277099854531723
0 0.05331527487510868 0.31696017617721767 0.30256858307478024 0.3269476831232179 0.298227094670206 0.38789365529383163 0.04897378647053441 0.3779061483478314
0 0.3733082712061177 0.3239053078708804 0.6881956552081828 0.336522752981816 0.6842298763631376 0.39219450068711303 0.3693424923610725 0.37957705557617744
0 0.7075626440288157 0.3396495400651981 0.9740058242643723 0.3503258401413651 0.9701235331348619 0.40482558425862714 0.7036803528993054 0.39414928418246015
0 0.03505271638324193 0.39732983378180975 0.35072147579050356 0.40997858837603046 0.3477993209489424 0.4509999043524513 0.032130561541680806 0.4383511497582306
0 0.37611243961038227 0.39454063450284643 0.6683404130198265 0.4062501236780286 0.6648338272099531 0.4554757028497336 0.3726058538005089 0.44376621367455144
0 0.7106172819395229 0.4067687666534195 0.9708095779730269 0.41719459563318423 0.9665933275015931 0.47638247314210586 0.7064010314680891 0.46595664416234117
0 0.053746344950898625 0.45390958206268 0.3256590339833113 0.464805043751964 0.3226533893062693 0.5069983930762998 0.05074070027385661 0.4961029313870158
0 0.3681028698139757 0.4629795896754104 0.641578220377142 0.47393766675385574 0.6382803623358899 0.5202331179159537 0.3648050117727236 0.5092750408375085
0 0.6732799224712457 0.47990947462463784 0.9834791730816511 0.4923390676057414 0.9804317845468418 0.5351184187240947 0.6702325339364362 0.5226888257429911
0 0.04019554285400611 0.5121357374455106 0.3207031530244214 0.5233755951036432 0.31694609982805144 0.5761172445592131 0.036438489657636165 0.5648773869010805
0 0.35483244458963475 0.5282692522440763 0.6181502124840449 0.5388203179645117 0.6145601347187447 0.5892179602440115 0.35124236682433446 0.578666894523576
0 0.6806170853277588 0.5419110515389085 0.9681569253455431 0.5534326885842588 0.9643581261714597 0.606760369593726 0.6768182861536755 0.5952387325483758
0 0.033873886341460324 0.5788792288217184 0.3018797578676502 0.5896181454795163 0.29795572076042637 0.6447039211506757 0.029949849234236502 0.6339650044928778
0 0.35439775881134333 0.5893717688499414 0.6255290724385596 0.6002359210559403 0.6211875840339852 0.661181893226554 0.35005627040676907 0.6503177410205551
0 0.6856400867346047 0.614398339377723 0.9481765089836983 0.6249180968073431 0.9450038825157484 0.6694555425873885 0.682467460266655 0.6589357851577685
0 0.035491039014848756 0.6441777727340269 0.3285003878294894 0.6559185713924943 0.3234074887856412 0.7274128734542219 0.030398139971000483 0.7156720747957547
0 0.3635244626415368 0.6702511720138721 0.6354371516739495 0.681146633703156 0.6321810332505727 0.7268561425909962 0.36026834421816006 0.7159606809017122
0 0.6886530360674122 0.682103629664661 0.9785368832612669 0.6937191903899879 0.9748633220203238 0.745288776737763 0.6849794748264693 0.7336732160124361
