0 0.2078993290821657 -0.003348880080258958 0.472164389874875 0.05692017817306118 0.4493998740150439 0.11306714342113608 0.18513481322233455 0.05279808516781593
0 0.5405475880585696 0.06576859985836107 0.7666326486130225 0.11733021622901696 0.7456892991086149 0.1689854117114383 0.5196042385541619 0.11742379534078243
0 0.8338470464022659 0.13511286680533 1.086134111512964 0.19265018853112093 1.0731583373572546 0.2246539590076556 0.8208712722465568 0.16711663728186466
0 0.1924636792325519 0.07103096638662273 0.44699655794307913 0.1290804748928689 0.4290125907606287 0.17343657658345207 0.17447971205010146 0.11538706807720595
0 0.49467645816706324 0.12645999288740373 0.7574442338580224 0.1863875759462789 0.7401432055039231 0.22905926041059213 0.4773754298129639 0.16913167735171697
0 0.8183717250505484 0.18740173180053968 1.0541889962003823 0.2411829044210726 1.033473285265066 0.2922766465035366 0.7976560141152322 0.23849547388300374
0 0.17353855311487631 0.123759836439962 0.4340604581796083 0.1831752197127758 0.4147106191207249 0.2309001415992994 0.1541887140559929 0.1714847583264856
0 0.4864291682478942 0.18714455310280584 0.7881255011883881 0.25595029613315856 0.767865078951793 0.30592110290250896 0.46616874601129893 0.23711535987215618
0 0.796653752020974 0.25912204359612373 1.0496893456297511 0.31683007690792486 1.029428923393156 0.3668008836772752 0.7763933297843789 0.30909285036547407
0 0.15930229097776571 0.18307854202270232 0.4048516586701848 0.2390792448819 0.38459123643358967 0.2890500516512503 0.1390418687411705 0.23304934879205264
0 0.45562687813574143 0.2469788797555301 0.7408534171153714 0.3120284736806248 0.7196824174813338 0.3642451510762024 0.4344558785017038 0.2991955571511077
0 0.7707022037095558 0.32312958454919305 1.0222405122165827 0.3804961426665492 1.00357361776632 0.42653663307020345 0.752035309259293 0.36917007495284726
0 0.12475681662443662 0.24205918719211716 0.36356857243817386 0.2965232906931308 0.3398934676203616 0.3549161550806319 0.10108171180662434 0.30045205157961824
0 0.43322136282419016 0.3062746597318274 0.7349176957646841 0.37508040276218013 0.7132914189924642 0.4284199869576725 0.41159508605197015 0.3596142439273198
0 0.7527227829543329 0.38159462227972674 1.0080043042157354 0.4398148683831954 0.9868333045816977 0.49203154577877306 0.7315517833202955 0.4338112996753044
0 0.08136375661207601 0.31681026589861583 0.38380873210344507 0.38578674652619105 0.3678735698455094 0.4250896250511634 0.06542859435414035 0.3561131444235881
0 0.41339020284616523 0.3753583435796442 0.6933763580224657 0.43921280033539367 0.6742541633129429 0.4863762545653605 0.3942680081366424 0.4225217978096109
0 0.7342574890724717 0.4473095001882026 0.9835499839796694 0.5041638715251036 0.960557829550747 0.5608722901731359 0.7112653346435495 0.5040179188362349
0 0.08144764026324147 0.37510117913850977 0.3419695453279734 0.43451656241132364 0.32557909437131655 0.4749423762494096 0.0650571893065846 0.41552699297659573
0 0.3837612510793612 0.4403673598733047 0.6457803557062465 0.5001241988321543 0.6277964000843348 0.5444802720095386 0.3657772954574495 0.48472343305068905
0 0.6746528411435956 0.5116160365086554 0.9718574328316351 0.5793973799668855 0.955239343305887 0.6203846472049288 0.6580347516178475 0.5526033037466987
0 0.049699619165571605 0.4291993244829368 0.3184563926975366 0.4904927758055765 0.29796834345238904 0.5410250074616854 0.029211569920423983 0.4797315561390455
0 0.3500300833138414 0.50137384168803 0.6023171199113403 0.5589111569110179 0.5827396249425575 0.6071975749672971 0.3304525883450586 0.5496602597443093
0 0.6619795194747652 0.5731313377188277 0.9374739333986111 0.6359613949024546 0.9167582340238334 0.6870551084717198 0.6412638200999876 0.6242250512880929
0 0.022250825826140925 0.4928653682311653 0.27902957516289545 0.5514270765234728 0.2576309253992279 0.6042052358322068 0.000852176062473357 0.5456435275398992
0 0.330098119967407 0.5606203778046358 0.5898713824812639 0.6198650234802272 0.5661962776634516 0.6782578878677283 0.3064230151495947 0.6190132421921369
0 0.6437113028551552 0.644411610065777 0.8952497254149779 0.7017781941943454 0.8779486855003398 0.7444499071718576 0.6264102629405172 0.6870833230432892
0 0.00297121418407959 0.5565543602217292 0.28370601191125505 0.6205795545747013 0.2559332972444132 0.6890788652934242 -0.024801500482762247 0.6250536709404522
0 0.31313461214866445 0.6407856254287022 0.5736565172133965 0.7002010087015159 0.5559001770394983 0.7439956855053407 0.29537827197476646 0.684580302232527
0 0.6250184043095229 0.7106880114062142 0.9027586318331984 0.7740302553702962 0.8827258828473106 0.8234395232000925 0.6049856553236352 0.7600972792360103
