0 -0.03326534305473803 0.1522566127861081 0.279426722245995 0.10954804941980056 0.2969901027934891 0.18188039295005706 -0.015701962507243945 0.22458895631636464
0 0.3035741568597109 0.09769146542781408 0.5861998725113875 0.059089468046624516 0.6002605422732706 0.11699638367324784 0.317634826621594 0.1555983810544374
0 0.6352459333747504 0.045487343713343016 0.8715535227810248 0.013211636152964452 0.8853694627697518 0.07011066619764565 0.6490618733634779 0.10238637375802422
0 -0.002702419516537849 0.21996456223325364 0.28541920126767284 0.18061191512776645 0.29867107259916653 0.23518790674716578 0.01054945181495583 0.27454055385265297
0 0.3130917034722742 0.16564221536352214 0.6320663320436933 0.12207555778465157 0.6455612894661477 0.17765266570915195 0.3265866608947285 0.22121932328802252
0 0.6264529210737789 0.10620167481432602 0.9034179526612623 0.06837283323361937 0.9197512555610733 0.13563927280874025 0.64278622397359 0.1734681143894469
0 0.006237365458025674 0.28152561949618315 0.2698716935140033 0.24551753149278657 0.2845087466457437 0.3057982019783283 0.020874418589766085 0.34180628998172496
0 0.321704390903987 0.2362200326725853 0.6054165626611134 0.19746964336024875 0.6157011284317327 0.23982519913542022 0.33198895667460626 0.27857558844775676
0 0.6540353673498587 0.18167739300285488 0.9220417026721145 0.14507216113144794 0.9342005484817821 0.19514667894184512 0.666194213159526 0.23175191081325203
0 0.030952668411009347 0.3525983862895032 0.30332851879150274 0.31539635094447666 0.31351129462538213 0.35733269900207476 0.04113544424488874 0.3945347343471013
0 0.34075753109287 0.29860977036018976 0.6428514083985568 0.25734874415194586 0.6548346738869397 0.30670015879425117 0.3527407965812529 0.34796118500249507
0 0.6730813733323228 0.24720135869105378 0.9334551309480723 0.21163861067133363 0.9455502237806009 0.2614505706995883 0.6851764661648514 0.2970133187193084
0 0.02904523902072628 0.40729830601220174 0.34218701593245354 0.36452831947925174 0.35673938872890676 0.42446024576457064 0.04359761181717955 0.46723023229752053
0 0.35796681510877987 0.36011138163956047 0.6750727860909765 0.31679995177483883 0.6881455619172818 0.37063836342943696 0.37103959093508515 0.4139497932941585
0 0.6703338803904181 0.3045194882029255 0.9492234536674338 0.2664277860644383 0.964667721172007 0.3300328568361553 0.6857781478949911 0.36812455897464247
0 0.03881676653546535 0.48266648527902106 0.3476118101024604 0.4404901906144957 0.36097772556875923 0.4955358571643009 0.05218268200176413 0.5377121518288263
0 0.3717672684058532 0.4353651415551837 0.7052212445348773 0.38982084462664807 0.7162711014381943 0.4353281456459234 0.38281712530917017 0.48087244257445905
0 0.7202609851486079 0.37675911550249064 0.9700157668222388 0.3426467439305166 0.9820129061630428 0.39205529610717604 0.7322581244894119 0.4261676676791501
0 0.07513230352494887 0.544104522838268 0.3825765410135691 0.5021127259381436 0.3955216649387209 0.5554254209665174 0.08807742745010066 0.5974172178666418
0 0.39791091091771724 0.4951652768750824 0.7282087841035773 0.450052051398293 0.7394111982084876 0.49618763806473154 0.4091133250226274 0.541300863541521
0 0.7338153388687513 0.4414391255941355 0.9767048350515434 0.40826443845023064 0.99078806339489 0.4662642584616099 0.7478985672120984 0.4994389456055148
0 0.0717891418175513 0.6061832658353358 0.39365693072375024 0.5622214504152581 0.40808863126141937 0.6216564047620973 0.08622084235522048 0.665618220182175
0 0.40695564427259434 0.5506745758572107 0.7107103290168751 0.5091867108270024 0.7240860861081851 0.564272908742582 0.42033140136390434 0.6057607737727903
0 0.7352107355228412 0.5049269968475515 1.0006177564984113 0.46867678831636783 1.0153975296563336 0.5295452314083575 0.7499905086807636 0.5657954399395411
0 0.08627192207790553 0.6769487802497863 0.4153348915193495 0.6320042221959101 0.4290403675213339 0.688448321652758 0.09997739807988995 0.7333928797066342
0 0.4266064671405467 0.6225267465443182 0.7510738929144722 0.5782098637329784 0.764034827157912 0.6315876713614379 0.43956740138398676 0.6759045541727778
0 0.7657110840195644 0.5823218650791658 1.0197861816326919 0.5476194098193087 1.0314642099089315 0.5957137473956556 0.7773891122958041 0.6304162026555128
0 0.1184211832857847 0.7379127500297407 0.40930478630152917 0.698182861841917 0.4212536465937318 0.7473925834620497 0.13037004357798732 0.7871224716498735
0 0.4358558855609909 0.6971277925103817 0.7884217841946197 0.6489731231294626 0.8022622752956365 0.7059732635203764 0.44969637666200774 0.7541279329012953
0 0.7653212875846787 0.6488070295640246 1.0353990582704198 0.611918873888985 1.046367073683172 0.6570891220957599 0.7762893029974309 0.6939772777707992
