0 -0.048219581542497635 0.18792257372857563 0.24466378335150135 0.13503789020180096 0.2649934799123172 0.19836916337293622 -0.027889884981681826 0.25125384689971086
0 0.26903544329768003 0.12822271857730663 0.5292071945649129 0.08124462976248413 0.5451412798644836 0.1308826509607102 0.2849695285972506 0.17786073977553268
0 0.5760065761698234 0.07158701876418555 0.7897733386960397 0.03298807823086548 0.8055242742045867 0.08205554937627274 0.5917575116783703 0.12065448990959282
0 -0.013464021950590776 0.2510635289558052 0.25659728288179007 0.20229972619064207 0.27179876669202635 0.2496555399339846 0.001737461859645535 0.2984193426991478
0 0.2840400313401677 0.1925155274132974 0.5776841199797806 0.13949348328718428 0.592885603790017 0.18684929703052686 0.29924151515040404 0.23987134115664
0 0.5736267005315201 0.12936089685824048 0.8414057472037594 0.0810091915864572 0.8600870909948827 0.1392054997950067 0.5923080443226435 0.18755720506678997
0 0.00028659053626223376 0.30894290910650407 0.24752580633259166 0.26429999233474055 0.2647419471450464 0.3179318856335231 0.017502731348716955 0.36257480240528656
0 0.2978893978747723 0.258224167011269 0.5595826256076665 0.21097135176598136 0.5711211042964703 0.24691613547851485 0.3094278765635762 0.29416895072380245
0 0.6056493019874871 0.1990315443804497 0.8650603005346731 0.15219082139675383 0.8787965813662407 0.19498222023032943 0.6193855828190548 0.24182294321402534
0 0.029872029170794078 0.37603553681872465 0.28547932206661014 0.3298816325270855 0.2972009458959594 0.3663969518052212 0.04159365300014332 0.41255085609686026
0 0.3215014851321435 0.3167373934181667 0.5999308380895778 0.26646260836491614 0.6136671235716238 0.30925402168570837 0.3352377706141895 0.35952880673895893
0 0.6290501027103382 0.2593937914046447 0.8648782305269922 0.21681132547726334 0.8787976704505404 0.2601733033380911 0.6429695426338864 0.3027557692654724
0 0.03305672181476735 0.4285792583820036 0.32670083942881356 0.3755572090241022 0.3439169848917467 0.4291891168101014 0.05027286727770047 0.48221116616800275
0 0.34322572390572265 0.37438425922936247 0.635348394028541 0.32163693107013797 0.6505498778387773 0.3689927448134806 0.358427207715959 0.42174007297270505
0 0.6318403804917019 0.3132160026473329 0.8844047204561957 0.26761155121662394 0.9025366195247261 0.3240962237539337 0.6499722795602323 0.3697006751846426
0 0.0487376048615234 0.4999934564570296 0.3385780457986333 0.4476582205593968 0.35451212877296473 0.4972962345140145 0.06467168783585485 0.5496314704116473
0 0.3627102743284583 0.4451116148696866 0.6700476511590221 0.38961703286938787 0.6828681830354708 0.4295556814388695 0.37553080620490714 0.48505026343916824
0 0.6844029113730744 0.3791778821921993 0.912623743784722 0.3379690327217787 0.9267263195478589 0.3819015171737753 0.6985054871362112 0.4231103666441959
0 0.08887455280763028 0.5573337067106483 0.37719351727907896 0.5052731972434807 0.3927613099723196 0.5537701400668941 0.10444234550087096 0.6058306495340617
0 0.3926195464714953 0.5006769392841458 0.69691399934517 0.44573180491298897 0.7101008215027094 0.48681152461367505 0.40580636862903474 0.5417566589848319
0 0.7028730144165668 0.43922321041397194 0.9227256828054281 0.39952536415879164 0.9395755193853569 0.4520161428647199 0.7197228509964956 0.4917139891199004
0 0.09103100282088768 0.6167029357395043 0.3930431975344206 0.5621698988617274 0.4106256518803581 0.6169429357277975 0.10861345716682519 0.6714759726055743
0 0.40606012535179425 0.5525761023356941 0.686010983749323 0.5020265856201902 0.702128202563243 0.5522351061659769 0.42217734416571434 0.6027846228814808
0 0.7099600682101656 0.4989093522097899 0.9655674190548484 0.4527554374545744 0.983333027842288 0.5080990388606799 0.7277256769976052 0.5542529536158953
0 0.11093813096314181 0.6837322646324506 0.4197969552849335 0.6279629614334751 0.4366467918648622 0.6804537401394033 0.12778796754307054 0.7362230433383791
0 0.43089796905742567 0.6199222625036889 0.7298672687885028 0.5659386680232658 0.7456182159232457 0.6150061753867146 0.4466489161921686 0.6689897698671378
0 0.7449975479175223 0.5704501676423692 0.9960404983396548 0.5251204269467609 1.0101430927047053 0.569052969347624 0.7591001422825727 0.6143827100432324
0 0.14690515022661163 0.7406182809577788 0.4200093500414483 0.6913050357952619 0.43484452496868026 0.7375197204585336 0.16174032515384357 0.7868329656210505
0 0.4462125142467442 0.6901953367304323 0.7710468269707619 0.6315414086274674 0.7880798179921927 0.6846027518734311 0.4632455052681751 0.743256679976396
0 0.7505351351635876 0.6328306337009795 1.0061423701105372 0.5866767398729169 1.0195123467095788 0.6283270241136383 0.7639051117626293 0.674480917941701
