0 -0.0389625993565095 0.17898078771038747 0.2553966771885807 0.13092601965938136 0.27386967896579156 0.19457643476602926 -0.020489597579298694 0.24263120281703535
0 0.2799617515026026 0.12451333973671186 0.541444572516385 0.0818257218684322 0.555923410662181 0.13171388132169398 0.2944405896483986 0.17440149918997364
0 0.5885150877134205 0.07294016595482822 0.8033590737806281 0.03786643551633204 0.8176714890580375 0.08718116977406835 0.6028275029908301 0.12225490021256452
0 -0.006061638946501991 0.2426781999281944 0.2653605715366838 0.19836795592383094 0.2791737160960568 0.24596240731488017 0.00775150561287101 0.29027265131924357
0 0.2930828101117163 0.18903747458079984 0.5882066438773595 0.14085789096316156 0.6020197884367327 0.18845234235421074 0.30689595467108927 0.23663192597184904
0 0.5844464769088089 0.13066100695268454 0.8535749283690075 0.08672522391013712 0.870550120104986 0.14521479769683437 0.6014216686447873 0.18915058073938176
0 0.0059932742551799595 0.3007698237054425 0.25447838955601876 0.26020410850169484 0.27012219411915117 0.3141062661639669 0.02163707881831236 0.3546719813677146
0 0.3050075261589517 0.2549580991940807 0.5680194907342829 0.2120208454385636 0.578504169474418 0.24814676379866057 0.3154922048990868 0.2910840175541777
0 0.6144242083104694 0.20084159082154263 0.8751424429832563 0.15827879327386832 0.8876242003697833 0.20128582854049235 0.6269059656969964 0.24384862608816668
0 0.033609810219998246 0.36833292253618555 0.29050517142869164 0.3263942170835915 0.30115626881145924 0.36309354607899264 0.044260907602765895 0.4050322515315867
0 0.3269030088765708 0.3138456133331298 0.6067354361471686 0.26816238383389324 0.6192171977594496 0.31116943366073857 0.33938477048885185 0.3568526631599752
0 0.6360543899653506 0.26157420577089757 0.873070913994352 0.2228807620984177 0.8857191027007734 0.2664612516810098 0.6487025786717721 0.3051546953534897
0 0.035257359182606154 0.4209163880091728 0.3303812220686921 0.3727367996375614 0.3460250308575785 0.4266389718600547 0.05090116797149252 0.47481856023166613
0 0.34693642949476156 0.3718359248532985 0.6405311779397412 0.32390596761495133 0.6543443224991143 0.37150041900600056 0.3607495740541346 0.4194303762443478
0 0.6372702358956863 0.3154293663220106 0.8911073099812821 0.2739899326438916 0.907583237337855 0.33075924540423374 0.6537461632522591 0.3721986790823527
0 0.04884632081672244 0.4925713228185937 0.34014733935915764 0.4450158217880893 0.35462617539207664 0.49490397396124053 0.06332515684964143 0.542459474991745
0 0.3643482270210207 0.4428667432011697 0.6732343528406034 0.3924404365983941 0.684883995885198 0.4325803458873908 0.3759978700656153 0.48300665249016644
0 0.6878914013824193 0.38223990449070244 0.9172622949650046 0.3447946259924904 0.9300768938625508 0.38894849708994417 0.7007060002799653 0.4263937755881561
0 0.08729698794868185 0.550557935429924 0.37706886292956826 0.5032520702866572 0.39121486167722214 0.5519934011891999 0.10144298669633575 0.5992992663324668
0 0.3926255768259827 0.49891063719828166 0.6984534446429103 0.44898359761600787 0.71043592497277 0.4902703281756128 0.4046080571558423 0.5401973677578867
0 0.7046013378492006 0.44257457923685634 0.9255618981626034 0.4065023052494102 0.9408728527632089 0.45925759796041005 0.7199122924498061 0.4953298719478562
0 0.08771696380708277 0.6099483548804414 0.3912510726010233 0.5603957762599836 0.4072277355781906 0.6154448279939706 0.10369362678425005 0.6649974066144284
0 0.4045453924580041 0.5510183827901346 0.6859069924105933 0.5050855126496875 0.7005522386346369 0.5555470463377001 0.41919063868204776 0.6014799164781474
0 0.7099414651957426 0.5023629313121626 0.9668368846453211 0.4604242163516221 0.982979974716629 0.516046707841356 0.7260845552670504 0.5579854228018963
0 0.10565936768457168 0.6772889861679223 0.4160746079452606 0.6266130484318825 0.431385562545866 0.6793683411428824 0.12097032228517714 0.7300442788789222
0 0.42740806196261 0.6187568670686396 0.7278839418743381 0.5697035507147103 0.7421963677161325 0.619018321373 0.4417204878044044 0.6680716377269291
0 0.7428786661098291 0.5744628205223024 0.9951866839952038 0.5332730084695012 1.008001299795766 0.57742693780784 0.7556932819103911 0.6186167498606413
0 0.13995439075956584 0.7347528892162208 0.41443483012496407 0.6899433829453288 0.4279151204960561 0.7363909548248845 0.15343468113065786 0.7812004610957765
0 0.44066414028800277 0.6892649271205401 0.7671353733847329 0.6359678149454934 0.7826127550794788 0.68929654741224 0.45614152198274865 0.7425936595872868
0 0.7465909175326014 0.6369193640585725 1.0034862205004098 0.5949806681139249 1.0156351279244098 0.6368408384292767 0.7587398249566015 0.6787795343739242
