0 0.1916864326363816 -0.03047750026055558 0.4894388959578449 0.03711600424479016 0.44737853792590876 0.14133476177792997 0.14962607460444544 0.0737412572725842
0 0.5318624013535799 0.0009565530381301813 0.8257887867275607 0.06768149036490065 0.7885378782574679 0.1599832105448865 0.49461149288348705 0.09325827321811606
0 0.8876507445183953 0.06559911613138575 1.1554368373134043 0.1263898826220944 1.1290609718964824 0.19174500681113998 0.8612748791014735 0.1309542403204313
0 0.17580392605305656 0.04779381425343688 0.45055821916856964 0.11016644869749186 0.41796871029579896 0.19091797536677302 0.1432144171802858 0.12854534092271802
0 0.4985804563903075 0.07148455798743596 0.8306158149346977 0.14686070518482677 0.7942272932629767 0.23702557050088002 0.4621919347185864 0.16164942330348925
0 0.8496038634315934 0.09653165765651142 1.1570645709672431 0.166329054085069 1.1138533412421272 0.27339948534509867 0.8063926337064776 0.20360208891654108
0 0.14637748950342264 0.11392218501885665 0.3962431646818405 0.17064479430477686 0.36325772583183197 0.25237737135566696 0.11339205065341412 0.1956547620697468
0 0.4598893129983409 0.15118324625664034 0.7525295378563304 0.21761620918406419 0.7245961043883897 0.28683073482963656 0.43195587953040027 0.22039777190221269
0 0.8248820098969882 0.18818093354691992 1.1211063981463252 0.2554275460463354 1.0875954586194176 0.3384622286947968 0.7913710703700807 0.27121561619538137
0 0.12599349360695808 0.190404036252334 0.38415797047536265 0.24901057651623396 0.359510136485401 0.3100839186015877 0.10134565961699647 0.25147737833768774
0 0.4388350820542685 0.21984075540160997 0.7507784112632062 0.29065576258270076 0.7204407163629879 0.36582765880192775 0.4084973871540501 0.29501265162083695
0 0.798162790172368 0.26740370968460053 1.089574730311371 0.33355783673687994 1.0584820764275593 0.410600399087832 0.7670701362885564 0.3444462720355527
0 0.09369122696428434 0.2412984143858028 0.39050777960288696 0.3086794555507857 0.3584616549379044 0.38808456412833736 0.0616451022993018 0.3207035229633544
0 0.41643173716852727 0.2873339320265634 0.7439804806381602 0.3616915619197264 0.7125375064001447 0.43960216139071384 0.3849887629305117 0.3652445314975508
0 0.7568258137865572 0.3266380635455347 1.064206082806902 0.3964171994328158 1.0275832707640575 0.48716259835635606 0.7202030017437128 0.4173834624690749
0 0.05795989208844297 0.31843375982728334 0.3491848839901026 0.38454544730951795 0.32063405140490975 0.4552897880092852 0.029409059503250106 0.3891781005270506
0 0.38200782576491865 0.36775194211908996 0.7260075292077227 0.44584414409491374 0.6992292929796188 0.5121962780092963 0.3552295895368147 0.4341040760334725
0 0.7572665408574261 0.42146740034297964 1.02918412123941 0.48319606579079105 1.0008995500817697 0.5532806537814295 0.7289819696997856 0.491551988333618
0 0.05308974373771522 0.38900970643160904 0.3439154240167676 0.45503074521975506 0.31716973731141185 0.5213022266866113 0.026344057032359487 0.45528118789846517
0 0.36849121079805797 0.4370867994072249 0.7093577484968495 0.5144677338742212 0.6836351931560527 0.5782040614670529 0.3427686554572612 0.5008231270000566
0 0.7269079237111229 0.4948302236323982 0.9983338307993802 0.5564472731404994 0.967672125689694 0.6324220142007796 0.6962462186014367 0.5708049646926784
0 0.014762581795635488 0.4477090976595187 0.31787438955861735 0.516519239866573 0.2896321068790724 0.5864990438550934 -0.01347970088390942 0.5176889016480392
0 0.3417294881445048 0.49741920091395136 0.6530068606098886 0.5680830276492327 0.6251821845658784 0.6370280700063857 0.3139048121004947 0.5663642432711044
0 0.6861695902717091 0.559930614531259 0.9720263666757296 0.6248236504719493 0.9405460684093744 0.7028267328423152 0.6546892920053539 0.6379336969016249
0 -0.013646654391041343 0.5200916915765161 0.295612852312039 0.5902974377405272 0.2698069258727017 0.6542403454175668 -0.039452580830378566 0.5840345992535557
0 0.3152942975125087 0.5752190854879419 0.6480980150238373 0.6507696597067387 0.6221094025893622 0.7151652337024416 0.28930568507803356 0.6396146594836446
0 0.6642345770342477 0.6513945838706389 0.9363706250008842 0.7131728441715129 0.9120067431472576 0.7735425988355411 0.6398706951806211 0.7117643385346669
0 -0.022101474447607596 0.5892345831219795 0.2505833239294667 0.6511374165764272 0.22905483790949513 0.7044815194218524 -0.043629960467579235 0.6425786859674048
0 0.27785823601213283 0.6521403790085855 0.6390736072851317 0.7341407512412124 0.6128963860511143 0.7990036673059773 0.2516810147781153 0.7170032950733503
0 0.6193465348949808 0.7198108188318969 0.907309374185178 0.7851819571855693 0.8854412737548243 0.8393675695555569 0.597478434464627 0.7739964312018845
