0 0.16013177639196496 0.051141320867268227 0.4571008265192188 0.08910435742172952 0.4425072436099324 0.1533190937000719 0.14553819348267863 0.11535605714561059
0 0.48308118190058774 0.09004428805249733 0.7468822956024106 0.12376730167387814 0.7354440828279453 0.17409776687721518 0.4716429691261224 0.14037475325583434
0 0.7949688825340172 0.1287238105634025 1.0117176638762566 0.1564318895894977 1.0004109243705699 0.2061838456402341 0.7836621430283305 0.1784757666141389
0 0.15889657548890057 0.11944500508506552 0.43272520075488313 0.15444988558078004 0.4218128827246943 0.2024663068290588 0.14798425745871177 0.1674614263333443
0 0.4630882038812998 0.1535687964717609 0.7608285897524801 0.19163043672593397 0.7499162717222912 0.23964685797421267 0.45217588585111096 0.20158521772003965
0 0.7624237975508529 0.18111862608928442 1.0339383274491871 0.21582768421901533 1.020528007297232 0.2748358234346406 0.7490134773988977 0.24012676530490956
0 0.14112110094423702 0.1767044851857147 0.39180927197032545 0.20875120586706644 0.37945074130692313 0.2631312571725751 0.12876257028083474 0.2310845364912234
0 0.441289535224626 0.21805310273543405 0.7066333497929249 0.2519733275118546 0.6983505038149553 0.2884195363294977 0.43300668924665653 0.25449931155307715
0 0.7552457303127907 0.2546157719570087 1.018275478892064 0.2882401781230617 1.0084149503504283 0.3316285114612239 0.7453852017711546 0.29800410529517096
0 0.13305775460251132 0.24711189633593975 0.39223073632628336 0.2802432727365855 0.3838164204178609 0.3172679760175178 0.12464343869408881 0.2841365996168721
0 0.43224438582385344 0.2788098955991876 0.7145577924088968 0.31489942805858007 0.7046972605289354 0.3582877760860538 0.42238385394389205 0.3221982436266612
0 0.7450348090032821 0.31700949404570006 0.9841527088414892 0.34757712918644623 0.9741607003544239 0.391544001055832 0.7350428005162168 0.36097636591508575
0 0.10837513089102124 0.29634455571788115 0.4061155461408245 0.33440619972767033 0.3937570121390968 0.3887862657224904 0.09601659688929357 0.35072462171270125
0 0.4219194086476045 0.33821244961366 0.7181171524095548 0.3760768862240256 0.707204834379366 0.4240933074723043 0.41100709061741575 0.3862288708619388
0 0.7193178963336578 0.36730059741175375 0.9754054763244778 0.40003755150232023 0.9623895726405326 0.45731017794945494 0.7063019926497126 0.4245732238588885
0 0.08526171619326167 0.3666140122648065 0.3791453939661864 0.40418263026480455 0.3677071828608839 0.45451308812348584 0.07382350508795914 0.41694447012348784
0 0.4026627381033743 0.4089749027917536 0.7142874317728386 0.4488114434412836 0.7050842695750947 0.4893072310164427 0.3934595759056304 0.4494706903669126
0 0.7329662677578966 0.44346012871798407 0.9643707513995924 0.4730417193503802 0.9542472796587248 0.5175870563044322 0.722842796017029 0.4880054656720362
0 0.09202042128660852 0.4311770237581187 0.3843613981930572 0.4685484306030771 0.3731861269486608 0.51772189953518 0.08084515004221207 0.4803504926902217
0 0.40095414438044213 0.46888363120688703 0.7094934656955775 0.5083257533019538 0.7000273636369275 0.5499785298036912 0.3914880423217922 0.5105364077086244
0 0.7183902180959773 0.5041052101366269 0.9413098029041206 0.5326021337828808 0.9292142221166005 0.5858251520938766 0.7062946373084571 0.5573282284476229
0 0.06280624530452412 0.4863788837091314 0.369031471252011 0.5255251834382146 0.3564099840360757 0.5810622971168589 0.050184758088588806 0.5419159973877756
0 0.3860360870315648 0.5205552364034173 0.669892223861707 0.5568419837734655 0.6583225495026022 0.6077509067168131 0.37446641267246 0.5714641593467649
0 0.6935410873379232 0.5610556774568727 0.952714127818941 0.5941870613687505 0.9399611639959018 0.6503026988893069 0.680788123514884 0.6171713149774289
0 0.04588111523944043 0.5538674931266608 0.3590484803967579 0.5939012411756144 0.3469528996092378 0.6471242594866103 0.03378553445192039 0.6070905114376568
0 0.37347614774761595 0.5897924113332063 0.6766160307193966 0.6285442962634423 0.6653092828678964 0.6782962890374573 0.3621693998961157 0.6395444041072212
0 0.6881512073699313 0.6371627484028847 0.9426961746301441 0.6697025026052595 0.9325726895359749 0.7142478983165574 0.6780277222757621 0.6817081441141825
0 0.049046045418786925 0.6167805228178425 0.32596001366047567 0.6521798181124042 0.3153106488444945 0.6990391916768588 0.03839668060280575 0.6636398963822971
0 0.3506256568854411 0.6589048164406914 0.679991366451445 0.7010092797397535 0.6677643090568213 0.7548108218926615 0.3383985994908173 0.7127063585935994
0 0.660462251087551 0.6961315112584916 0.9196351740540772 0.7292628801479052 0.9100375953883235 0.7714941804915547 0.6508646724217972 0.738362811602141
