0 -0.001668049907315113 0.14661087175302187 0.2969859766032061 0.11700240911795717 0.3083679310909997 0.18158149418631786 0.00971390458047851 0.21118995682138256
0 0.3221747046944729 0.11213737379287654 0.5874726028129774 0.0858358268310571 0.596393593499769 0.1364518626862521 0.3310956953812644 0.16275340964807156
0 0.6353625078166415 0.07990411513042847 0.8533411027623765 0.05829378842864757 0.8621595536704926 0.10832803272097319 0.6441809587247577 0.1299383594227541
0 0.024087122898329802 0.21213284497517546 0.2994694278034466 0.18483153321853016 0.307980258073709 0.233120395435919 0.03259795316859224 0.2604217071925643
0 0.32812662986749513 0.17725479395151938 0.627556368613404 0.14756942745881918 0.6360671988836665 0.195858289676208 0.3366374601377576 0.22554365616890823
0 0.6249349473235511 0.13717403740227752 0.8979900268865612 0.11010344600587729 0.9084491207626215 0.16944639223575625 0.6353940411996114 0.1965169836321565
0 0.029686773866941952 0.2707736326261386 0.28179732762133974 0.24577947467702557 0.29143610066434195 0.3004680736312922 0.03932554690994414 0.3254622315804052
0 0.33273213561289217 0.24368960858078978 0.5995814877474867 0.21723425097458648 0.6060415172369318 0.2538872523892731 0.33919216510233735 0.28034260999547644
0 0.6470611276241924 0.20897536850171797 0.9115832839619946 0.18275072832664688 0.919273793399199 0.22638524326842335 0.6547516370613967 0.25260988344349444
0 0.04974886295240212 0.33981982547004763 0.31039236947732235 0.31397971337049263 0.31695493614178694 0.3512144915753913 0.056311429616866714 0.37705460367494636
0 0.34805068586723 0.3037347045386995 0.6319659139975545 0.27558744156072507 0.6396564260384148 0.3192219712751589 0.3557411979080901 0.3473692342531334
0 0.661911571508339 0.2708427518567564 0.9023862053694055 0.24700217520507878 0.9101792597925968 0.2912185112550393 0.6697046259315304 0.3150590879067169
0 0.04558504514827837 0.3923250197418325 0.3450148134395018 0.36263965032001944 0.35465358908615985 0.41732826404694334 0.05522382079493642 0.4470136334687564
0 0.36161262868484073 0.3627700353380364 0.659490972505289 0.3332384736314944 0.6680018027755514 0.38152733584888326 0.37012345895510324 0.4110588975554253
0 0.6571771262334899 0.3245884626572301 0.9147177247262304 0.29905597184644284 0.9248692018699207 0.356653558160371 0.6673286033771803 0.38218604897115827
0 0.05121595909505159 0.4645778090904259 0.3467671071187076 0.4352769648150161 0.3556880965036712 0.4858929932838824 0.06013694848001512 0.5151938375592923
0 0.3711221576918696 0.43463826999491195 0.6845149825825874 0.40356860770275704 0.6916927931264154 0.44429416483018663 0.37829996823569756 0.4753638271223416
0 0.700247927487827 0.39431338845368813 0.9329653799043879 0.3712418562365913 0.9408609662952869 0.41603993953144924 0.7081435138787261 0.43911147174854603
0 0.08313230461475926 0.5247532619855945 0.3771319986223255 0.49560622835456847 0.38584791365725013 0.5450587032430106 0.09184821964968397 0.5742057368740366
0 0.39311461951358456 0.49224585960169986 0.7034045659174372 0.4614838156691998 0.710787450811304 0.5033729263770536 0.4004975044074514 0.5341349703095537
0 0.710238960613496 0.45547862507335524 0.9344233716235906 0.4332530557940389 0.9438570625055863 0.48677805684990944 0.7196726514954918 0.5090036261292258
0 0.07699357803816892 0.5839657936521417 0.38495629909991486 0.5534344700798868 0.39480015951123515 0.609286696477864 0.08683743844948923 0.6398180200501191
0 0.39924031324070447 0.5449149298304704 0.6847070249324336 0.5166138532789993 0.6937305462851048 0.5678116289927632 0.40826383459337573 0.5961127055442342
0 0.7089595522539556 0.5153932901036264 0.9696031178695051 0.48955317214584576 0.9795495206631567 0.5459872048793497 0.7189059550476071 0.5718273228371306
0 0.08743932238923602 0.6521894682874172 0.4023835717507291 0.6209659982799912 0.4118172626327248 0.6744909993358619 0.09687301327123178 0.7057144693432877
0 0.414545498348114 0.6138406655578328 0.7194053704683093 0.5836169574161199 0.7282238278855652 0.6336512386400888 0.42336395576536984 0.6638749467818016
0 0.7338231287278563 0.5892911335712573 0.9898123618404507 0.5639124446175153 0.9977079586459733 0.6087105870030025 0.7417187255333787 0.6340892759567445
0 0.11527200804396377 0.7115859193647666 0.39375716189063115 0.6839769921775791 0.40206290739623135 0.7311022417239147 0.12357775354956392 0.758711168911102
0 0.4199712979849103 0.6849298451644856 0.7512057997426899 0.6520913648555856 0.7607420330070168 0.7061981722469828 0.42950753124923724 0.7390366525558829
0 0.7306268418274213 0.6517637267292034 0.9912702892617125 0.625923620487874 0.9987557165379104 0.6683945375312544 0.7381122691036193 0.6942346437725837
