0 0.14997370262298776 0.055554149361837606 0.4477628742907941 0.08971288547806781 0.43463172376036957 0.1541049597262094 0.13684255209256324 0.11994622360997921
0 0.4737608255566865 0.09032034303404586 0.7382904629065997 0.12066395165671841 0.7279984808296724 0.17113341147461747 0.4634688434797592 0.14078980285194492
0 0.7864827712912533 0.12500462400927387 1.0038301346890675 0.1499360585214273 0.9936564508596499 0.19982541155284012 0.7763090874618357 0.1748939770406867
0 0.15029197789391624 0.12386369858571017 0.42487681918276143 0.1553607173744448 0.4150580315977679 0.2035097426814599 0.1404731903089227 0.17201272389272532
0 0.4552153688179066 0.15409135798128365 0.7537780063811091 0.18833881665672508 0.7439592187961156 0.23648784196374018 0.44539658123291304 0.20224038328829885
0 0.7551339326821349 0.1778081294407594 1.027398287905523 0.2090389704140704 1.0153318246064758 0.268210068853958 0.7430674693830877 0.23697922788064696
0 0.13382122884013734 0.18134223059462912 0.3852017102902653 0.21017752867660477 0.3740816359750854 0.2647077580947244 0.12270115452495749 0.23587246001274878
0 0.4348863108948718 0.21884512925244373 0.7009629094953336 0.24936618637280197 0.6935100928681139 0.28591304649033644 0.4274334942676521 0.25539198936997826
0 0.7496283107646694 0.25138640502211274 1.01338445275943 0.28164128770631075 1.0045120541583041 0.32514944399155804 0.7407559121635433 0.29489456130736
0 0.12736019282539426 0.25184254523427035 0.3872489169639055 0.2816538049846224 0.3796778050929658 0.31878075715876514 0.1197890809544545 0.2889694974084131
0 0.4272241495823289 0.27970878844799246 0.7103172040998015 0.3121817655258401 0.7014448024948856 0.3556899365409654 0.4183517479774132 0.3232169594631178
0 0.7408377725824282 0.31390166769321637 0.9806160299235633 0.3414061003529175 0.9716253270673482 0.38549439288440707 0.7318470697262132 0.35798996022470597
0 0.10380076110685645 0.3013837792031417 0.4023634281298152 0.3356312412578465 0.39124335081084566 0.39016148540584417 0.09268068378788695 0.3559140233511394
0 0.41825154986486673 0.3392347771247248 0.7152672850970329 0.3733047940610071 0.7054484975120393 0.42145381936802223 0.40843276227987324 0.38738380243173987
0 0.7162682724658954 0.36451442213560503 0.9730630741033093 0.39397078489058573 0.9613515025430016 0.4514015777008926 0.7045567009055875 0.4219452149459119
0 0.08228870869356583 0.37193867725867613 0.376983987320031 0.40574251975879827 0.3666920067449986 0.45621197221175824 0.07199672811853337 0.42240812971163616
0 0.4006068918556489 0.41023326527508563 0.7130921806737892 0.44607776042969843 0.7048112733102118 0.4866853827825146 0.3923259844920715 0.4508408876279018
0 0.7316466051914842 0.4404882875707789 0.9636901446591443 0.4671054878798416 0.9545811525667884 0.5117738430081833 0.7225376130991282 0.4851566426991207
0 0.0905146603937758 0.43640584117171544 0.3836629777696923 0.4700322351741519 0.37360758768210006 0.5193415035138955 0.08045927030618351 0.48571510951145913
0 0.4002609331794364 0.4701551353910078 0.7096523289562355 0.5056447369295125 0.7011348311052179 0.5474125433955451 0.39174343532841877 0.5119229418570403
0 0.7184518077104777 0.5013110019200553 0.9419870161104865 0.5269522304229516 0.9311035412941158 0.5803222315382208 0.707568332894107 0.5546810030353245
0 0.06256008136725619 0.4919733742849687 0.36963099107859826 0.5271967980080497 0.35827431125703 0.582887285188776 0.05120340154568796 0.5476638614656949
0 0.38652011161953054 0.5220100537080575 0.6711601568473077 0.5546604826628543 0.6607498870361344 0.6057099977126663 0.37610984180835727 0.5730595687578697
0 0.6949014041091397 0.5585710511225286 0.9547901871671629 0.5883823176314074 0.9433152060942952 0.6446529263284979 0.683426423036272 0.6148416598196191
0 0.04717217409364539 0.5596686702140979 0.3612043947025782 0.595690610487133 0.3503209198862075 0.6490606116024022 0.036288699277274655 0.6130386713293671
0 0.37553652435516205 0.5913978220135799 0.6795135704849189 0.6262663554998164 0.6693398791460273 0.6761557453559243 0.36536283301627037 0.6412872118696878
0 0.6912430617500388 0.6347359979497016 0.9464909905161724 0.6640149223447867 0.9373819864086577 0.7086833363926405 0.6821340576425243 0.6794044119975555
0 0.051767351336978774 0.6225320632983578 0.32944605620740913 0.6543839723239371 0.3198638711250143 0.7013727545982238 0.04218516625458397 0.6695208455726445
0 0.3542610449847141 0.6607924736571225 0.6845363439945295 0.6986776214662259 0.6735345679268593 0.7526277440978594 0.343259268917044 0.714742596288756
0 0.6648991438365824 0.6940503756777885 0.9247878090555816 0.7238616286696139 0.9161520099532646 0.7662095566520106 0.6562633447342655 0.7363983036601853
