0 -0.08378229035412334 0.22659969329401025 0.2014766523721467 0.1539616156140963 0.2293998615040683 0.2156442312616086 -0.05585908122220173 0.28828230894152257
0 0.22492115156298192 0.14551270879002712 0.4783200385929555 0.0809874467099897 0.5002057954617207 0.129333276973019 0.24680690843174727 0.19385853905305642
0 0.5237547694076136 0.0681784718468183 0.7319566954211164 0.015162122804998165 0.7535908927104297 0.0629522557347275 0.5453889666969269 0.11596860477654765
0 -0.04151604407735329 0.287109043690289 0.22151494887659426 0.2201310709199573 0.2423944642337932 0.26625410479474615 -0.020636528720154316 0.3332320775650779
0 0.24765787736445227 0.2085160097688854 0.5336577404617348 0.1356892647997013 0.5545372558189336 0.1818122986744902 0.26853739272165134 0.2546390436436743
0 0.5283887426081176 0.12587533416635044 0.7891968897885401 0.059463384821698675 0.8148560563178769 0.11614471035943025 0.5540479091374547 0.18255665970408202
0 -0.020805606787240763 0.34381099279987043 0.2199974081742215 0.28249313212507743 0.24364409168042594 0.33472886488632825 0.0028410767189636487 0.3960467255611212
0 0.269415809435516 0.27300805443025483 0.524296565427677 0.2081054505857206 0.540144876420803 0.24311450957434821 0.28526412042864197 0.3080171134188825
0 0.568724952766441 0.1930736974301161 0.8213828912052396 0.1287371098253053 0.8402499235393058 0.17041455092361343 0.5875919851005074 0.2347511385284242
0 0.016790999339477655 0.4086082108998015 0.26574425126272655 0.34521498129921097 0.2818441154477874 0.38077972351105716 0.03289086352453857 0.4441729531116476
0 0.30002371612040046 0.3296687457481176 0.5712049178159717 0.2606154112379449 0.5900719565375551 0.30229286644633435 0.3188907548419837 0.37134620095650706
0 0.599346606902346 0.25159015868516765 0.8290355905373218 0.19310236483707893 0.848154195225874 0.23533553148884961 0.6184652115908982 0.2938233253369384
0 0.0263324341379082 0.4607171187362532 0.31233232545535333 0.3878903665811125 0.33597901534907465 0.4401261134524447 0.049979124031629546 0.5129528656075852
0 0.32864656413378684 0.3855954021287687 0.6131646147092072 0.3131459845521683 0.6340441300664063 0.3592690184269572 0.34952607949098585 0.4317184360035576
0 0.6086502532637019 0.304999156697652 0.854639767262576 0.24236061062605507 0.879544261441074 0.2973748582739682 0.6335547474422001 0.3600134043455651
0 0.05060598755355924 0.5307661931709472 0.33290122057561716 0.45888279183407027 0.354786974250624 0.507228615042059 0.07249174122856604 0.5791120163789358
0 0.35662476306979113 0.4547010975250364 0.6559614468267599 0.3784782766753812 0.6735706812635663 0.41737723110718966 0.3742339975065977 0.4936000519568449
0 0.6689916962702658 0.36710344500889264 0.8912714197547927 0.31050233842541813 0.910641564860246 0.3532911600802448 0.6883618413757191 0.40989226666371925
0 0.09752810603176193 0.5851318954092818 0.37834147009163255 0.5136258358369017 0.39972411738276936 0.560860292598453 0.1189107533228987 0.6323663521708331
0 0.3931463936235984 0.5079966766058235 0.689519367676355 0.43252853209920533 0.7076317084970316 0.472538852977451 0.41125873444427496 0.5480069974840691
0 0.694664655774626 0.42564053675991886 0.9087940576368783 0.37111482066011164 0.9319376155966618 0.42223914464468115 0.7178082137344095 0.4767648607444885
0 0.10687302110763158 0.6441081571791945 0.40102314938686323 0.5692060360982564 0.4251729712145224 0.622553205856351 0.13102284293529068 0.6974553269372892
0 0.4128230931650558 0.5587643212659278 0.6854861920429772 0.4893336378053017 0.7076234861348852 0.5382351160163462 0.43496038725696373 0.6076657994769722
0 0.708958171240277 0.4845961684266047 0.9579114796038513 0.421202924454101 0.9823128673984791 0.47510580565557686 0.7333595590349051 0.5384990496280806
0 0.13482373152911145 0.7095023268111658 0.43564225602810486 0.6329021713829703 0.4587858139878885 0.68402649536754 0.15796728948889496 0.7606266507957353
0 0.4457225054169814 0.6241377720175423 0.7369089522121635 0.5499903200936845 0.7585431654702692 0.5977804882986172 0.4673567186750871 0.6719279402224749
0 0.7525234942337596 0.553451361093256 0.9970312239309344 0.49119013522828625 1.0164013945864554 0.5339790133234382 0.7718936648892807 0.596240239188408
0 0.17753812632325355 0.7637000344555331 0.4435328007612505 0.6959673925281209 0.4639091841845117 0.7409790035161471 0.19791450974651476 0.8087116454435594
0 0.46949289867853194 0.6930754307514303 0.7858710331704115 0.6125131903889968 0.8092661570971639 0.6641932258169477 0.49288802260528447 0.7447554661793813
0 0.7656005971147373 0.6151958188434076 1.0145537925976607 0.55180260361473 1.0329176993853062 0.592368635936357 0.7839645039023827 0.6557618511650344
