0 -0.01698200465867179 0.15925211227518854 0.2802024556611634 0.12224941489716734 0.2944268692240434 0.18651073013281977 -0.0027575910957918616 0.22351342751084097
0 0.30516279030856835 0.11676203987731207 0.5691552554279257 0.0838921068856057 0.5803041192768903 0.13425907991761213 0.31631165415753293 0.1671290129093185
0 0.6167572871363461 0.07677535962296622 0.8336632899018642 0.049768203289250586 0.8446840063206058 0.09955624753985023 0.6277780035550878 0.12656340387356585
0 0.011649351432605285 0.22409915970720445 0.2856766016963025 0.18997978683041844 0.2963128741974375 0.23803103738681444 0.022285623933740315 0.27215041026360043
0 0.3139838938917316 0.18169612974611618 0.6119402494534649 0.1445973230156317 0.6225765219546 0.19264857357202764 0.3246201663928666 0.22974738030251218
0 0.608861705405893 0.13427266837256732 0.8805731817440968 0.10044163453500536 0.8936442651810952 0.15949257603803008 0.621932788842891 0.19332360987559202
0 0.019832678731032064 0.2825689033940462 0.2707026895386582 0.2513328586791068 0.2827485902799974 0.30575235523091066 0.03187857947237122 0.33698839994585
0 0.3215174275382424 0.24798030135919732 0.587053712541329 0.21491814600195297 0.5951270299302549 0.25139079153028 0.3295907449271684 0.2844529468875243
0 0.6341430483752157 0.20548568172585974 0.8973635888527421 0.17271186174722802 0.9069746786582182 0.21613166735240313 0.6437541381806917 0.24890548733103482
0 0.04292952671925467 0.3510795025845863 0.3022905027874916 0.3187862403501052 0.31049196435276355 0.3558377999598725 0.05113098828452661 0.38813106219435356
0 0.33947628018684006 0.30761243149811607 0.621994466311215 0.27243584476239974 0.6316055593705678 0.31585566506754137 0.34908737324619293 0.35103225180325764
0 0.6517144349995556 0.2669507167417511 0.8910057819792466 0.23715634159865215 0.9007450257226989 0.2811551053851671 0.661453678743008 0.31094948052826604
0 0.041084078805895576 0.40365927062481677 0.3390404637675619 0.3665604602337208 0.3510863677627779 0.4209799714854912 0.053129982801111544 0.45807878187658707
0 0.3556349445914304 0.36627893559128766 0.6520475390693006 0.32937234390511827 0.6626838115704358 0.37742359446151424 0.3662712170925655 0.41433018614768363
0 0.6493533932124975 0.3207844810971915 0.9056267295132762 0.2888756635937863 0.9183133739134829 0.34618983345255716 0.6620400376127041 0.3780986509559623
0 0.04989909977014141 0.4757327888518319 0.34399594972245146 0.4391145325442752 0.3551448119444776 0.48948149822629844 0.06104796199216755 0.526099754533855
0 0.36830949405727903 0.43787187033483066 0.6801602285725745 0.3990430623145045 0.6891305812269366 0.4395682240126455 0.37727984671164116 0.4783970320329717
0 0.6954762980468892 0.38940253109594336 0.9270486338077338 0.3605692567987 0.9369160152197783 0.4051469052667222 0.7053436794589341 0.43398017956396556
0 0.08445241203488744 0.5350833667786902 0.3770054421034683 0.4986573328366714 0.38789801597280255 0.547866470355814 0.09534498590422165 0.5842925042978329
0 0.3928310824458997 0.4949022300148803 0.7015942065936701 0.4564578630650187 0.7108208476007242 0.4981408529260403 0.40205772345295393 0.536585219875902
0 0.7081599611864675 0.4502863793350069 0.9312412434869021 0.4225103335391394 0.9430308461139191 0.4757719578281631 0.7199495638134843 0.5035480036240305
0 0.08092900814026346 0.5944158035242151 0.38737635836254053 0.5562597756135774 0.39967856372595567 0.6118371738280944 0.0932312135036786 0.649993201738732
0 0.40127674225279975 0.5473904727024052 0.685338777660837 0.5120216599405395 0.6966157775514554 0.5629675103040699 0.4125537421434183 0.5983363230659355
0 0.7095241876959907 0.510199991789244 0.9688852225640937 0.47790672223354014 0.9813155786116082 0.5340630639294305 0.7219545437435054 0.5663563334851343
0 0.09437849290850452 0.6623429432137792 0.40777301790759624 0.6233219164885265 0.419562620534613 0.6765835407775502 0.10616809553552133 0.7156045675028028
0 0.4196139767093795 0.6158987128280642 0.7229737459640644 0.5781271223272797 0.7339944705174981 0.6279152033277957 0.43063470126281334 0.6656867938285801
0 0.7376339089541435 0.583440447378789 0.992363513570992 0.5517238412590876 1.0022309079985443 0.5963015485269758 0.7475013033816954 0.6280181546466772
0 0.12481601771888895 0.7210162728006176 0.4019308489501784 0.6865124625139785 0.4123108200831142 0.733405826107628 0.1351959888518248 0.767909636394267
0 0.4281726669054931 0.6868143477529443 0.7577772859837743 0.6457749880198486 0.7696950392948907 0.6996155557902456 0.44009042021660943 0.7406549155233411
0 0.73719514067417 0.645958150834075 0.9965560579425407 0.6136648959208167 1.0059108496336944 0.6559268292632116 0.7465499323653237 0.68822008417647
