0 -0.07990895252449694 0.14491174282589156 0.2379476141412378 0.08423925191204239 0.2644847991326643 0.1624410504636802 -0.05337176753307047 0.2231135413775294
0 0.26102527236990136 0.06977092664703298 0.5470800924222743 0.015168756075103396 0.5682907848062821 0.07767404039560835 0.2822359647539093 0.13227621096753794
0 0.5952444790486273 -0.002182608668960615 0.8303019513766549 -0.04705040077926908 0.8510633109683835 0.014130755435115282 0.6160058386403561 0.058998547545423746
0 -0.040837665696380324 0.21676704328036153 0.2518745972823865 0.16089409938542587 0.27196725621919804 0.22010467756283802 -0.020745006759568745 0.27597762145777366
0 0.27815458355528805 0.1426428953103923 0.6007487167826522 0.08106609725203633 0.6211763888230204 0.14126391756703627 0.2985822555956563 0.20284071562539224
0 0.5926283537034487 0.06359974870510794 0.8511076158583977 0.014261203181186986 0.8756906012365966 0.08670421742572171 0.6172113390816476 0.13604276294964265
0 -0.024820414302026705 0.2829958821157511 0.24299454054700453 0.2318753387048654 0.2651657118812056 0.2972110355729092 -0.002649242967825624 0.34833157898379485
0 0.29473239463532086 0.2184963239727378 0.5816022538159793 0.16373857865643823 0.5972439216440458 0.20983263712184383 0.31037406246338745 0.2645903824381433
0 0.6289622179428439 0.14360581627514532 0.8788157552226865 0.09591374991508131 0.8972071793991406 0.1501109998867509 0.6473536421192978 0.19780306624681487
0 0.008508213187362704 0.3585636469847133 0.28497479971866063 0.30579167931621803 0.300527780509209 0.35162438806256424 0.02406119397791111 0.40439635573105953
0 0.3209758245877382 0.2848104746530194 0.626261409115329 0.22653753397516327 0.6444918056520105 0.2802602554295535 0.3392062211244196 0.3385331961074097
0 0.6553975257912269 0.21331227037113387 0.9026393276588891 0.16611873230868254 0.9209392238037925 0.22004626050362755 0.6736974219361301 0.2672397985660788
0 0.012463207479760546 0.4175936629528554 0.3301860522757589 0.35694669688189895 0.3523490693812921 0.4222583642476488 0.03462622458529379 0.4829053303186052
0 0.34521920644664444 0.3501913690075783 0.665503186068262 0.2890555332836632 0.6854111203633295 0.347721750812956 0.365127140741712 0.4088575865368712
0 0.6585707199922174 0.2750679298745753 0.9225138346393059 0.22468644368039734 0.9458432519209725 0.2934353479510433 0.6819001372738842 0.3438168341452213
0 0.030813323573470133 0.49845140719903086 0.34400158178635026 0.4386700034354646 0.36442899043141147 0.4988670475571062 0.0512407322185314 0.5586484513206725
0 0.3674816794912565 0.43045682216579534 0.7040345563774634 0.3662155778237151 0.7210000563692216 0.4162108057694042 0.3844471794830147 0.48045205011148445
0 0.7172529823869142 0.35036056872434557 0.9500793356440833 0.30591865282913105 0.9682775415989624 0.3595465126245258 0.7354511883417933 0.4039884285197403
0 0.0749100940391221 0.5628409383561521 0.38650212324625866 0.5033642229331896 0.4063320778293123 0.5618006439059905 0.09474004862217579 0.621277359328953
0 0.4006792552120636 0.49348374819645086 0.7338669042758196 0.4298848588531126 0.7510929132520789 0.4806477745220261 0.417905264188323 0.5442466638653645
0 0.7378576080835975 0.41921958109209373 0.9732780645280066 0.3742825025399978 0.9945830328304195 0.43706560631956576 0.7591625763860105 0.4820026848716617
0 0.07822421943960757 0.6298273183312592 0.4043521624664535 0.5675759863307562 0.4264588154264716 0.6327215555382222 0.10033087239962564 0.6949728875387251
0 0.4159037897469098 0.5528515831198757 0.7223352811651403 0.4943599116284964 0.7427780071661262 0.5546020941015773 0.4363465157478957 0.6130937655929567
0 0.745900879224863 0.48709540250697764 0.9953993748319908 0.43947110653431765 1.0178329123938812 0.5055799641913126 0.7683344167867534 0.5532042601639726
0 0.10083004828871604 0.7052119890575439 0.43407144603488634 0.6416028401607232 0.45515218529987883 0.7037251687292261 0.12191078755370843 0.7673343176260466
0 0.4436729577178638 0.628917511986669 0.7707536474053717 0.5664843196152491 0.7906605783480836 0.625147580389377 0.4635798886605757 0.6875807727607969
0 0.7851849276509343 0.5685479126614232 1.023747949119796 0.5230109810061105 1.0416115303260596 0.5756527430978459 0.8030485088571978 0.6211896747531586
0 0.14058941354848756 0.769335005670732 0.4350524510459481 0.7131278737733527 0.453471574607946 0.7674067504047075 0.15900853711048535 0.8236138823020868
0 0.4610367956999545 0.7083345153400077 0.8162267177360721 0.6405358300918597 0.8375453090887836 0.7033590793139619 0.4823553870526657 0.77115776456211
0 0.791800561299184 0.639772054585833 1.0468494964752266 0.5910882901936735 1.0637066956673016 0.6407643690916186 0.8086577604912587 0.6894481334837781
