0 -0.10778062223344217 0.22065012474725948 0.15718809554609994 0.16214477748197292 0.17155201499972747 0.1987374838331612 -0.09341670277981465 0.2572428310984477
0 0.18840182108449657 0.14607639894108426 0.4391087400355548 0.09072007054897029 0.4638588725167572 0.15377210401111296 0.21315195356569897 0.20912843240322693
0 0.5015471143271142 0.08978051484490375 0.7995431030452855 0.023982714448991853 0.8238512759390327 0.08590883673800018 0.5258552872208613 0.15170663713391208
0 -0.08316380989506866 0.2812845795759948 0.1998198011349865 0.21880152658604513 0.22059223280125267 0.27172019510251594 -0.06239137822880247 0.3342032480924656
0 0.21668772785741205 0.21813585169152197 0.5041749835800047 0.15465838962979808 0.5216326706458668 0.1991326028439845 0.23414541492327426 0.26261006490570843
0 0.5212638985128325 0.15455569176368505 0.8102524834894332 0.0907467347613457 0.8305829499571278 0.14253947781012022 0.541594364980527 0.2063484348124596
0 -0.059956911642796554 0.3507949352101656 0.20801426452089444 0.2916266422511902 0.22790277140113374 0.3422934741268303 -0.04006840476255725 0.4014617670858058
0 0.25145891046544355 0.2734694322965448 0.510422682887564 0.21628998273114192 0.5327419983599475 0.27314940467911186 0.2737782259378271 0.3303288542445147
0 0.5547549060008853 0.21078369216813542 0.8767706761487434 0.13968230097268872 0.8979850730135812 0.19372689495685588 0.5759693028657231 0.2648282861523026
0 -0.036665992094579825 0.40805162078309287 0.21178907592108573 0.35319250323937207 0.23432937960387154 0.41061490221575214 -0.014125688411794025 0.46547401975947295
0 0.2730312450882504 0.34089368530040565 0.5665234747573887 0.276090319226292 0.5855280344071353 0.3245052572828536 0.29203580473799695 0.38930862335696725
0 0.5835667723487431 0.27171537131851453 0.8597947733943723 0.21072396349875633 0.8827770534979628 0.2692723165319566 0.6065490524523334 0.3302637243517148
0 -0.007278837599763245 0.47252681118185663 0.2742035013545316 0.41037524050751045 0.295196932453433 0.46385691464151535 0.013714593499138132 0.5260084853158616
0 0.3207875723309164 0.40437177084148773 0.5632376664000364 0.3508385573101566 0.5791484584375483 0.39137198850372 0.33669836436842826 0.44490520203505113
0 0.6071699809187732 0.338079465034696 0.8751410999042164 0.2789111847007327 0.8930407409464173 0.3245112947934915 0.625069621960974 0.3836795751274548
0 0.008418230647938407 0.5332954863573243 0.2883993261155968 0.4714753916860755 0.30872979258329125 0.52326813473485 0.028748697115632924 0.5850882294060988
0 0.33123030574228157 0.4663005771261664 0.6217200484381471 0.40216016305824764 0.6391777355040091 0.44663437627243413 0.34868799280814383 0.5107747903403529
0 0.6366412026655494 0.39030094415808037 0.9218766074527491 0.32732069294474964 0.9415441317337027 0.3774245620865416 0.6563087269465028 0.44040481329987236
0 0.029811596391760727 0.5940299098513383 0.33606435281362257 0.5264090072196556 0.35926760990538226 0.5855203086921421 0.0530148534835205 0.6531412113238249
0 0.3560224547493436 0.5232257509595913 0.6209911439397618 0.46472041000681086 0.6426475060031714 0.5198909294586743 0.3776788168127531 0.5783962704114549
0 0.6799814790048831 0.4529188457999235 0.9276858823935448 0.3982254757265104 0.9455855234357456 0.44382558581926923 0.6978811200470842 0.4985189558926823
0 0.06251348373120677 0.6669496047485786 0.3304846598948978 0.607781311789603 0.3519200674146038 0.6623889399804282 0.08394889125091273 0.7215572329394035
0 0.39141820110643993 0.5967741510073756 0.6436263349550105 0.5410863529246703 0.6577692661982358 0.5771160822474484 0.4055611323496651 0.6328038803301538
0 0.6900278446534719 0.5179939655202613 0.9662558456991012 0.4570025577005032 0.9879121965402777 0.5121730485632427 0.7116841954946485 0.573164456383001
0 0.07790190972872385 0.7290099402370381 0.3361150461129641 0.671996231829437 0.35666650079106094 0.7243519519066216 0.09845336440682066 0.7813656603142227
0 0.3909102475458875 0.65989739874767 0.6761457095113352 0.5969171349093272 0.6944873269743408 0.6436431990589062 0.40925186500889305 0.7066234628972491
0 0.7227261283717458 0.5805145435998383 0.977186141744833 0.5243295283562337 1.0003894100588258 0.5834408584178442 0.7459293966857384 0.6396258736614487
0 0.10675942761829546 0.7942138774111378 0.3807355777285321 0.7337196804397726 0.4015080206170313 0.7866383775453675 0.12753187050679457 0.8471325745167324
0 0.44360865814241685 0.713107882380308 0.6860587808006607 0.6595746625364707 0.7079361198522397 0.7153081304276205 0.4654859971939957 0.7688413502714576
0 0.7333478219786499 0.6491331968451789 0.9938128092982828 0.5916222775891845 1.0123754149716906 0.6389113187671738 0.7519104276520577 0.696422238023168
