0 0.18953204584091565 0.018748762814302395 0.4546770910458516 0.07680301986275909 0.4404239208458176 0.11342007738171221 0.17527887564088168 0.05536582033325552
0 0.4925177285979397 0.0759180789158122 0.7433914842454861 0.13084759677958124 0.718832181203803 0.19394158916736387 0.46795842555625655 0.13901207130359483
0 0.7966228153719696 0.15534110098837173 1.0948171100105855 0.22063158461009316 1.07069635894226 0.2825989165701877 0.7725020643036438 0.2173084329484663
0 0.16660096204951955 0.07975386988060622 0.4497728887871032 0.14175516359146603 0.4291606175359514 0.19470904763319952 0.14598869079836774 0.1327077539223397
0 0.46444999839504947 0.14802550358557814 0.7521285668433854 0.21101353923649227 0.7348054827191685 0.2555173484859321 0.4471269142708327 0.1925293128350181
0 0.766586392112873 0.21784723090056013 1.0557672888973888 0.28116420558683264 1.0355935751874479 0.3329914148968036 0.7464126784029321 0.26967444021053105
0 0.13609330236681946 0.14765895901739573 0.4042428039870725 0.20637105028972372 0.38450764225048906 0.2570715991720066 0.116358140630236 0.1983595078996786
0 0.4538820843824551 0.20868081625562185 0.7130181881486078 0.2654193985925009 0.6908709599353646 0.3223166584994778 0.4317348561692118 0.2655780761625987
0 0.754297042642387 0.2787369794841371 1.076527103036136 0.34929016195216916 1.0554762742437733 0.4033707207256652 0.7332462138500243 0.33281753825763316
0 0.11447788841512929 0.2052840490404492 0.3630982945991506 0.2597201896703559 0.3407317820474485 0.31718080124728865 0.09211137586342719 0.26274466061738183
0 0.423500401438309 0.2741680998270794 0.7171879399335772 0.3384718164534062 0.6983299099829755 0.38691897295994054 0.4046423714877075 0.32261525633361365
0 0.7346829988528915 0.3416910444558445 1.0110948199836018 0.4022121939374474 0.988289738754982 0.46079950885429155 0.7118779176242718 0.40027835937268863
0 0.09279706505020921 0.271453681217435 0.3744667206679108 0.33312604842060656 0.35363515394259326 0.3866433127404448 0.07196549832489176 0.3249709455372733
0 0.4179988991854337 0.3469370320223365 0.6606103353225228 0.4000574916768306 0.6448222192961043 0.4406178964528781 0.4022107831590151 0.38749743679838405
0 0.7067739385750226 0.40710838219935747 0.9749233829789777 0.46582046094401525 0.9571617524492567 0.5114509163170687 0.6890123080453017 0.45273883757241085
0 0.06226152666832112 0.32895972424065517 0.3424289397742896 0.3903031711999735 0.3222552260643487 0.44213038050994447 0.042087812958380155 0.3807869335506261
0 0.38220555175633575 0.4032918318477566 0.6728886052281376 0.46693770798637707 0.6555655211039207 0.511441517235817 0.3648824676321188 0.4477956410971965
0 0.6939854292931172 0.4629979991821284 0.979410648277928 0.5254926575991803 0.95989476531195 0.5756298691155819 0.6744695463271393 0.5131352106985301
0 0.03654527080006673 0.388743645413132 0.34300182773284227 0.4558431747164582 0.31997747330147047 0.5149938126951091 0.013520916368694907 0.44789428339178294
0 0.3620923942360121 0.461245806354477 0.627237410832799 0.5193000571390987 0.6057480244992255 0.5745072906443572 0.3406030079024385 0.5164530398597356
0 0.685386151504872 0.5332546329741833 0.9332553935208034 0.5875263040864108 0.9154937629910824 0.6331567594594644 0.6676245209751511 0.5788850883472368
0 0.01157521499650251 0.4633633890307998 0.27972471661675563 0.5220754803031278 0.2584545812145205 0.5767194479628777 -0.009694920405732622 0.5180073566905495
0 0.3389371732669856 0.5374856113335222 0.5913131428181161 0.5927440431773094 0.5772792569565409 0.6287977490263067 0.32490328740541047 0.5735393171825196
0 0.6469941192309371 0.5920972042934785 0.9234059403616474 0.6526183537750814 0.9019165651637805 0.707825558672191 0.6255047440330703 0.6473044091905881
0 -0.020149987878388488 0.5218316497957735 0.2382349803278232 0.5784057688788085 0.21784198227942345 0.630796329858735 -0.04054298592678829 0.5742222107757001
0 0.2930666460531113 0.5904113170645214 0.57849192225422 0.6529059880092434 0.5602917230475813 0.6996631467222084 0.27486644684647266 0.6371684757774864
0 0.6295074453824859 0.6579624592164172 0.8841367930052906 0.7137142745579016 0.8611124274382119 0.7728649411447016 0.6064830798154073 0.7171131258032172
0 -0.04280124227741524 0.58840019899702 0.23135722938977007 0.6484279712447606 0.21074494700291144 0.7013818838946432 -0.06341352466427386 0.6413541116469024
0 0.29911667587740953 0.6565392072005285 0.5417281406226476 0.7096596731188576 0.520019481086322 0.765430229685923 0.2774080163410839 0.7123097637675939
0 0.5890486510055684 0.7200206326129749 0.8496869686753052 0.7770881289298721 0.8312674851302077 0.824408639312793 0.5706291674604709 0.7673411429958957
