0 0.10594985420474716 0.05448922914883145 0.3791035719606009 0.08523538890814014 0.37155493952041513 0.12295846001758204 0.09840122176456141 0.09221230025827333
0 0.4164406328044105 0.08053665524415715 0.6748919985070391 0.10962791947877783 0.6618851271200433 0.17462765792556487 0.40343376141741477 0.14553639369094415
0 0.7320363422903451 0.12852202447622096 1.0392375578784618 0.16310056776065943 1.0264629483396257 0.22693961514405686 0.7192617327515091 0.19236107185961843
0 0.09418130497952308 0.11725466155770832 0.38590640394440945 0.15009121444179338 0.3749899231019943 0.2046445638526109 0.08326482413710798 0.17180801096852583
0 0.40157568208976696 0.15482207085139318 0.6979435453082116 0.18818121289383744 0.6887690533917523 0.23402925407215153 0.39240119017330777 0.20067011202970733
0 0.7134966881062966 0.19349243693932286 1.0114122572982787 0.22702578863746492 1.0007280412528183 0.2804184322487656 0.7028124720608363 0.24688508055062358
0 0.07614410697540538 0.18762244945551285 0.3523930303725525 0.21871700530445554 0.3419410761752517 0.2709489578523667 0.06569215277810467 0.239854402003424
0 0.40199488232435254 0.21599223156174305 0.668958159325365 0.2460415958243893 0.6572287487448131 0.3046574302696429 0.39026547174380066 0.27460806600699667
0 0.7122522268023943 0.2550687607981004 1.0442152054098757 0.29243448606918865 1.033066459770506 0.348148541279523 0.7011034811630245 0.31078281600843477
0 0.06507235066664803 0.2469057718339029 0.321202304770243 0.2757357381719495 0.30935675884241864 0.3349319402530888 0.05322680473882364 0.3061019739150422
0 0.38364838892523256 0.2839515137181232 0.6862067223707727 0.31800745457462437 0.676219306613767 0.3679179513151202 0.3736609731682268 0.33386201045861896
0 0.7041204448848183 0.31943038187045525 0.9888812501080946 0.35148303443002904 0.9768034334857252 0.41183997178293963 0.6920426282624488 0.37978731922336595
0 0.055469980315947895 0.3146624121117483 0.34564743225180583 0.3473247619749246 0.3346148101645279 0.4024585084938823 0.044437358228670024 0.3697961586307059
0 0.3912628906941513 0.35661325265876714 0.6412023745706505 0.38474642018275673 0.6328408182899182 0.42653194685438023 0.382901334413419 0.39839877933039064
0 0.6882114925344142 0.3870706237597783 0.9644603569870522 0.4181651729739319 0.9550536061712285 0.4651738904795084 0.6788047417185903 0.4340793412653548
0 0.03553797593228111 0.3747286924281134 0.3241678103113651 0.4072168425877754 0.3134835942659047 0.4606094861990762 0.024853759886820773 0.42812133603941405
0 0.36591426023162055 0.4160698078579723 0.665377358563613 0.44977734930744506 0.6562028666471537 0.49562539048575915 0.35673976831516124 0.46191784903628647
0 0.6855746287211737 0.4437427756807438 0.9796210803405846 0.4768406198266139 0.9692852585417613 0.5284922194747667 0.6752388069223504 0.4953943753288965
0 0.020790356413036205 0.4365653611114706 0.33650339488277314 0.47210199447175116 0.3243094488107215 0.5330392699882929 0.008596410340984555 0.4975026366280125
0 0.35639012885162497 0.4755272930995585 0.629543817135224 0.5062734495414728 0.6181628066988994 0.5631482105513238 0.3450091184153003 0.5324020541094096
0 0.6896684808447946 0.514227971399454 0.9450245819616208 0.5429708329096518 0.9356178311457971 0.5899795504152281 0.6802617300289707 0.5612366889050305
0 0.009445958817740383 0.5130273505128067 0.2856948822148874 0.5441219063617493 0.2744299894330645 0.6004163881524782 -0.0018189339640824898 0.5693218323035356
0 0.34713492226678977 0.5534112911730772 0.6071338760539379 0.5826767517938177 0.5997013789610245 0.6198194552673738 0.33970242517387644 0.5905539946466334
0 0.6621915236759262 0.5764121011539726 0.9469523288992024 0.6084647537135462 0.9355713243604682 0.665339485251143 0.6508105191371918 0.6332868326915693
0 -0.011492104405140868 0.5741672384356287 0.25469734908135744 0.6041295011878205 0.24389699768862458 0.6581025124350068 -0.022292455797873718 0.628140249682815
0 0.3111851983339515 0.610487768803026 0.6052317088978715 0.6435856195836851 0.5955926873875026 0.6917550723610328 0.30154617682358265 0.6586572215803738
0 0.6566904472779883 0.6434435332323895 0.9190108421364246 0.6729702950670985 0.9068168901667826 0.7339076000558948 0.6444964953083464 0.7043808382211857
0 -0.021984439515217957 0.6424171743111599 0.2604549541090248 0.6742085289741594 0.24953846736901947 0.7287619078572315 -0.03290092625522332 0.6969705531942318
0 0.3290535914886729 0.6754022684082404 0.5789931048374267 0.7035354392496244 0.5674959649514199 0.7609905384231067 0.31755645160266605 0.7328573675817226
0 0.6277429252506601 0.7090227149820477 0.896253790336192 0.7392462756308136 0.8864986334785506 0.7879960960440471 0.6179877683930187 0.757772535395281
