0 -0.05333414625935994 0.1629587274000588 0.21960944022368342 0.13118020622057233 0.2274115325095005 0.16887425778376142 -0.045532053973542874 0.20065277896324787
0 0.25337664856771824 0.118340484293422 0.5116291932003617 0.08827242493722758 0.5250727952985182 0.1532221604849716 0.2668202506658749 0.183290219841166
0 0.5736871574360625 0.09351862100304935 0.8806520497444863 0.05777903665422257 0.8938555913564323 0.12156897403321708 0.5868906990480085 0.15730855838204383
0 -0.03959747092616801 0.2254988218407882 0.25190321020227135 0.19155971856880005 0.263186232874757 0.24607110126270101 -0.028314448253682335 0.28001020453468917
0 0.2687408084460469 0.19256874361470153 0.5648806822494843 0.1580895042487396 0.5743632253690346 0.203902275516295 0.27822335156559724 0.23838151488225698
0 0.5818383153080751 0.1596784504662025 0.879524704468174 0.12501915202045297 0.8905676636066424 0.17837072182081332 0.5928812744465436 0.21303002026656287
0 -0.028819571455532912 0.29669775342145355 0.247216839593758 0.2645591380838688 0.2580197382460159 0.31675090971547964 -0.018016672803274965 0.34888952505306436
0 0.2934754833291841 0.2508589450139505 0.5602333912301501 0.219800615579443 0.5723566393195024 0.27837135812552716 0.30559873141853644 0.30942968756003464
0 0.6051466832990524 0.21872859681931484 0.9368542899357849 0.18010824549057225 0.9483773761422879 0.23577944107801382 0.6166697695055552 0.2743997924067564
0 -0.015803085200489165 0.3557584165439567 0.24012983364507307 0.3259604286635316 0.2523731165492405 0.385111092381177 -0.0035598022963216638 0.4149090802616022
0 0.3030000290269396 0.31982828428104154 0.6053256108620364 0.28462884974131825 0.6156483733028403 0.33450095141147473 0.3133227914677435 0.36970038595119803
0 0.6229894719134509 0.28197836915958413 0.9075312167814824 0.24884948717246871 0.9200145693152803 0.30915999323323695 0.6354728244472487 0.34228887522035234
0 0.001986695236794501 0.4225776502471767 0.2919409199077369 0.3888185991974113 0.30334398349065095 0.44390993251245575 0.013389758819708532 0.4776689835622212
0 0.33917382913454236 0.3874765401254872 0.5889210399484451 0.3583987474188234 0.5975633515555158 0.40015212938461353 0.347816140741613 0.42922992209127725
0 0.6347136146790857 0.3500977452289266 0.9107499668292125 0.3179591367489067 0.9204725673871667 0.3649316914604206 0.6444362152370402 0.3970702999404405
0 0.006857970899802257 0.48436828856834346 0.29526576856282977 0.4507892863120184 0.30630872770129824 0.5041408561123788 0.017900930038270767 0.5377198583687038
0 0.3386326336238171 0.4498973163453306 0.6378653614430843 0.41505797939248795 0.6473479045626347 0.4608707506600434 0.34811517674336756 0.49571008761288604
0 0.6547420347043291 0.4047786741668375 0.9485622827206854 0.3705695062766449 0.9592451496059348 0.42218137146148543 0.6654249015895786 0.45639053935167806
0 0.017381786851931456 0.5466885559956097 0.33285195407993123 0.5099587118548172 0.3454553353329311 0.5708491096375646 0.02998516810493129 0.6075789537783572
0 0.3531955392672593 0.5087778938624158 0.6261390963007205 0.47699937611171167 0.6379022460412406 0.5338303845926938 0.3649586890077793 0.5656089023433979
0 0.6866896750389256 0.4711373473793642 0.9418493362061573 0.44142938903883283 0.9515719367641117 0.4884019437503467 0.69641227559688 0.518109902090878
0 0.03697202653598806 0.622206448728331 0.313008437585279 0.5900678333907462 0.3246515707978234 0.6463190090489135 0.04861515974853243 0.6784576243864981
0 0.3753455124467874 0.5851855228697346 0.6351444546377635 0.5549374181488822 0.6428265121087654 0.59205154854051 0.3830275699177893 0.6222996532613623
0 0.6852021702287618 0.5366377244944641 0.9697439150967934 0.5035088425073487 0.9815070587417002 0.5603398215387487 0.6969653138736686 0.5934687035258641
0 0.041310166953846615 0.6852469226253673 0.30729484662606427 0.6542786193019711 0.31845784057934795 0.7082101102738929 0.0524731609071303 0.7391784135972891
0 0.36373924099267213 0.6477068606284844 0.6575595479081927 0.613497685880727 0.6675222180957774 0.6616300829353635 0.3737019111802568 0.6958392576831209
0 0.7066179399270244 0.6018470250349339 0.9687365373546638 0.5713288454095299 0.9813399247032769 0.6322192726418594 0.7192213272756374 0.6627374522672637
0 0.05844676007281016 0.7527361330608423 0.34066887915376043 0.7198773225494962 0.3519519079218593 0.7743887346929793 0.06972978884090902 0.8072475452043254
0 0.40661790399525816 0.7056662072330805 0.6563651442587431 0.6765884110976343 0.668248322718465 0.7339993113005957 0.4185010824549801 0.7630771074360418
0 0.7050774624849411 0.6709168895337844 0.9733817679442399 0.6396785147346189 0.9834644729466397 0.6883908329608169 0.7151601674873409 0.7196292077599823
