0 -0.12639170157177787 0.24482136973045066 0.13414462267310903 0.1760240147238859 0.15103538073418035 0.2120045987218932 -0.10950094351070656 0.28080195372845795
0 0.16419764056799865 0.1587557280046301 0.4107107371842385 0.09366135365652843 0.4398148059635908 0.15565865345876417 0.19330170934735097 0.22075302780686581
0 0.47299863357253696 0.09027903596024074 0.766009748963712 0.012906370997451759 0.7945941105358096 0.07379659385516026 0.5015829951446344 0.15116925881794924
0 -0.09758900580788327 0.30440960435774733 0.18066085876917884 0.23093480283316722 0.20508748680394062 0.28296824849706675 -0.07316237777312146 0.35644305002164683
0 0.19745947350416518 0.22960976926918786 0.4801376458593362 0.15496562652828458 0.500666413754989 0.19869587563696683 0.21798824139981796 0.27334001837787014
0 0.49719612409524955 0.1541941525197329 0.7813505114866652 0.0791601996814894 0.8052574257159725 0.130086554345419 0.5211030383245568 0.20512050718366248
0 -0.06957664599570122 0.3729168316518529 0.19391191154547702 0.3033399084114312 0.21729911856752948 0.3531591861308335 -0.046189438973648744 0.4227361093712553
0 0.23603382286500807 0.283506878817903 0.4906656524064269 0.21626866770202685 0.5169112853584794 0.27217694592126385 0.2622794558170607 0.33941515703714004
0 0.5345542839878877 0.20903457312792453 0.8511833781929354 0.12542533260238117 0.8761297200331518 0.17856586926625062 0.559500625828104 0.26217510979179404
0 -0.042333088349070395 0.4291838003069611 0.2019658262672296 0.36467410398999583 0.22847132272020929 0.4211359417646605 -0.01582759189609078 0.48564563808162575
0 0.26226867895814415 0.34999482876548543 0.5508513741276686 0.27379153471091866 0.5731991337442126 0.3213965882640531 0.2846164385746881 0.39759988231861976
0 0.5675669996625654 0.26875541884019616 0.8391742620180369 0.19703466625497476 0.866199485472871 0.25460362314049484 0.5945922231173991 0.32632437572571615
0 -0.00849928255438061 0.4924208092218631 0.2682744232082077 0.4193358029486736 0.2929609279402962 0.4719228362788862 0.016187222177707856 0.5450078425520757
0 0.31437723593056527 0.4115170621658077 0.5527716277325117 0.3485665171625058 0.5714813775144743 0.3884219056049652 0.3330869857125277 0.45137245060826714
0 0.5957561874511136 0.33410515931209983 0.8592446887705213 0.26452825091762777 0.880293157275229 0.30936556291539463 0.6168046559558213 0.3789424713098667
0 0.011405165797924137 0.5524922292710298 0.286702740856924 0.47979701082625614 0.3106096550862313 0.5307233654901858 0.03531208002723136 0.6034185839349594
0 0.3291152417347965 0.4729527040805697 0.6147456754971443 0.3975289856828347 0.635274443392797 0.44125923479151696 0.3496440096304493 0.5166829531892521
0 0.6288212341056233 0.38510186663116963 0.9092852244608546 0.3110424019214027 0.9324125745801799 0.36030813414082 0.6519485842249486 0.434367598850587
0 0.036995764764600265 0.6123064725767557 0.33812552874829793 0.5327899931151165 0.3654106025076592 0.5909124814451788 0.06428083852396153 0.670428960906818
0 0.3578349135895162 0.5288298497686553 0.6183712097235177 0.4600325021850653 0.6438372653691886 0.5142801298489047 0.3833009692351871 0.5830774774324947
0 0.6764599002090916 0.4459379471580193 0.9200207073072695 0.3816231558897242 0.9410691758119772 0.42646046788749103 0.6975083687137994 0.4907752591557862
0 0.07472742238211304 0.6838467276361778 0.3382159799232913 0.6142698043957562 0.36342221165723393 0.6679639568368242 0.09993365411605569 0.7375408800772459
0 0.3983005091787515 0.6008925066624489 0.6462897083876944 0.5354083519089061 0.6629206029478385 0.5708353763514858 0.4149314037388957 0.6363195311050285
0 0.6910210242552426 0.5105311295910269 0.9626282866107143 0.4388103770058055 0.9880943290599856 0.4930579765587595 0.7164870667045139 0.5647787291439809
0 0.09441353324352086 0.7452201288880351 0.34830728337770267 0.6781768153978542 0.372474061107937 0.7296567296172114 0.11858031097375518 0.7967000431073924
0 0.4021858713379236 0.6639496079100121 0.6826499179149256 0.5898901283542956 0.7042181134214874 0.6358345594629177 0.4237540668444855 0.7098940390186342
0 0.7280254289480059 0.5716865816464067 0.9782288382677744 0.5056177414387529 1.0055139252235352 0.5637402578797006 0.7553105159037667 0.6298090980873545
0 0.12776913632830042 0.8092056230949456 0.3971622166838322 0.7380695485408605 0.42158885791499356 0.7901030223156453 0.15219577755946184 0.8612390968697303
0 0.45851527384457236 0.7150247835879446 0.6969096937574042 0.6520742311616678 0.7226355997076027 0.7068753902700496 0.48424117979477077 0.7698259426963261
0 0.7434076844214541 0.6397959479699553 0.999515616555576 0.572167956448638 1.021343675563065 0.618665947112688 0.7652357434289431 0.6862939386340051
