0 -0.12530033319090375 0.24332015959518252 0.13552803289019769 0.17514810053646382 0.15226527163979797 0.21116901609226565 -0.10856309444130346 0.27934107515098433
0 0.16565453467917554 0.15795198980169617 0.412443954136752 0.09344925518310973 0.44128349739369394 0.1555160493459766 0.1944940779361175 0.22001878396456306
0 0.47474595526401797 0.09021636371284884 0.768085514316238 0.01354693528975922 0.7964100739604694 0.07450541155720786 0.5030705149082494 0.1511748399802975
0 -0.09675188836978105 0.30297717800564977 0.18180987360436396 0.23017018552195107 0.20601448915727635 0.282261956807279 -0.07254727281686864 0.3550689492909776
0 0.19861405279912903 0.22888545328882604 0.48160908635494687 0.1549197476765286 0.5019512692375828 0.19869901514103833 0.21895623568176495 0.2726647207533358
0 0.49867076716341086 0.15418919549790938 0.7831436704827024 0.07983722275404816 0.8068332958846751 0.13082066207276002 0.5223603925653836 0.20517263481662126
0 -0.06903180894703484 0.3715512477021347 0.19475209966424414 0.3026067058688424 0.21792674145350635 0.352481827292136 -0.04585716715777267 0.42142636912542836
0 0.23695837005145862 0.2828748148282099 0.49187562292980924 0.21624772867414607 0.5178827105492396 0.272218675913828 0.26296545767088886 0.33884576206789174
0 0.5357948785821105 0.2091189460191188 0.8527788904453335 0.12626962597740973 0.8774984961491856 0.1794697292293537 0.5605144842859626 0.26231904927106275
0 -0.0420283313096166 0.4278832772483526 0.2025444242147278 0.36395990654957333 0.22880901344785692 0.42048503384376107 -0.015763742076487428 0.48440840454254036
0 0.2629095657020989 0.34942535383733586 0.5518157406030633 0.2739146679648758 0.573960382475759 0.3215730832413439 0.28505420757479466 0.3970837691138039
0 0.5685527562854624 0.2689186733401565 0.8404644701751199 0.19784978732689454 0.8672440626356469 0.2554832747300939 0.5953323487459894 0.3265521607433559
0 -0.008464361750391187 0.49120111932400495 0.2686195867450715 0.4187803792608547 0.293081716988141 0.47142635874308403 0.015997768492678286 0.5438470988062343
0 0.31475550533586544 0.4110722645061697 0.5534171195150634 0.3486938740675529 0.5719568172547234 0.38859393743531306 0.33329520307552535 0.4509723278739299
0 0.5964631273320942 0.3343356965173651 0.860246979658582 0.2653911693950882 0.8811041396156996 0.3102787406838184 0.6173202872892117 0.37922326780609533
0 0.011183820708339147 0.5513199766090101 0.2867899838675153 0.4792854816109004 0.3104796092694881 0.5302689209296123 0.0348734461103119 0.602303415927722
0 0.32923145418353 0.47254294402091374 0.6151820584119211 0.397804748278535 0.6355242412945571 0.4415840157430448 0.349573637066166 0.5163222114854235
0 0.6293105383143247 0.3854114555893394 0.9100889079369107 0.31202511389684906 0.9330060546507031 0.36134606933683466 0.6522276850281171 0.43473241102932497
0 0.036519221385585325 0.6111952977395451 0.3379865294313924 0.5324015398475012 0.3650236104291601 0.5905891791628107 0.06355630238335304 0.6693829370548546
0 0.3577127008116623 0.5284886933240965 0.618541038750368 0.4603166416208856 0.6437756346051599 0.5146250768394457 0.382947296666454 0.5827971285426566
0 0.6766895359191943 0.44636149504204864 0.920523356561802 0.38263125790905117 0.9413805165189196 0.42751882919778134 0.6975466958763118 0.49124906633077886
0 0.07394561508737879 0.6828256932051165 0.33772952369865783 0.6138811513718244 0.362706657169125 0.6676354909630653 0.09892274855784607 0.7365800327963576
0 0.3978707908112209 0.6006480458032155 0.6461379674626883 0.5357590734750962 0.6626177045985897 0.5712258089763922 0.41435052794712224 0.6361147813045115
0 0.6909751391325571 0.5109892746428328 0.9628868530222146 0.4399203886295709 0.9881214358005481 0.4942287957057353 0.7162097219108907 0.5652976817189972
0 0.09336990910010329 0.7442460013115043 0.34754825523911276 0.6778120413677144 0.3714953822547844 0.7293496607409322 0.11731703611577492 0.7957836206847219
0 0.4014872370880022 0.6637141443045312 0.6822656629953794 0.5903277879010256 0.7036378261798947 0.6363237192987674 0.42285940027251756 0.7097100757022732
0 0.7277185678103617 0.5722331757670213 0.9782024365374569 0.5067648321635871 1.0052395306116828 0.5649524996212922 0.7547556618845874 0.6304208432247266
0 0.12645248661014463 0.8083111777943321 0.39614753656657004 0.7378216557008773 0.42035216519594054 0.7899134551286009 0.15065711523951517 0.8604029772220556
0 0.4575985503246104 0.7149241751524279 0.6962601926462041 0.6525457773583034 0.7217522770382364 0.7074083644889737 0.48309063471664293 0.7697867622830981
0 0.7428103040984517 0.640379090909308 0.9992053141706931 0.5733657670457112 1.0208349789689073 0.6199158784979589 0.7644399688966659 0.6869292023615556
