0 -0.1239834182551691 0.24152376180232601 0.13719157115544958 0.17410231338317064 0.15374452400176594 0.2101710983094317 -0.10743046540885276 0.2775925467285871
0 0.1674057694076655 0.15699296908576998 0.41452315538033885 0.09320044389248394 0.443045159922627 0.15534972064406782 0.19592777394995367 0.21914224583735387
0 0.4768412271704132 0.09014674888073396 0.7705706147377043 0.014321491654733141 0.7985833059108427 0.07536097763107039 0.5048539183435516 0.1511862348570712
0 -0.09574018963370903 0.30126244335513924 0.18319176215860036 0.22925709459391932 0.20712987201678368 0.28141809233446247 -0.0718020797755257 0.35342344109568236
0 0.2000023862186817 0.22802069850404788 0.48337350111197774 0.15486939466224087 0.5034917057385 0.19870684182430565 0.22012059084520402 0.2718581456661127
0 0.5004387915559934 0.15418791509483898 0.7852897402021313 0.08065459712809099 0.8087185302249251 0.13170579000349003 0.5238675815787872 0.20523910797023803
0 -0.06837091021218401 0.3699157283640167 0.195763549445554 0.301730302616617 0.21868302609919804 0.3516717047167694 -0.04545143355853999 0.4198571304641691
0 0.2380703920829041 0.2821199365454152 0.49332641281948914 0.2162264500572682 0.5190471485677756 0.27227177891571325 0.26379112783119035 0.3381652654038602
0 0.5372817926638382 0.20922402604660134 0.8546870549272635 0.1272869210965669 0.8791344846208363 0.18055772370225415 0.5617292223574111 0.2624948286522886
0 -0.041655637863772625 0.42632500236634635 0.20324213837861252 0.3631054619878735 0.22921754051083326 0.41970570736878804 -0.01568023573155185 0.4829252477472609
0 0.26368114637014384 0.348744618656904 0.5529712581172684 0.2740653456095689 0.5748720757014144 0.3217870957097406 0.28558196395428975 0.3964663687570757
0 0.5697336935981935 0.269117521258466 0.8420067598400484 0.19883114149072498 0.868491494740138 0.2565412199165786 0.5962184284982832 0.3268275996843197
0 -0.008415637940079889 0.48973890468707443 0.26903653645897746 0.4181155555017563 0.29322932563357457 0.4708314979445639 0.015777151234517273 0.5424548471298821
0 0.3152115248761966 0.410540178493331 0.5541903042647531 0.34884860732038625 0.572525870068693 0.3888016951847542 0.33354709068013655 0.45049326635769893
0 0.5973094041642666 0.33461433021246706 0.8614438074624146 0.2664289190141066 0.8820713189918469 0.3113761428615206 0.6179369156936989 0.379561554059881
0 0.010925032523974091 0.5499138256879932 0.2868974577095743 0.4786724688040569 0.31032624773236805 0.529723661679456 0.03435382254676791 0.6009650185633921
0 0.3293730883404662 0.4720520370947721 0.6157037016606763 0.39813674865020104 0.6358219062871986 0.4419741958122658 0.3494912929669885 0.5158894842568369
0 0.6298954404419561 0.38578417879781307 0.9110469456049638 0.3132058597708193 0.9337117623409131 0.3625923594383996 0.6525602571779054 0.4351706784653934
0 0.03595412451438042 0.6098615680465812 0.3378220623061981 0.5319353713492785 0.36456145065774287 0.5902003381178066 0.06269351286592514 0.6681265348151095
0 0.35756809373673554 0.528079283570976 0.6187430549675592 0.4606578424263402 0.6436998044965218 0.5150384498971716 0.38252484326569786 0.5824598910418073
0 0.6769624726275214 0.44687002617987637 0.9211203319934856 0.38384149286387403 0.941747843522918 0.428788716711288 0.697589984156954 0.4918172500272903
0 0.07301402088865828 0.6815990704899998 0.33714848054639623 0.6134136447426001 0.36185060248886236 0.6672394202303468 0.09771614283112431 0.7354248459777466
0 0.3973569619463836 0.600353595152946 0.6459540689527191 0.5361790849327975 0.662252355415101 0.5716929533365891 0.41365524840876544 0.6358674635567375
0 0.6909175506633549 0.5115384142472368 0.9631906169052097 0.44125203447949574 0.9881473535016928 0.4956326137705321 0.7158742872598378 0.5659189935382731
0 0.09212415067127068 0.7430747888694939 0.3466402827112297 0.6773723021692976 0.370323739117958 0.7289784115671663 0.11580760707799896 0.7946808982673623
0 0.400650945833748 0.6634296304532318 0.6818025073563456 0.5908512968771986 0.702939351653647 0.6369083537695517 0.42178779013104944 0.7094866873455848
0 0.7273475896954034 0.5728875345866256 0.9781643346118222 0.5081400322771443 1.0049037358958464 0.5664050272254675 0.7540869909794276 0.6311525295349487
0 0.12487894121475117 0.8072346356804373 0.3949323977263177 0.7375212407275095 0.4188705205169804 0.7896822666478475 0.1488170640054139 0.8593956616007753
0 0.4565000268496747 0.7148006538737843 0.6954788344180262 0.6531090754263199 0.7206902373984436 0.7080445712398259 0.4817114298300921 0.7697361496872902
0 0.7420908078328488 0.6410763506681247 0.9988265496030959 0.5748008791531154 1.0202180602843318 0.621412852567938 0.7634823185140845 0.6876883240829474
