0 -0.10786475266447343 0.22075311215530022 0.157086335336738 0.16220287098559572 0.17146127690128637 0.1987931426293706 -0.09348981109992507 0.25734338379907506
0 0.18829521995174592 0.1461292041073715 0.438985458037817 0.09073039820111686 0.46375458245965184 0.1537782364760595 0.2130643443735808 0.20917704238231416
0 0.5014235477224721 0.08978026317546878 0.7993997091822841 0.02393197303289334 0.8237265348802874 0.08585397504756141 0.5257503734204751 0.15170226519013685
0 -0.08322967660658544 0.2813833944478405 0.1997351060184584 0.21885239527280193 0.22052347734845357 0.2717675428287484 -0.0624413052765903 0.33429854200378695
0 0.21660283179543272 0.21818386235119192 0.5040709594615749 0.15465769104753202 0.5215420426317441 0.19912894515572677 0.23407391496560204 0.26265511645938666
0 0.5211598430235982 0.15455209769647563 0.8101292000523266 0.0906941770805424 0.830475267043068 0.1424834740826034 0.5415059100143396 0.2063413946985366
0 -0.06000184099452968 0.3508898162103556 0.20795150562130235 0.29167612063755366 0.227855273888212 0.3423395813793401 -0.04009807272762006 0.401553276952142
0 0.25139068113126234 0.27351155003336597 0.5103372233160108 0.21628822398720624 0.5326736654488164 0.2731438627753626 0.27372712326406795 0.3303671888215224
0 0.5546677866897987 0.21077442206376637 0.8766621314154626 0.1396184714270119 0.8978928070847115 0.1936594695368438 0.5758984623590477 0.26481542017359827
0 -0.03669367514669209 0.408142553988045 0.21174486183160818 0.35324134046345085 0.23430246174946287 0.4106599188221609 -0.014136075228837417 0.465561132346755
0 0.27298332477845005 0.3409321461737024 0.566456026848277 0.27607905342914785 0.5854751695904126 0.32449077018233075 0.2920024675205856 0.3893438629268853
0 0.5834980061802105 0.27170121787469703 0.8597076283074981 0.21066300847933989 0.8827075437954509 0.26920746597915707 0.6064979216681633 0.33024567537451416
0 -0.007287100145368607 0.47261276348206893 0.2741765102915323 0.41041350098460383 0.2951860506374207 0.4638916166983257 0.013722440200519822 0.5260908791957907
0 0.3207587717103246 0.4044021384254001 0.56319273428494 0.35082784634170067 0.5791157354214547 0.3913585806304638 0.3366817728468391 0.4449328727141632
0 0.6071212043809643 0.338061310650041 0.8750744938223528 0.2788476277119389 0.8929878701009318 0.3244447037867973 0.6250345806595432 0.38365838672489944
0 0.008428272479404792 0.5333787774489863 0.28839073931538456 0.47151124531174493 0.3087368063061258 0.523300542313806 0.028774339470146112 0.5851680744510473
0 0.33122015908825125 0.4663291737485288 0.6216905739562357 0.40213954172442157 0.6391616571264052 0.4466107958326163 0.34869124225842063 0.5108004278567235
0 0.6366081555616688 0.39027779493731773 0.92182458212004 0.3272492160153184 0.9415071982173229 0.3773497514801621 0.6562907716589517 0.4403783304021614
0 0.02983993213762313 0.5941095745740705 0.33607231193444737 0.5264367832436396 0.3592933739766049 0.5855441517267886 0.053060994179780656 0.6532169430572194
0 0.3560294544984548 0.5232501454319674 0.6209805139124446 0.46469991057961274 0.6426534939209472 0.51986675924333 0.3777024345069575 0.5784169940956847
0 0.6799672925977818 0.4528883515523574 0.9276552148947889 0.39815301268389997 0.9455685911733677 0.4437500887587584 0.6978806688763607 0.49848542762721576
0 0.06256378355781705 0.6670237267140285 0.3305171301736492 0.6078100311412267 0.35196898608963567 0.6624140259960556 0.08401563947380358 0.7216277215688575
0 0.391447354246506 0.5967925462681255 0.6436387073462765 0.5410620163189971 0.6577924911257759 0.5770893483922184 0.4056011380260053 0.6328198783413468
0 0.6900332599575114 0.5179617673900591 0.966242882084799 0.45692355799470186 0.9879158508624577 0.5120903780711975 0.7117062287351701 0.5731285874665546
0 0.07797090301499457 0.7290814532562684 0.3361668591056716 0.6720239955488954 0.3567340838814619 0.7243762321215099 0.09853812779078491 0.781433689828883
0 0.39095841472235315 0.659915878463506 0.6761748984551679 0.5968872869068069 0.6945305903038449 0.6436102421227724 0.4093141065710302 0.7066388336794717
0 0.7227503753282731 0.5804768035883132 0.9771934581230363 0.5242486749401745 1.000414531396038 0.5833560720105452 0.745971448601275 0.639584200658684
0 0.1068480609381399 0.7942804992468544 0.3808059819576567 0.7337398822331578 0.4015943645184961 0.786655058376326 0.1276364434989793 0.8471956753900226
0 0.4436728520686241 0.7131174316990001 0.6861068432304614 0.6595431332979509 0.708000969793169 0.715272892945 0.4655669786313318 0.7688471913460494
0 0.7333927380169807 0.64909365537898 0.9938403952154286 0.5915386052899464 1.0124172448491544 0.6388245000764656 0.7519695876507065 0.6963795501654991
