0 0.0280226233158099 0.09935260118726513 0.30421861957070256 0.10164044991240427 0.3036569192074696 0.13978366572680145 0.02746092295257692 0.13749581700166233
0 0.3403397576107356 0.09313631466445797 0.6016696528072484 0.09530102116155838 0.600701800094788 0.16102470108841918 0.3393719048982752 0.15885999459131872
0 0.6617349226788052 0.10812324233615915 0.9723576243837524 0.11069626208203226 0.971407054479206 0.17524632362569548 0.6607843527742586 0.17267330387982235
0 0.02787174880377604 0.1627355030503198 0.3228459669953835 0.16517889976203676 0.3220336620775062 0.22033984288721634 0.027059443885898815 0.21789644617549941
0 0.3392336849963525 0.16824908730463595 0.6389023767207501 0.17073137033415914 0.6382196947273179 0.21709004893321127 0.33855100300292024 0.21460776590368802
0 0.6552814529886286 0.17438838941873577 0.9565150884259759 0.17688363554159534 0.955720066535435 0.23087094538332495 0.6544864310980878 0.22837569926046533
0 0.022905389657381415 0.23429495878299422 0.3022310647346392 0.23660873196685447 0.3014533256520122 0.28942242342538654 0.02212765057475444 0.28710865024152626
0 0.3508623806876645 0.22879512323468273 0.6207989894973222 0.23103112279552945 0.6199261937643452 0.2902997973130365 0.3499895849546876 0.2880637977521898
0 0.665336742256352 0.23550828037827262 1.0009969937422394 0.2382886967813155 1.0001674057970258 0.29462327318994513 0.6645071543111384 0.29184285678690225
0 0.02280636411764536 0.2941569682458251 0.2817889927472583 0.29630223133717215 0.2809075552811908 0.3561577373966566 0.02192492665157791 0.3540124743053096
0 0.3451481454302614 0.2980008385507654 0.6510762544003988 0.3005349709914313 0.6503330820307118 0.35100135118230597 0.3444049730605744 0.34846721874164005
0 0.6690807058147392 0.3000972063830639 0.9570130647046369 0.3024822723838202 0.9561143437723882 0.36351144152725956 0.6681819848824906 0.3611263755265033
0 0.025716066338558507 0.36226031304799866 0.3191254004182261 0.36469074716007976 0.31830445332841345 0.42043855162774163 0.024895119248745812 0.4180081175156606
0 0.3660104044050587 0.369187377825656 0.6187336157889317 0.3712807915058604 0.618111425049444 0.4135317089120802 0.365388213665571 0.41143829523187575
0 0.6657223784184819 0.3687355633634274 0.9450479938947298 0.37104933605358714 0.9443480293128061 0.41858161813558437 0.6650224138365582 0.4162678454454246
0 0.016984462355394143 0.42381147241583256 0.3088289421236268 0.4262289441751279 0.30803392023308596 0.48021625401685747 0.01618944046485326 0.4777987822575621
0 0.3518018405712217 0.4306931394050854 0.6546002409184892 0.43320134714017994 0.6539175589250571 0.47956002573923207 0.35111915857778947 0.4770518180041375
0 0.6734994742859083 0.42514143258895304 0.970820899443406 0.4276042722127229 0.9700518018744472 0.4798311470295299 0.6727303767169495 0.47736830740576003
0 0.013712550754085822 0.48658161827818863 0.3329418766706634 0.48922593034725737 0.332034514444169 0.5508419012321694 0.012805188527591426 0.5481975891631007
0 0.3532676698914768 0.49056807397007085 0.6294636363458644 0.49285592244835974 0.6286167653733146 0.5503641321404394 0.35242079891892686 0.5480762836621504
0 0.6904755218037003 0.4945351309569569 0.9486756785768383 0.49667391250163573 0.9479757139949146 0.5442061945836331 0.6897755572217766 0.5420674130389542
0 0.0164925995917818 0.5634872720603968 0.2958182746690396 0.5658010452442571 0.2949800441130457 0.6227225127958739 0.015654369035787905 0.6204087396120136
0 0.35837774696949365 0.5686668048117578 0.6212724666769367 0.5708444734147936 0.6207194080467943 0.6084008576872134 0.3578246883393513 0.6062231890841775
0 0.6746588511699078 0.5589620279222027 0.9625912100598053 0.561347093922959 0.9617443395261002 0.6188552738145338 0.6738119806362026 0.6164702078137775
0 0.006961300325816052 0.626205583658713 0.27611546707950385 0.6284351019197417 0.2753118034558724 0.6830092433034488 0.006157636702184568 0.68077972504242
0 0.3332324557435985 0.6289082261918921 0.6305539405021059 0.6313710663093623 0.6298366924540011 0.6800770114753145 0.3325152076954936 0.6776141713578443
0 0.6814979572964921 0.6259241451994654 0.94673997337134 0.6281212574551048 0.9458326107060009 0.6897372581405218 0.6805905946311529 0.6875401458848822
0 0.009079918318823805 0.694889308503551 0.2946650106418215 0.697254931098554 0.2938527052850994 0.7524159040242384 0.008267612962101718 0.7500502814292355
0 0.3628310367945781 0.6913637640804715 0.615554277978956 0.693457178007526 0.6146987657121603 0.7515521894410783 0.3619755245277824 0.7494587755140237
0 0.6648470546868855 0.6938654910094486 0.9363484880074733 0.6961144526762308 0.9356225982262778 0.7454072293841604 0.66412116490569 0.7431582677173781
