0 0.19961453116040032 -0.022650376957539527 0.46297787873310997 0.041135478411946876 0.43817918745093 0.09873014107558394 0.17481583987822036 0.03494428570609754
0 0.5144508572608999 0.025029378027695087 0.8170236754496526 0.09831165590577892 0.7787312292749095 0.18724540224361938 0.47615841108615675 0.11396312436553555
0 0.8891445397014176 0.10954043523142871 1.1647994681635327 0.17630327660940862 1.1256554656732096 0.2672147522627538 0.8500005372110945 0.20045191088477388
0 0.16894882875774495 0.04857034856895536 0.45633672656963786 0.11817488182584376 0.42334308334090787 0.19480222196167568 0.135955185529015 0.12519768870478726
0 0.4795532398071883 0.10974408667289022 0.8249484806905191 0.19339783379960696 0.7958174694830312 0.2610542574573962 0.45042222859970044 0.17740051033067947
0 0.8489064691977305 0.1855903863831737 1.13134678229389 0.2539966286629211 1.098174893000882 0.33103794314225454 0.8157345799047221 0.2626317008625072
0 0.1337447212475052 0.13033146545029883 0.4003616400067276 0.19490532652767867 0.36936646644688687 0.26689124485969556 0.10274954768766453 0.20231738378231567
0 0.4649446228549112 0.18317938785970245 0.7746736641044828 0.25819488265409674 0.7403955886751196 0.3378053011495089 0.43066654742554816 0.2627898063551147
0 0.8318439597884366 0.2563690182108354 1.1021381232778842 0.3218334975260305 1.0675634544324941 0.402132750667995 0.7972692909430467 0.3366682713527998
0 0.10455112182309202 0.19813324949019515 0.3505685558678746 0.25771797383009315 0.3170895685224898 0.3354725198477372 0.07107213447770726 0.2758877955078392
0 0.42784685533840805 0.2588176337106314 0.7773496791507919 0.3434662257656402 0.7470667083348697 0.41379806177866113 0.3975638845224857 0.3291494697236523
0 0.8040888797724524 0.33315856207803984 1.0695758984275818 0.39745876455681106 1.0342769408588175 0.479440169559902 0.7687899222036881 0.41513996708113077
0 0.07284362493428925 0.2717735301985239 0.36332293011162603 0.34212679354605613 0.33160001207475 0.4158028896855728 0.04112070689741318 0.34544962633804055
0 0.4190722727644325 0.345872082617496 0.7062559201672073 0.4154271470049489 0.6813870911285226 0.4731847037656941 0.39420344372574784 0.4036296393782412
0 0.7673914632113101 0.41028893008462886 1.0360363656216325 0.47535396304698424 1.0078778346327892 0.5407518130767313 0.7392329322224669 0.4756867801143758
0 0.0435489584528261 0.33981004126457515 0.32470268114908907 0.40790467500074973 0.2942859372541663 0.4785471973830972 0.013132214557903268 0.41045256364692256
0 0.37644224496360656 0.4090482587291784 0.7192113281290337 0.49206595790952923 0.6918761701361599 0.5555515340450773 0.3491070869707327 0.4725338348647265
0 0.750087345112346 0.47427467022594905 1.009453487788811 0.537092413913442 0.9791185677148936 0.6075449014542317 0.7197524250384284 0.5447271577667387
0 0.014580170762717254 0.40708970275160156 0.3250071290239506 0.48227423106556505 0.2910587727906287 0.5611188806881914 -0.019368185470604638 0.48593435237422783
0 0.35136134197779995 0.4766210271212502 0.662521752624567 0.5519831955214871 0.6309047296256729 0.6254133517071199 0.3197443189789058 0.5500511833068829
0 0.7364953908176054 0.5566421047216215 0.9760538948880715 0.6146624945518753 0.9491126195456987 0.6772332829622755 0.7095541154752327 0.6192128931320215
0 -0.0216911052270378 0.4913293056096271 0.2501967616420814 0.5571797753605245 0.21964081376200692 0.6281455973265079 -0.052247053107112244 0.5622951275756103
0 0.3230029662077116 0.563655102808158 0.617539117854519 0.6349909228574591 0.5958501255799223 0.6853633469243396 0.301313973933115 0.6140275268750384
0 0.6887579763214929 0.6225607471831495 0.9458433889366858 0.6848261045224052 0.9141972454129037 0.7583238927773442 0.6571118327977109 0.6960585354380885
0 -0.05081348315594478 0.5589656785816003 0.2016471976534567 0.6201109390022619 0.17275171498524425 0.6872203504563479 -0.07970896582415724 0.6260750900356863
0 0.26926814606988086 0.6219839766691034 0.6008479255815586 0.7022916582592265 0.5738899087612024 0.7649013285511737 0.24231012924952466 0.6845936469610504
0 0.6653512161673184 0.6977699566065337 0.9143080467204394 0.758066594438884 0.8816351993945075 0.8339488899433161 0.6326783688413864 0.7736522521109657
0 -0.08173427863963828 0.630778854725067 0.1936630254519647 0.6974793002116345 0.16470674349937586 0.7647299172734683 -0.11069056059222712 0.6980294717869007
0 0.2752599101354818 0.6972241735214232 0.5559830110305715 0.7652145118794377 0.5258686822144243 0.8351546788734185 0.24514558131933456 0.767164340515404
0 0.615673608955035 0.766959668187099 0.8826388764750459 0.8316178983457447 0.8559669240120794 0.8935631876033671 0.5890016564920686 0.8289049574447214
