0 -0.12721190730663154 0.18734647069848706 0.1579450508533957 0.13087466226688693 0.18181310666160513 0.19866875438162615 -0.10334385149842212 0.25514056281322633
0 0.1895681916375862 0.13748377063317002 0.5094950192187885 0.0741262196343398 0.5286313072533834 0.12848034399939567 0.20870447967218111 0.19183789499822587
0 0.5360575916591613 0.06320611178213421 0.8176031997942805 0.007449486553854748 0.8383469517480856 0.06636940202840576 0.5568013436129665 0.12212602725668521
0 -0.10182078017363234 0.25946664779140044 0.15924239629384548 0.20776631480586283 0.17765712644146128 0.2600709483263753 -0.08340605002601652 0.3117712813119129
0 0.21853898105025393 0.21272270216756697 0.5386025057073212 0.1493380800036801 0.5541294737235364 0.19344040272373364 0.23406594906646908 0.2568250248876205
0 0.5558783163743053 0.12517097548753023 0.8221206811033885 0.07244496832862586 0.8407207171039991 0.1252759388984679 0.5744783523749158 0.17800194605737224
0 -0.08537263676441591 0.30618544878470655 0.18269519869616005 0.2530979297268412 0.20782964685202876 0.3244890437423373 -0.06023818860854721 0.3775765628002026
0 0.21737251375948352 0.255737486121511 0.5727594964173042 0.18535749001959534 0.5924800387288127 0.24137111227529598 0.23709305607099207 0.3117511083772116
0 0.5945003777061539 0.1858507134655406 0.8805329002311126 0.12920551034139996 0.8985598233852101 0.18040862879706623 0.6125273008602513 0.23705383192120683
0 -0.05527525961377163 0.39167311377755537 0.1942953349552426 0.3422487444842322 0.20915353689975286 0.3844515246092506 -0.04041705766926133 0.43387589390257375
0 0.2547214540140819 0.3176294331746092 0.5766737553629446 0.2538707621493605 0.596870290116743 0.3112363787081506 0.2749179887678803 0.37499504973339914
0 0.6063324151221762 0.25588868721682007 0.8948244476824501 0.1987564085520855 0.9144865881527237 0.2546041480129673 0.6259945555924498 0.3117364266777019
0 -0.034322726942463196 0.4511860435850683 0.24453910611909085 0.3959609068142538 0.26302077868769885 0.44845568152982623 -0.015841054373855173 0.5036808183006407
0 0.28345727340268523 0.392173603427065 0.584211298763562 0.33261298875785983 0.6032776060357989 0.3867683419164263 0.30252358067492213 0.4463289565856314
0 0.6155458813102935 0.3240572309853488 0.9330557582113772 0.2611783271732363 0.9553127322423143 0.32439635212563883 0.6378028553412307 0.38727525593775125
0 -0.013536679146457403 0.5102260948698112 0.2517021261900822 0.45769883023548397 0.2706088444552748 0.5114008916835314 0.0053700391187351685 0.5639281563178588
0 0.30586871268916477 0.45655498153770646 0.5817815310938195 0.401913860643064 0.6016993703083872 0.45848787895814325 0.3257865519037325 0.5131289998527856
0 0.6380926676373924 0.3909476416865543 0.9565402622745376 0.32788303447552963 0.9789057517579086 0.39140928338372044 0.6604581571207636 0.4544738905947451
0 0.009401499641684078 0.5753789928772288 0.2676818071814864 0.524229772661262 0.29000836886717585 0.5876454522493931 0.03172806132737354 0.6387946724653599
0 0.3146122381288068 0.5201270560787945 0.6139842802570608 0.46084012609493574 0.6324879503664331 0.5133973819491842 0.33311590823817916 0.5726843119330429
0 0.6856480832050008 0.4625842272306515 0.9832168419433337 0.40365441521719264 1.0026605781682971 0.4588818059725172 0.7050918194299644 0.517811617985976
0 0.030050172814637576 0.634028849504968 0.2929262856063566 0.5819694869047863 0.3184353982808212 0.6544247865033025 0.05555928548910219 0.7064841491034841
0 0.3373078438223795 0.5928504186592887 0.6636749074788798 0.5282174585656034 0.6850054359387205 0.5888040359928748 0.35863837228222034 0.6534369960865601
0 0.6942553801975447 0.5245897897761449 1.0041851391464027 0.4632120345653118 1.0268722616642652 0.5276518400590343 0.7169425027154069 0.5890295952698673
0 0.0590793732511991 0.7164824981903621 0.3533458199365152 0.6582066682324091 0.3737762778094273 0.7162367128289244 0.07950983112411128 0.7745125427868774
0 0.3699673037980571 0.658478645685332 0.6743042102312798 0.5982084857367261 0.6969197186880867 0.6624448808525397 0.392582812254864 0.7227150408011457
0 0.7420218428889478 0.6013003770618586 1.0325454291247673 0.5437657743201518 1.0552427572233103 0.608234567431564 0.7647191709874908 0.6657691701732708
0 0.08350809687997711 0.7858690939500914 0.35480061751279834 0.732142965880283 0.3734903391115274 0.7852286766664656 0.10219781847870617 0.8389548047362737
0 0.39290132187743704 0.7244141623580728 0.7002357669717237 0.6635503769544677 0.72863119742416 0.7442038848563567 0.42129675232987346 0.8050676702599617
0 0.7615702006210134 0.6726047943128531 1.057287267224178 0.6140416870230183 1.078316304976011 0.6737719195098105 0.7825992383728462 0.7323350267996456
