0 0.10353165812248444 0.04039011187081845 0.4130977478421345 0.0787898218435407 0.39879760557095734 0.14363658786763434 0.08923151585130731 0.1052368778949121
0 0.4356425208042533 0.098836329032761 0.7313128943742192 0.1355123635522242 0.7202047498969704 0.1858843970759637 0.4245343763270046 0.14920836255650044
0 0.758587742066469 0.13770598588138594 1.0087109267896515 0.16873218051246464 0.9967090233191419 0.22315713737213003 0.7465858385959594 0.19213094274105136
0 0.10764329581920597 0.115253483267376 0.3739782032889791 0.14829063928053324 0.36287006043272657 0.19866266545355096 0.09653515296295348 0.16562550944039373
0 0.4207158243338828 0.1737174375506851 0.7156141957048799 0.2102977100938752 0.7065489296212258 0.25140591569947457 0.41165055825022867 0.21482564315628447
0 0.7423487683950257 0.19695881038801694 0.9785762663714112 0.22626133321307823 0.9677234823012352 0.2754753854905296 0.7314959843248499 0.24617286266546823
0 0.08340548376861245 0.16042790865319378 0.36981200736827313 0.1959548213408288 0.35436274569676224 0.26601249194713655 0.06795622209710156 0.23048557925950156
0 0.3973658454358113 0.2112692559376045 0.7239156012952471 0.25177568197419514 0.7121690582318104 0.3050426575875724 0.3856193023723746 0.26453623155098177
0 0.7418107680636385 0.2605385514467003 0.9942499593837277 0.2918520320065985 0.9836525340996286 0.33990811038848334 0.7312133427795394 0.30859462982858515
0 0.07698831546765497 0.2470714575028349 0.3332874295739278 0.27886373700237405 0.32409448733922785 0.3205509148543132 0.06779537323295508 0.28875863535477403
0 0.3965724863183475 0.2760069708918543 0.6914708576893445 0.3125872434350443 0.6792135970537546 0.36817016683955445 0.38431522568275756 0.3315898942963644
0 0.7151588306950432 0.32385313297619106 0.9691420264130702 0.3553581374886356 0.9573954833496335 0.4086251131020128 0.7034122876316066 0.3771201085895683
0 0.0685969034589877 0.3067028635099584 0.34728358148628097 0.3412721783183116 0.3359200733599667 0.3928022077897826 0.05723339533267346 0.3582328929814294
0 0.38202884180556046 0.349151056085294 0.6568555676437831 0.3832415683067646 0.6453643768824379 0.43535059942746246 0.3705376510442153 0.4012600872059917
0 0.6874737241122112 0.38466025735096937 0.9924078888467085 0.4224854064077775 0.9792568627338727 0.4821212825511004 0.6743226979993752 0.4442961334942923
0 0.047081712209846305 0.36470637814849965 0.3211364946548738 0.39870113568818044 0.3097729865285596 0.45023116515965145 0.03571820408353205 0.4162364076199708
0 0.3673397306515405 0.4121651213419301 0.6190069197726608 0.44338283992555505 0.6072603767092241 0.4966498155389323 0.3555931875881039 0.46543209695530735
0 0.6709853085799506 0.4486407798451087 0.96433967555301 0.4850295284357524 0.9514440147102359 0.5435074012806221 0.6580896477371765 0.5071186526899782
0 0.02583370202537253 0.4286912825701778 0.29988848447040006 0.46268604010985853 0.2867374583575641 0.5223219162531815 0.01268267591253661 0.48832715871350074
0 0.34183690457829763 0.4702688350428154 0.6143477414311611 0.5040720759244331 0.603750316147062 0.5521281543063179 0.3312394792941984 0.5183249134247003
0 0.6720089725571704 0.5231210812562892 0.946835757201167 0.5572116007722431 0.9359829666470061 0.6064256824525812 0.6611561820030096 0.5723351629366275
0 0.0238735193800985 0.48793079225571206 0.2909804290488406 0.5210637102451424 0.2761695546165436 0.5882264902168645 0.009062644947801554 0.555093572227434
0 0.323299764690429 0.5399434135272233 0.6189700794546212 0.5766194407522032 0.6070958537561537 0.6304654180148072 0.3114255389919615 0.5937893907898271
0 0.6471446054968856 0.5783298528112983 0.9482188768480863 0.6156762065757071 0.9358339206094951 0.6718381904352178 0.6347596492582945 0.6344918366708089
0 0.0013664145297290985 0.5684146980583171 0.3016686836819608 0.6056652898464527 0.2904328452227072 0.6566163764744709 -0.009869423929524477 0.6193657846863353
0 0.3167194663706231 0.6057477847813204 0.5915461922088456 0.639838297002791 0.5791612359702545 0.6960002808623017 0.304334510132032 0.661909768640831
0 0.6458582345557411 0.6560926180568889 0.9129651148215963 0.6892255323990776 0.9008355238530671 0.7442295129601348 0.6337286435872119 0.7110965986179462
0 -0.015888077360761345 0.6358691422391557 0.26511454845766474 0.6707257356818452 0.25515551041277956 0.7158869234291443 -0.025847115405646572 0.6810303299864549
0 0.30203035521660326 0.6687618500379564 0.5784010854527636 0.7030438862119733 0.5629518237812526 0.7731015568182812 0.28658109354509237 0.7388195206442641
0 0.6251268383812728 0.7213312547031648 0.8937777230450656 0.7546556929979 0.8829249324909048 0.8038697746782383 0.6142740478271118 0.7705453363835031
