0 0.07394532567272158 0.025402071669274058 0.37831285599967623 0.053431797754890695 0.36639686123686693 0.12621519067943124 0.06202933090991222 0.09818546459381462
0 0.40248373693763967 0.08060707410776248 0.7542536291085057 0.11300216471458427 0.7448812992690973 0.17024874621268077 0.3931114070982313 0.13785365560585894
0 0.7807063825605052 0.12143043672451383 1.0615005034869565 0.1472892472473225 1.0516898043382683 0.20721340676710043 0.7708956834118171 0.18135459624429182
0 0.061767658050543954 0.09978377333095258 0.34203463086175045 0.12559403788283924 0.3326944864238594 0.18264402960629247 0.05242751361265291 0.15683376505440583
0 0.39654466176302855 0.15711751378879799 0.7479875747932226 0.1894824923276902 0.7401804980062736 0.23716844290816888 0.3887375849760796 0.2048034643692766
0 0.7721241234694591 0.18157122176961252 1.051657330714942 0.20731391259641682 1.0427516752744188 0.26171002740516014 0.7632184680289361 0.23596733657835578
0 0.05392114676143117 0.14771059149512034 0.34557589138156736 0.17456957541660245 0.33285735489105717 0.2522549266810289 0.04120261027092098 0.22539594275954677
0 0.37499543138420677 0.19568813739541305 0.7656071265724272 0.23166023602959704 0.7556852652650828 0.29226337865006125 0.3650735700768624 0.25629128001587725
0 0.7822629502474058 0.24652697035508722 1.04134715298957 0.27038647740622457 1.03259334668496 0.32385509136049523 0.7735091439427956 0.29999558430935785
0 0.03945737642654112 0.23605590385966038 0.3132244038450149 0.2612675773307769 0.30540728183250204 0.3090148845678992 0.03164025441402826 0.2838032110967827
0 0.3839539960668321 0.2625979881561715 0.7384532204550552 0.2952444276318 0.7282499832630532 0.35756622588951287 0.37375075887483017 0.3249197864138844
0 0.7623148171622821 0.31164278734680684 1.0305485493904858 0.3363448902064736 1.0209233636562949 0.3951359260543383 0.7526896314280913 0.3704338231946715
0 0.029360018478678262 0.29773098727886194 0.33983395968710267 0.3263230631794866 0.33029483515471586 0.38458843361786244 0.019820893946291454 0.3559963577172377
0 0.37807154198287984 0.3387213186366008 0.7097927380194081 0.36927009054965265 0.7002408932071145 0.42761315698815217 0.36851969717058625 0.3970643850751003
0 0.7405985032758797 0.3746414294660571 1.0200651551507716 0.40037799109502886 1.0092451578168886 0.46646698601909364 0.7297785059419967 0.44073042439012183
0 0.019233512487335104 0.35958410816315445 0.31751223213082075 0.3870531052660787 0.3079925533487526 0.4451997002505938 0.009713833705266938 0.4177307031476695
0 0.37041465655698147 0.4047801912821401 0.6757337216222333 0.4328975458281472 0.6660435258323747 0.49208566580703966 0.36072446076712283 0.46396831126103244
0 0.7322814796419385 0.44134604665077526 1.0091830283739267 0.4668463835471032 0.9985926837592289 0.5315326500855526 0.7216911350272405 0.5060323131892246
0 0.00803027411955186 0.42801395530395764 0.3023777602933025 0.45512091839748253 0.29146132782544193 0.5217989431413593 -0.0028861583483087115 0.49469198004783443
0 0.34912037716103317 0.46616755223295153 0.6800396845125173 0.49664247684642837 0.6712071623578563 0.5505918904953684 0.34028785500637215 0.5201169658818915
0 0.7461189821017612 0.5194094033548472 0.99679798104241 0.5424948608219268 0.9878396048148809 0.597212996396233 0.7371606058742319 0.5741275389291535
0 -0.0020750684326973595 0.4897378090197199 0.3010143917177587 0.5176498354383354 0.2887992267226088 0.5922605726178203 -0.01429023342784723 0.5643485461992048
0 0.33774906002837013 0.5402354654053187 0.698169493886832 0.5734271991814531 0.6883112109756124 0.633642002307081 0.32789077711715053 0.6004502685309466
0 0.7264654936167758 0.5778771308652785 0.9870760032776604 0.6018771981292885 0.976889964160762 0.6640939498270854 0.7162794544998775 0.6400938825630753
0 -0.016287859164032845 0.5765501274995556 0.32573702522507547 0.6080477836838177 0.31632065596420333 0.6655633598047191 -0.025704228424905 0.6340657036204571
0 0.3399985324089524 0.6105878723081911 0.6766605329366681 0.641591651351543 0.6664426873691505 0.7040026781760946 0.3297806868414347 0.6729988991327428
0 0.7382256710737699 0.6604627179852348 0.973930672986815 0.6821691944728395 0.9640087469067132 0.7427727327280067 0.7283037449936682 0.7210662562404019
0 -0.028266074516474275 0.6497135663802526 0.2912835936670455 0.6791414414900323 0.282935292064275 0.7301332158153648 -0.036614376119244806 0.7007053407055851
0 0.3321041061973937 0.678503245217923 0.6729224452482653 0.7098897885797881 0.6602633023494733 0.7872123613092057 0.3194449632986017 0.7558258179473407
0 0.7249973690783322 0.7305053173186438 0.9624372920216943 0.7523715656492168 0.9535304404038953 0.8067749867586427 0.7160905174605333 0.7849087384280697
