0 0.21467954375639725 -0.0038523120976486245 0.5108512094096017 0.07385474152866146 0.4819129199506553 0.1358956928582228 0.18574125429745095 0.05818863923191273
0 0.5284700632338631 0.09650753413836861 0.8113472579027838 0.17072649525106598 0.7888684115991127 0.2189190123467715 0.505991216930192 0.14470005123407417
0 0.8377144105734048 0.17640103737402746 1.0770151695972272 0.23918677642596875 1.0527276799973528 0.2912568534193137 0.8134269209735303 0.22847111436737236
0 0.20158549906213563 0.07042817577289961 0.45639652580718715 0.13728336962198964 0.4339176827838233 0.18547587968502732 0.17910665603877174 0.11862068583593731
0 0.49661655005714134 0.1683529960246026 0.7787551458137469 0.24237816970945467 0.7604103427358151 0.2817076897394126 0.47827174697920954 0.20768251605456065
0 0.8081471800159237 0.23268142010181564 1.034153496186134 0.2919790740208354 1.0121914065157955 0.33906371384607203 0.7861850903455853 0.27976605992705234
0 0.16736241698289273 0.11180897522823033 0.4413765934880621 0.18370253149093088 0.4101129040995798 0.25072891998860053 0.13609872759441044 0.17883536372589995
0 0.46501377242086295 0.2023388374410456 0.7774342484462682 0.2843091185309674 0.7536635154797263 0.3352713182538434 0.44124303945432114 0.2533010371639216
0 0.7930566774224883 0.29524700127066517 1.034573233183256 0.3586141026061424 1.0131278968659432 0.40459087219357803 0.7716113411051752 0.3412237708581008
0 0.1411982371836192 0.19633826549796068 0.3864077031139475 0.260674281830591 0.3678045299201175 0.3005577229141137 0.12259506398978914 0.23622170658148342
0 0.44940651647440216 0.2660122888476962 0.7315451122310077 0.34003746253254824 0.7067408725584151 0.3932154027310262 0.42460227680180956 0.3191902290461742
0 0.7523010402527954 0.35418739170222724 0.9952947938381933 0.4179420678933951 0.9715240608716514 0.46890426761627113 0.7285303072862536 0.4051495914251032
0 0.11927524653382596 0.2540025188348401 0.38590360269987417 0.3239582451032346 0.36290799320225614 0.37325865353474486 0.09627963703620789 0.3033029272663504
0 0.41832816120982963 0.3361958855995516 0.6812635790756457 0.40518268949010183 0.6580095863409006 0.4550370471058484 0.3950741684750845 0.3860502432152982
0 0.7111018244872092 0.41052449632526133 1.0028419810585378 0.48706884752657303 0.976229084968513 0.5441243757533619 0.6844889283971844 0.4675800245520502
0 0.0847963144294921 0.30837248045524135 0.3469931896443363 0.37716551167932866 0.3239975801467182 0.4264659201108389 0.061800704931874034 0.3576728888867515
0 0.38942639302718485 0.39638126524256984 0.6302043498756376 0.45955457915020176 0.6064336169090958 0.5105167788730778 0.36565566006064304 0.4473434649654458
0 0.680206161388252 0.47143018611177223 0.9608675593202274 0.5450677849409336 0.9347714297044568 0.6010154147992499 0.6541100317724814 0.5273778159700886
0 0.04921078525398973 0.368669360739647 0.31140766046883395 0.4374623919637344 0.2847947643788092 0.49451792019052326 0.022597889163964973 0.4257248889664359
0 0.3509961393854918 0.4503362536693631 0.611715873037049 0.518741724799142 0.590270536719736 0.5647184943865777 0.32955080306817874 0.4963130232567987
0 0.6641577606564768 0.5449355070372927 0.9270932347836361 0.6139223256892253 0.9051311319920688 0.6610069936451336 0.6421956578649096 0.5920201749932009
0 0.03371319860238448 0.4267760063580321 0.28926282425975103 0.4938249876349674 0.2592909985719891 0.5580817427341418 0.003741372914622569 0.4910327614572065
0 0.31677819311289307 0.5165874657170729 0.5996553315204707 0.5908064120683879 0.5756262153168016 0.6423225609755002 0.2927490769092242 0.5681036146241852
0 0.6270194532193049 0.5961208205656301 0.9150667277517446 0.6716962641504799 0.8900040785995672 0.7254282097945374 0.6019568040671275 0.6498527662096875
0 -0.006891176403558035 0.5031645018858203 0.28041749921656667 0.5785461580428247 0.2576802467136181 0.6272926735514419 -0.02962842890650658 0.5519110173944374
0 0.2952257207127607 0.5805662540736083 0.5581611385785767 0.6495530579641585 0.5330984894263996 0.7032850036082159 0.2701630715605834 0.6342981997176658
0 0.607943624622709 0.6725622483715885 0.8634932221494038 0.7396112222678326 0.8389473394714808 0.7922352695434175 0.5833977419447859 0.7251862956471733
0 -0.03933709956159153 0.5673938023857343 0.22950699708005876 0.6379308761762823 0.20935352446346606 0.6811380123652228 -0.05949057217818421 0.6106009385746747
0 0.26632395253011587 0.6407516337166266 0.5307365682205621 0.7101260124628673 0.49947287883207975 0.777152400960537 0.23506026314163356 0.7077780222142961
0 0.5725799128758247 0.7341607789409494 0.8296067082271498 0.801597327692884 0.8076446054355825 0.8486819956487923 0.5506178100842575 0.7812454468968576
