0 -0.03635573177081301 0.12873130819553172 0.2762207634769226 0.10821227690376936 0.28386209897001297 0.17368965160691502 -0.028714396277722692 0.19420868289867738
0 0.30470205561340896 0.12342646494311654 0.6032477044691539 0.103828486195433 0.6091833837824611 0.15469036745513765 0.31063773492671615 0.17428834620282121
0 0.6303934950813592 0.10086831326096334 0.8829490270253725 0.08428934797837005 0.8893622898611344 0.13924356562090912 0.6368067579171213 0.1558225309035024
0 -0.007560651990278616 0.2004783162057 0.2613642551738902 0.18282478604866612 0.26729993362101195 0.23368665988616624 -0.0016249735431569335 0.25134019004320013
0 0.31506225657949954 0.19874003407955979 0.6128283958258562 0.17919322610866353 0.6176724552880446 0.22070119245523048 0.3199063160416879 0.2402480004261268
0 0.6343028156189611 0.1612887923542221 0.8728275308598019 0.14563087766679017 0.8786267573668998 0.19532351677902593 0.6401020421260588 0.21098143146645787
0 -0.016065205444037448 0.24875354036040329 0.2731265062319562 0.2297695992406622 0.28138187805371073 0.3005085524741112 -0.007809833622282933 0.31949249359385223
0 0.30489125417382595 0.23946638845242282 0.6346165748734695 0.2178216254072675 0.6408933849030218 0.2716066009023376 0.31116806420337845 0.29325136394749296
0 0.6548543868672266 0.22297318910579328 0.9097484476394048 0.20624071149283818 0.9154112222064787 0.25476411587980957 0.6605171614343004 0.27149659349276467
0 0.006435935078362374 0.33387388951158625 0.2652274548310279 0.3168855638614472 0.27013973853085704 0.35897813272623724 0.011348218778191553 0.3759664583763763
0 0.32557927736211534 0.3023200199292584 0.623345416608472 0.2827732119583621 0.6298951305180723 0.338896656903961 0.3321289912717157 0.3584434648748573
0 0.6500238035220919 0.28926925837958195 0.9064768835130468 0.2724344392130523 0.9127536935425995 0.32621941470812255 0.6563006135516444 0.3430542338746521
0 0.018071973397910075 0.39319801981900704 0.29946876711292914 0.3747257747736339 0.3055409009648169 0.42675691302521657 0.024144107249797812 0.44522915807058966
0 0.33573479305559306 0.37587967388906646 0.6132340981013067 0.3576632788297948 0.6193744596555775 0.4102790492884188 0.34187515460986384 0.42849544434769044
0 0.6433614158334053 0.35332919196074664 0.9512609424912654 0.3331171794829555 0.9582882433880625 0.3933329905002069 0.6503887167302025 0.4135450029779981
0 0.016456619021961317 0.4533920654803724 0.29317647383592293 0.43522683730005307 0.29924860768781064 0.48725797555163575 0.022528752873849055 0.505423203731955
0 0.34239194362781583 0.4396543895477165 0.5965064947906057 0.4229730827115487 0.6027833048201582 0.47675805820661876 0.3486687536573684 0.49343936504278657
0 0.6485960585045115 0.4183754800004006 0.9448031785320916 0.39893101358307886 0.9516940240241228 0.45797756018624775 0.6554869039965426 0.4774220266035695
0 0.017082513876090624 0.5193299451634026 0.2938023686900522 0.5011647169830833 0.3008296695868494 0.5613805280003347 0.024109814772887848 0.579545756180654
0 0.33694732828494467 0.5006889174022245 0.6121082232577658 0.48262602687764483 0.6177709978248397 0.5311494312646162 0.34261010285201854 0.549212321789196
0 0.6742731265046613 0.49032714319108467 0.9517724909280112 0.47211074423397803 0.9575717208998513 0.521803413035032 0.6800723564765012 0.5400198119921386
0 0.03481802868663047 0.5770754842758481 0.30452244546018764 0.5593707833420268 0.31243669262899565 0.6271866942955422 0.04273227585543844 0.6448913952293635
0 0.34208477349493405 0.5716324865695165 0.6406303629730428 0.5520345117196679 0.6469754007049783 0.6064041194217792 0.3484298112268696 0.6260020942716279
0 0.6684874389569956 0.5484385654901878 0.9724895363231866 0.5284823991006632 0.9791074848646543 0.5851905356309396 0.6751053874984633 0.6051467020204643
0 0.039692730545849646 0.6592292307465071 0.34291531830265215 0.6393242351337698 0.34891923138164116 0.6907708005559475 0.045696643624838655 0.7106757961686847
0 0.3575210278151845 0.6365981726204987 0.6350203328608981 0.618381777561227 0.6416382814023659 0.6750899140915035 0.36413897635665216 0.6933063091507752
0 0.6930149098655609 0.6240003298900408 0.9627192969503001 0.6062956309051372 0.9692007900870018 0.6618345030213311 0.6994964030022626 0.6795392020062349
0 0.0453367290370276 0.7277832229619541 0.32907199220257544 0.7091574694840541 0.3343936421167028 0.7547578315910919 0.05065837895115494 0.7733835850689919
0 0.3641781783874073 0.7003728882791487 0.6432365026518976 0.6820541516663025 0.6514918744736521 0.7527931048997515 0.3724335502091618 0.7711118415125976
0 0.6945567365802844 0.6910562754704657 0.9658201428838004 0.6732492349319874 0.9716193728556403 0.7229419037330412 0.7003559665521243 0.7407489442715195
