0 -0.13570899828152766 0.23104241403232728 0.1622288272495888 0.157230766994594 0.18971645813688706 0.21964168700020717 -0.1082213673942294 0.29345333403794044
0 0.19460770660028293 0.1671323888534092 0.47917178225594037 0.09663397840662773 0.5005237778825028 0.14511388183931562 0.21595970222684532 0.21561229228609707
0 0.5046854863793279 0.08907708738904944 0.7454132671218207 0.029438758644900177 0.7684832398735809 0.08181934502010176 0.5277554591310882 0.14145767376425103
0 -0.08571317836783648 0.29591165849335077 0.17061736244313402 0.23240787420680462 0.19196935495382902 0.28088777056488673 -0.0643611858571415 0.3443915548514329
0 0.22775357644717956 0.2386482545854578 0.5115746487051641 0.16833391712249138 0.5289998381387596 0.2078979707974598 0.24517876588077514 0.2782123082604262
0 0.5269923327629452 0.14720912203061642 0.7543463919284022 0.09088402286671723 0.7752075356123934 0.13824944242671303 0.5478534764469365 0.19457454159061222
0 -0.07920751051113474 0.3443613680588274 0.19644069416298596 0.27607179135361604 0.2261371541180532 0.343497878174435 -0.049511050556067485 0.41178745487964635
0 0.23032571730089932 0.2800379237979768 0.5446092497013204 0.20217676225543507 0.5671883705105095 0.25344286475794453 0.2529048381100884 0.33130402630048633
0 0.565883613243826 0.20370467234856954 0.8088404041793376 0.14351412465297517 0.8292106990366251 0.18976506741488464 0.5862539081011136 0.249955615110479
0 -0.0312421912050205 0.4233306052068896 0.21542953182358648 0.36221971362432526 0.23310013943879904 0.4023409915491253 -0.013571583589807925 0.4634518831316896
0 0.26970784660848374 0.3376479509140162 0.5535289188664683 0.26733361345104983 0.5770897373290649 0.320828669549732 0.2932686650710803 0.3911430070126984
0 0.5814834068081395 0.26906068278579215 0.8259262045389969 0.20850198912256776 0.8485053253481861 0.25976809162507725 0.6040625276173286 0.3203267852883016
0 -0.0017508907715443674 0.4790646748290456 0.2664674497163855 0.41261578589777437 0.2883103035172538 0.4622101873523659 0.02009196302932402 0.5286590762836372
0 0.30211741673045167 0.4074920413147862 0.5666207968268628 0.3419635032811867 0.588709081272818 0.392115157284033 0.32420570117640674 0.4576436953176325
0 0.5946156091173922 0.33255585755166533 0.8880954991577404 0.2598486273847172 0.9133743072090045 0.31724439472433613 0.6198944171686563 0.3899516248912843
0 0.015109619050769183 0.5379279503781649 0.2788700523463537 0.472583471306977 0.3007129061472222 0.5221778727615686 0.036952472851637594 0.5875223518327565
0 0.3281257803276237 0.46841534033090226 0.5703395678654622 0.408408865619123 0.5929186886746514 0.4596749681216325 0.35070490113681285 0.5196814428334118
0 0.6196288713427683 0.3949617653120944 0.901963936805407 0.3250155738167581 0.9267518835664977 0.3812968360598676 0.6444168181038591 0.4512430275552039
0 0.03591035150352416 0.6019954709607874 0.2996707847991087 0.5366509918895995 0.32494959285037284 0.5940467592292186 0.061189159554788264 0.6593912383004065
0 0.34151676040350537 0.5287562193259481 0.6037912435005901 0.46377987220098676 0.6241615383578777 0.5100308149628963 0.36188705526079296 0.5750071620878575
0 0.6666526950586548 0.4605672699365561 0.9311561317519123 0.3950387178815531 0.9520172878993732 0.4424041657399721 0.6875138512061156 0.5079327177949751
0 0.07085468879956461 0.6551425149678454 0.3279282330082081 0.5914546576974843 0.35639758959172063 0.6560945949707221 0.09932404538307713 0.7197824522410832
0 0.3682412950346338 0.596918513442374 0.6528053140934451 0.526420117016996 0.6756298655477209 0.5782434720677601 0.3910658464889097 0.6487418684931383
0 0.6788166034328886 0.5181219287657711 0.9685815896785643 0.44633503547509124 0.9923878637131871 0.5003874007188743 0.7026228774675112 0.5721742940095541
0 0.10075629581275332 0.7342605906889041 0.38977827866075604 0.6626577703820393 0.4113757267434771 0.7116949758852225 0.1223537438954744 0.7832977961920874
0 0.4031587932239904 0.6574887527486528 0.6676621733204017 0.5919602147150533 0.6914684473550244 0.6460125799588364 0.42696506725861305 0.7115411179924359
0 0.7258270483573258 0.5874390523275647 0.9829005642675461 0.5237512020679052 1.0062159770119954 0.5766890622151787 0.7491424611017751 0.6403769124748382
0 0.1272421045182405 0.8000099288435922 0.397689398602343 0.7330088349822792 0.41683259008807577 0.7764736281966076 0.1463852960039733 0.8434747220579206
0 0.4291671568211624 0.7184120517647689 0.6951565437129195 0.6525153677635394 0.7248530036679868 0.7199414545843582 0.4588636167762296 0.7858381385855879
0 0.7478616047360345 0.6524369837351601 1.0064211274416006 0.5883809875078707 1.0272822835890616 0.6357464353662895 0.7687227608834952 0.699802431593579
