0 -0.07566991302101575 0.16347532924397243 0.233548051638796 0.1235290123459722 0.24842415396500409 0.18830285441278455 -0.06079381069480765 0.22824917131078476
0 0.26361786771399437 0.1369138352572363 0.5589557427645498 0.09876061747207057 0.5705112847140115 0.14907600471649526 0.2751734096634559 0.187229222501661
0 0.5856792029341604 0.09411735890752311 0.8355211095989885 0.061841536935104184 0.8480064080492309 0.11620528976760813 0.5981645013844027 0.14848111174002704
0 -0.03901807766714222 0.23317752020550955 0.2270173207198244 0.19880974231219406 0.23857286098300154 0.24912512221416333 -0.027462537403965044 0.28349290010747885
0 0.2822942192728221 0.21132018917177808 0.5768609602857502 0.17326659032263309 0.5862913437964481 0.21432856736182437 0.29172460278352 0.25238216621096937
0 0.5962754267546613 0.1540846281842121 0.8322372731800548 0.12360190153048778 0.8435271696923143 0.17276060974583754 0.6075653232669206 0.20324333639956182
0 -0.04213958763579605 0.28181598795459456 0.24394485518215983 0.24485817463683826 0.2600163594463508 0.3148370613208048 -0.026068083371605072 0.3517948746385611
0 0.27667488751300684 0.25253989520894593 0.6028574191929414 0.2104020110423081 0.6150770722059817 0.26360908484573714 0.28889454052604707 0.30574696901237497
0 0.623596402958741 0.21427329972106654 0.8757517117364515 0.18169862094058548 0.8867759644977933 0.22970065746931567 0.6346206557200827 0.26227533624979676
0 -0.010276820845755109 0.3652377964751857 0.24573407001062766 0.33216503439702066 0.25529727202421565 0.3738053325946109 -0.0007136188321671119 0.40687809467277597
0 0.3042615074680044 0.31388523843241994 0.5988282484809324 0.27583163958327495 0.6115791889958081 0.331352056759943 0.3170124479828801 0.369405655609088
0 0.6261345905826299 0.28064099238372525 0.8798321674355952 0.24786707573120276 0.8920518204486353 0.30107414953463174 0.6383542435956702 0.33384806618715424
0 0.007897767038173574 0.4236305264780077 0.28627104569878475 0.3876688797556194 0.29809223645801713 0.43914096071402997 0.01971895779740599 0.47510260743641824
0 0.32253937906703833 0.38655652240616134 0.5970570462791555 0.351092962775597 0.6090110622864155 0.40314339426222806 0.33449339507429837 0.43860695389279253
0 0.6265993401087148 0.3448945643686268 0.9311905886522267 0.30554594970433135 0.9448712924130208 0.36511476183890035 0.6402800438695088 0.40446337650319586
0 0.012963347355967728 0.4837167736157448 0.28670993927010074 0.44835282533292137 0.2985311300293331 0.49982490629133186 0.024784538115200146 0.5351888545741553
0 0.33624588678809547 0.4496949979064314 0.5876300615281784 0.41721993806197105 0.5998497145412187 0.4704270118654 0.34846553980113576 0.5029020717098603
0 0.6390292822450782 0.4093889418392781 0.9320537551827512 0.3715345808621745 0.9454688084474899 0.4299466919403022 0.6524443355098168 0.4678010529174058
0 0.020899385133783758 0.549387145108678 0.29464597704791673 0.5140231968258546 0.3083266808087107 0.5735920089604236 0.034580088894577726 0.608955957243247
0 0.3375886809054232 0.5108576826642129 0.6097930634839446 0.47569296466515126 0.6208173162452862 0.5236950011938815 0.348612933666765 0.5588597191929431
0 0.672596604916268 0.47948957905216427 0.9471143308680285 0.4440260118333202 0.9584042341254256 0.4931847494184916 0.6838865081736649 0.5286483166373357
0 0.044977254718706165 0.605826270907414 0.31178378714330024 0.5713588740780778 0.32719119214790315 0.638446125600228 0.060384659723309114 0.6729135224295643
0 0.35057575300811594 0.5812349711760596 0.6459135693190281 0.5430817609791735 0.658266047580096 0.5968671853108232 0.3629282312691838 0.6350203955077092
0 0.673275345023376 0.5377605623202064 0.9740110408580374 0.4989100271594551 0.9868948201112157 0.5550088536039871 0.6861591242765543 0.5938593887647384
0 0.058945668618021925 0.6873912849027035 0.3589102304150556 0.6486403686779728 0.37059860941653544 0.699534157847806 0.07063404761950175 0.7382850740725365
0 0.37316302117795314 0.6450126539899592 0.6476806883900703 0.6095490943593949 0.6605644676432486 0.6656479208039269 0.38604680043113154 0.7011114804344913
0 0.7060974031019825 0.6115305036163563 0.972903906156755 0.5770631105811599 0.985522034913878 0.6320052359692507 0.7187155318591057 0.666472629004447
0 0.07217254200713837 0.7553556774332132 0.3528591640409886 0.7190951814910426 0.36321931754274234 0.7642055828579564 0.08253269550889207 0.8004660788001271
0 0.3868695288990104 0.7081511294902293 0.6629294641863824 0.6724883319876234 0.6790009684505732 0.7424672186715899 0.4029410331632013 0.7781300161741957
0 0.7150701892985222 0.6782579316540281 0.9834189604285496 0.6435913007467904 0.9947088636859466 0.6927500383319618 0.726360092555919 0.7274166692391997
