0 -0.15798270505335357 0.11646961995690262 0.20552807361144712 0.042006790228094094 0.23961026801403218 0.1355964423060928 -0.12390051065076854 0.21005927203490132
0 0.24733353413492637 0.07932406599762318 0.5417172532769653 0.019021466900223594 0.5699148311035144 0.09645197114113739 0.27553111196147534 0.156754570238537
0 0.5761923551235258 0.040420271857329174 0.7933043667835625 -0.004053718200687939 0.8194305149961078 0.06768864358705232 0.6023185033360714 0.11216263364506941
0 -0.10866056263218844 0.18952456809007986 0.20642656246177998 0.1249810103122597 0.23538545799706664 0.2045020917806825 -0.07970166709690177 0.2690456495585027
0 0.27735773584308687 0.16201806643535976 0.572418472252367 0.10157678473361152 0.5953067600939951 0.1644279870492868 0.3002460236847148 0.22486926875103508
0 0.5955641251440399 0.10193377334818868 0.8023271506369679 0.05957970610967561 0.8253615799654023 0.12283221271763944 0.6185985544724741 0.1651862799561525
0 -0.1096241337226455 0.2492621805640558 0.23190380888941314 0.17930239248909893 0.2683894006154067 0.27949176982674634 -0.07313854199665193 0.3494515579017032
0 0.27577634921780386 0.20855863520118553 0.6037943057459084 0.14136628031515125 0.6309725234727235 0.21599762332984299 0.3029545669446191 0.28318997821587727
0 0.6312618060237145 0.16430219192872297 0.8511945408850223 0.11925039498360382 0.8729441369771184 0.17897475155091114 0.6530114021158107 0.2240265484960303
0 -0.06010598236431334 0.3516701333004741 0.24769937626257876 0.2886181982430433 0.2695714173795702 0.3486787886556035 -0.03823394124732189 0.4117307237130343
0 0.31437342112332234 0.2778789902384648 0.6126361395766914 0.21678180324384058 0.6386132462439119 0.2881148971831741 0.3403505277905428 0.34921208417779837
0 0.6443646295698422 0.23380667208124845 0.8679045103610612 0.18801597464417544 0.8904763123038772 0.2499981071808474 0.666936431512658 0.2957888046179204
0 -0.031969981106964106 0.424475396793198 0.3024122079766278 0.35597937006867114 0.32702890713886057 0.4235767871448257 -0.007353281944731383 0.49207281386935264
0 0.34441980878772194 0.3610414588906845 0.6252203461278399 0.30352128665118155 0.6479727526174923 0.36599935898863245 0.36717221527737437 0.42351953122813535
0 0.6552653351371862 0.30222919312385216 0.9237233954690076 0.24723729739729414 0.9477050472502181 0.3130908753667041 0.6792469869183968 0.36808277109326215
0 -0.018054793852580388 0.5007114434319831 0.31275535219648004 0.4329471265985393 0.336465259595409 0.4980544949227755 0.0056551135463485495 0.5658188117562194
0 0.3682633033814199 0.43425372193520045 0.6284658584529484 0.38095291301707335 0.6510336662718481 0.44292407769577025 0.3908311112003196 0.4962248866138974
0 0.6780574919192464 0.3714682614569199 0.938469744385452 0.31812449738502313 0.9615004622671542 0.3813668123661138 0.7010882098009483 0.4347105764380105
0 0.010738554930686633 0.5797779337804462 0.3315980507396954 0.514051943230579 0.3605586815988068 0.5935777898954876 0.03969918578979801 0.6593037804453549
0 0.37738958348471996 0.5041586151737826 0.6607208642109991 0.4461200365350439 0.6823515003214464 0.5055177291803576 0.39902021959516754 0.5635563078190963
0 0.7214221366913937 0.443194762401073 0.9656688302265999 0.39316240842428113 0.9863266615991085 0.44988878079343886 0.7420799680639023 0.4999211347702307
0 0.035831282470969845 0.6486825240319766 0.35911540799959807 0.5824598637805104 0.39367648634326935 0.6773645304054776 0.0703923608146412 0.7435871906569438
0 0.3996606480994659 0.5821342817527155 0.70782709793518 0.5190083794987745 0.734446949701927 0.5921064504677259 0.4262804998662129 0.6552323527216669
0 0.7306974367543698 0.503355260579481 0.9994849640649413 0.44829587567521545 1.0247826063898948 0.5177631616022766 0.7559950790793234 0.5728225465065422
0 0.07086162195325159 0.7448757810034895 0.42379648185087704 0.6725793597682022 0.4543925022979685 0.7565959836625086 0.10145764240034305 0.8288924048977961
0 0.4327672363919904 0.6534145244853187 0.7213257436054686 0.5943051823404746 0.7508240212340049 0.675307406186294 0.4622655140205268 0.7344167483311382
0 0.7741584046718464 0.5792714575079626 1.0141276192221655 0.5301153174098627 1.0406485051832775 0.6029416284326206 0.8006792906329582 0.6520977685307204
0 0.10135204415040656 0.8286024322700111 0.42755727106148433 0.7617814033108524 0.4576981131902352 0.8445481082608636 0.13149288627915742 0.9113691372200222
0 0.45546439235864794 0.7250977156632834 0.7476963126386886 0.6652358986325398 0.7855704644233026 0.7692382597012423 0.49333854414326217 0.8291000767319858
0 0.7935114625026034 0.6497876796296541 1.0365618976620867 0.6000003714368423 1.0626307671015098 0.6715854458039245 0.8195803319420268 0.7213727539967363
