0 -0.11226365989846236 0.2020126680369282 0.19120043252769695 0.142190546174295 0.21347833135055372 0.20575908824585884 -0.0899857610756056 0.265581210108492
0 0.22269892506937367 0.1535780530552977 0.5125412060956013 0.09644120988590826 0.5298463569172548 0.14582033746020134 0.24000407589102715 0.20295718062959076
0 0.5386302834039546 0.09008467820937853 0.7838231768358577 0.041749604911360455 0.802520696491772 0.09510176681549055 0.5573278030598691 0.14343684011350863
0 -0.06772396088638175 0.269080952744523 0.1933610986881828 0.21761304388745495 0.21066624698451936 0.2669921642559197 -0.050418812590045166 0.3184600731129877
0 0.24987186251305407 0.22649702617348452 0.5389573586250385 0.1695093686260305 0.5530799510289599 0.20980727178676972 0.26399445491697554 0.2667949293342237
0 0.5560909118956524 0.1491417649239552 0.7876620227509371 0.10349196463721783 0.8045693528233803 0.15173593645763106 0.5729982419680955 0.19738573674436843
0 -0.06523410748497045 0.31773991184404 0.21552692751021832 0.2623932620460971 0.23959501591654628 0.33106999420137784 -0.04116601907864251 0.3864166439993207
0 0.24901910749428097 0.2679266909209453 0.5691320933307182 0.20482255924125284 0.5874317922374224 0.25703956539150313 0.267318806400985 0.32014369707119555
0 0.5902393179424603 0.20733632966629048 0.837702566117093 0.1585536995024662 0.8542120779656428 0.20566252277482788 0.60674882979101 0.2544451529386522
0 -0.02388606274742069 0.39878671395731813 0.22736102352848836 0.349258172729706 0.2416825199937227 0.3901236357528143 -0.009564566282186366 0.4396521769804264
0 0.2835653317649824 0.3272564042113321 0.5726508278769669 0.2702687466638781 0.5917461632314578 0.3247560499102314 0.3026606671194733 0.38174370745768543
0 0.6004088811479812 0.2732917746156314 0.8493856991511005 0.22421077320793636 0.8676853980578045 0.2764277793581866 0.6187085800546851 0.3255087807658817
0 0.0009433502942699334 0.45578436616210277 0.2741367090869063 0.4019295384917356 0.2918396857084039 0.45244383623156526 0.018646326915767588 0.5062986639019323
0 0.31014152040762893 0.39847259325790085 0.5795510122756758 0.3453636823332847 0.5974529030597541 0.3964455687587967 0.32804341119170716 0.4495544796834129
0 0.6082693533704819 0.3372752709848879 0.9071928227811219 0.27834824580797807 0.9276805370711412 0.33680861220748165 0.6287570676605013 0.39573563738439155
0 0.01290768930491313 0.515318151625435 0.2815604539053434 0.46235841495882823 0.299263430526841 0.5128727126986579 0.030610665926410784 0.5658324493652647
0 0.3310659145563531 0.4604876197468078 0.5777723778167427 0.4118541752049189 0.5960720767234468 0.46407118135516917 0.34936561346305706 0.5127046258970581
0 0.6280780535612397 0.4007238059017911 0.9156499798447375 0.3440345195982079 0.9357398658095959 0.40135970862634673 0.648167939526098 0.4580489949299299
0 0.028374660440196636 0.5802293142671173 0.29702742504062685 0.5272695776005105 0.31751513933064623 0.5857299440000141 0.04886237473021602 0.638689680666621
0 0.33944530080498725 0.5213349106415736 0.6065845532235578 0.46867353385491134 0.6230940650721074 0.515782357127273 0.35595481265353696 0.5684437339139352
0 0.6695906329010516 0.46838880219476536 0.939000182415725 0.41527987990622306 0.9559075225894357 0.4635238805499496 0.6864979730747623 0.5166328028384919
0 0.05886039045537309 0.6348983613581825 0.3207022349441809 0.583281266879179 0.34377579294267674 0.6491201708993007 0.08193394845386891 0.7007372653783043
0 0.3604863446450603 0.590608304910117 0.6503285680246613 0.5334714731046537 0.6688271810939458 0.5862560679405864 0.3789849577143448 0.6433928997460496
0 0.676975526185945 0.5263981959438194 0.9721151863186219 0.46821707614873437 0.9914094560382286 0.5232720257273967 0.6962697959055517 0.5814531455224818
0 0.08216714412507073 0.715254144640646 0.3765500193435044 0.6572222104674963 0.3940541020049569 0.7071689771682701 0.09967122678652317 0.7652009113414198
0 0.3903319221957864 0.6526850320599334 0.6597414140638332 0.5995761211353173 0.6790356837834399 0.6546310707139795 0.40962619191539307 0.7077399816385957
0 0.7181680682181125 0.5977670554075196 0.9800098838836069 0.5461499666104792 0.9989063252780526 0.6000697388177767 0.7370645096125582 0.651686827614817
0 0.10316929898750876 0.7821081252017037 0.3786329548762482 0.7278057520294564 0.39414793631696576 0.7720767471666593 0.11868428042822633 0.8263791203389066
0 0.41125631634451043 0.7147000585488403 0.6821793780410438 0.6612927763803533 0.7062474664473717 0.729969508535634 0.4353244047508384 0.783376790704121
0 0.7347896136682194 0.663664186657281 0.9981449991622003 0.6117487266163698 1.0150523393359112 0.6599927272600964 0.7516969538419302 0.7119081873010076
