0 -0.10516473064134124 0.19396434620007144 0.1996582485374786 0.13816356157543816 0.22043859191878046 0.20201675824655077 -0.08438438726003941 0.257817542871184
0 0.230884198639561 0.14996573473608182 0.5220243690895375 0.09666972014222218 0.5381662404212371 0.14626996330809047 0.24702606997126067 0.19956597790195013
0 0.5482587944619651 0.09065909496210643 0.7945496411049625 0.045573181408055684 0.8119902840452162 0.09916424981824949 0.5656994374022188 0.14425016337230023
0 -0.062208302916253615 0.26161106081198854 0.20004587365642762 0.21360290583867883 0.21618774263256615 0.2632031417664517 -0.04606643394011509 0.3112112967397614
0 0.2563390506231529 0.2232326259660561 0.5467190473395159 0.1700757685016915 0.5598922968421376 0.2105541222927749 0.2695123001257745 0.2637109797571395
0 0.5643286517708331 0.1499378490397626 0.7969367186373688 0.10735670021647295 0.8127075113570984 0.15581670449620735 0.5800994444905624 0.198397853319497
0 -0.06086250039056728 0.3102953771264321 0.22115575897033807 0.2586692162864383 0.24360595257216397 0.3276534770880103 -0.03841230678874133 0.3792796379280041
0 0.2545126790374447 0.2646445792215539 0.5760591039747983 0.2057824066481917 0.5931286683030816 0.2582332361722516 0.2715822433657281 0.31709540874561376
0 0.5971039661031627 0.2085748411513925 0.8456753339470003 0.1630714562088565 0.8610750504103208 0.2103912288405524 0.6125036825664832 0.2558946137830884
0 -0.02142577744455477 0.3918762408854591 0.2309463722102052 0.34567708619548526 0.24430515512990908 0.386725541334397 -0.008066994524850912 0.43292469602437095
0 0.28765906962618343 0.32442180298122225 0.5780390663425464 0.27126494551685765 0.595850783183648 0.32599623833699454 0.30547078646728487 0.37915309580135914
0 0.6057217542990196 0.2746544877800399 0.8558134696100844 0.2288727885785137 0.8728830339383679 0.2813236181025736 0.6227913186273031 0.3271053173040998
0 0.002060123710309464 0.44919330177277844 0.2764768194493705 0.39895868042766025 0.2929897741041626 0.4496991769558534 0.018573078365101595 0.49993379830097157
0 0.3125572872028921 0.39597828521532774 0.5831731721786493 0.3464394389176599 0.5998716696727682 0.3977500657460629 0.329255784697011 0.44728891204373084
0 0.6120771583243584 0.33873196417155044 0.9123391819586425 0.28376610642385003 0.9314496798305424 0.342488253440694 0.6311876561962584 0.3974541111883944
0 0.012623341387424934 0.5088760151137832 0.2824791105343321 0.45947631534558525 0.29899206518912425 0.5102168118737783 0.029136296042217066 0.5596165116419762
0 0.33202084953265026 0.45826031325816385 0.5798320436428748 0.41289608544512296 0.5969016079711582 0.46534691496918285 0.34909041386093376 0.5107111427822238
0 0.630391507348062 0.40243252752139014 0.9192511565971981 0.3495539843160158 0.9379905687904446 0.40713587073243973 0.6491309195413083 0.46001441393781406
0 0.02656225886143086 0.5739815777360026 0.29641802800833805 0.5245818779678048 0.315528525880238 0.5833040249846487 0.045672756733330835 0.6327037247528466
0 0.3389687992857887 0.519208931946829 0.6073042788702325 0.47008753583759627 0.6227039953335528 0.5174073084692923 0.35436851574910916 0.566528704578525
0 0.6703072608466135 0.4706358400179411 0.9409232037271342 0.4210969831202482 0.9566940058691081 0.46955701635236424 0.6860780629885876 0.5190958732500571
0 0.05575832886688514 0.6290451764393855 0.3187726791731798 0.5808978643365807 0.34029519626734983 0.647031589446629 0.07728084596105528 0.6951789015494337
0 0.3583783949181986 0.5887497421615678 0.6495185074634117 0.5354537381677333 0.6667736146310219 0.5884746979920032 0.3756335020858088 0.6417707019858377
0 0.6763275731523705 0.5287338545102941 0.9727888439281143 0.4744637612100189 0.9907861224530318 0.5297652422351292 0.6943248516772879 0.5840353355354044
0 0.07717280549342827 0.7096966082028284 0.3728739025355587 0.6555656720320484 0.38920133319551303 0.7057360961647947 0.09350023615338264 0.7598670323355746
0 0.3867603042769059 0.6512114065759002 0.6573761892526631 0.6016725602782325 0.6753734677775804 0.6569740413033428 0.40475758280182317 0.7065128876010105
0 0.7158362847021749 0.6006362235146889 0.9788506060560879 0.5524889167118967 0.9964767989023516 0.6066501371365868 0.7334624775484386 0.6547974439393791
0 0.09660038328635916 0.7768178664967835 0.3732975423214972 0.7261657843632052 0.3877695822771618 0.7706350213033776 0.1110724232420238 0.8212871034369559
0 0.4062238666066641 0.7134934346187365 0.6783600990496482 0.6636762740620784 0.7008102926514742 0.7326605348636503 0.4286740602084901 0.7824776954203084
0 0.7309064232138216 0.6667428659554642 0.9954410920349613 0.6183172448936819 1.0112118941769352 0.6667772781257979 0.7466772253557955 0.7152028991875803
