0 0.20388570400746953 0.008259671358641061 0.5391084625620652 0.09838669329096666 0.507306677110072 0.16492205233099122 0.17208391855547628 0.07479503039866567
0 0.6200077432057335 0.11318214752185055 0.9337016584443977 0.19752098686753186 0.901690692137715 0.26449399187847455 0.5879967768990508 0.18015515253279324
0 0.9893865627201338 0.18663754518000616 1.1591211140951916 0.23227188605952562 1.1216118323752517 0.3107484084024938 0.951877281000194 0.26511406752297434
0 0.18631045042208552 0.08766184263205565 0.5155234040064217 0.17617308577090363 0.47623200532450294 0.2583781343658201 0.14701905174016677 0.16986689122697216
0 0.5785526947744103 0.18453802259746624 0.9056885132506196 0.27249081319492435 0.8777438048623778 0.33095643641243855 0.5506079863861684 0.24300364581498052
0 0.9363513357756964 0.26918453055932234 1.1181199029378162 0.3180543021400596 1.0908596165391546 0.37508798491258305 0.9090910493770351 0.32621821333184575
0 0.15048728928634256 0.1668261912258518 0.5376808996466693 0.2709259461573717 0.5038475188931643 0.3417117873916795 0.11665390853283755 0.2376120324601596
0 0.5494234025967453 0.24700531270714599 0.8853867927944331 0.33733145872230097 0.8502765037178547 0.4107888340396604 0.5143131135201667 0.3204626880245054
0 0.9130896155195669 0.3319241809677528 1.0888982300761911 0.379191576917709 1.0553446153068042 0.4493920947201427 0.8795360007501801 0.4021246987701865
0 0.11144383371271184 0.22922997829660013 0.49486490774949554 0.3323154600163653 0.4577106803600756 0.410049141445715 0.07428960632329193 0.3069636597259498
0 0.5218372355089662 0.3214205577144906 0.8678513337541621 0.41444890804458806 0.8282782448924427 0.49724330585322657 0.4822641466472468 0.404214955523129
0 0.8907661659120913 0.40269661872059215 1.056381150152051 0.447223384687425 1.0243947324254785 0.5141450294187999 0.8587797481855189 0.46961826345196706
0 0.07522556880506907 0.29721666637737276 0.41670618782190255 0.3890261585857661 0.371102719974897 0.48443725150226624 0.029622100958063554 0.39262775929387295
0 0.48169545923385043 0.39008846540459496 0.8452521754098654 0.48783327328613835 0.8072380873218947 0.5673659461711362 0.4436813711458796 0.46962113828959273
0 0.8690016604822813 0.4781406467126231 1.0219491363922752 0.5192616630042088 0.9873091120246454 0.5917351554731979 0.8343616361146516 0.5506141391816122
0 0.03256527430229738 0.38673145570643613 0.3838178826024676 0.4811682167084495 0.34628614411096414 0.5596917228712762 -0.004966464189206003 0.4652549618692629
0 0.45159963258425306 0.45899450205169773 0.8321106695109493 0.5612975996052577 0.7918640853422753 0.645501077169108 0.41135304841557907 0.5431979796155479
0 0.8354655627000879 0.550090224662227 0.9876567386801461 0.5910079043406704 0.9513148269241799 0.667042067596512 0.7991236509441216 0.6261243879180686
0 0.010938510353611168 0.4629389361133858 0.3876681738746592 0.5642253845428392 0.3510735488508785 0.640788271823739 -0.02565611467016955 0.5395018233942857
0 0.42265272360601985 0.5469257238749714 0.7422643698356773 0.6328555872701969 0.7066206896931843 0.7074289177320542 0.3870090434635267 0.6214990543368287
0 0.7909923010141898 0.6190263370865378 0.9533952022885561 0.6626895117114918 0.9232479100113803 0.7257633576367287 0.7608450087370139 0.6821001830117747
0 -0.02067214103688376 0.5327143801438033 0.3562520785616205 0.6340531363578937 0.31309760897992184 0.7243404610156412 -0.06382661061858244 0.6230017048015507
0 0.38154702151216563 0.6156100124214522 0.7195373858566982 0.7064811248469327 0.6846677486262167 0.779435010918134 0.34667738428168404 0.6885638984926534
0 0.7608714750774704 0.687860117660195 0.9208113833793504 0.7308610991136365 0.8875758039632666 0.8003962267149014 0.7276358956613865 0.7573952452614597
0 -0.05665285082094504 0.6050800534389871 0.31780862829313317 0.7057566843647752 0.27292952960966504 0.799652259781598 -0.10153194950441313 0.69897562885581
0 0.34913531962309263 0.6829633016172594 0.7025351144409655 0.7779773489801636 0.6617283446138844 0.8633528410514211 0.30832854979601154 0.7683387936885169
0 0.7485447090057141 0.7531720463299411 0.8917454163841569 0.7916725746063333 0.8529210709487063 0.8729004593407023 0.7097203635702637 0.83439993106431
0 -0.11004986734057699 0.6832092286473415 0.292047243529017 0.7913158956484917 0.24129899937898078 0.897490835111265 -0.16079811149061324 0.7893841681101149
0 0.3235691680358337 0.7614449746770695 0.6974458286941582 0.8619643730032113 0.6500689195270316 0.9610858410855582 0.27619225886870724 0.8605664427594165
0 0.7230747063315182 0.8338214864303456 0.854686730752537 0.8692063149029 0.8135609601220544 0.9552492170798078 0.6819489357010355 0.9198643886072532
