0 0.10160949000340587 0.08128481887701396 0.37713494558767435 0.1077612477779728 0.36898070223734586 0.15549312516322414 0.09345524665307736 0.12901669626226528
0 0.44298696104910457 0.11941412605872141 0.7177362716024955 0.14581597183746642 0.709184260437821 0.1958762325841729 0.43443494988443004 0.1694743868054279
0 0.7599843842055499 0.1386343844508132 1.042494908582333 0.16578203872679642 1.0318546154454715 0.22806631766376867 0.7493440910686883 0.2009186633877854
0 0.10366618878683986 0.14774745159513325 0.3753109783380662 0.173850970566248 0.3650684517530561 0.2338068735319333 0.09342366220182974 0.20770335456081862
0 0.4255409760801365 0.18459431533736337 0.7127083706421856 0.2121894683466296 0.7057474307348951 0.25293619564751546 0.4185800361728459 0.22534104263824922
0 0.7357933062004749 0.2155910988676629 1.0004529678378402 0.24102338678252813 0.993293144654624 0.28293430206905745 0.7286334830172585 0.2575020141541922
0 0.0915342389948731 0.2187631523641554 0.41362739136891774 0.24971447201711888 0.40567203003202057 0.29628216880689506 0.0835788776579759 0.2653308491539315
0 0.41589516349422745 0.24105763046667036 0.7115999169105466 0.2694731750953887 0.7026501341440428 0.32186184137405505 0.4069453807277237 0.29344629674533673
0 0.7315803264166936 0.2725765083694647 0.9915832361114852 0.29756130891349697 0.9825340192819854 0.3505320248439756 0.7225311095871936 0.32554722429994326
0 0.0741270892929019 0.27448067719444713 0.393115720664782 0.3051336700397803 0.3843648262241818 0.3563581187721303 0.06537619485230167 0.32570512592679707
0 0.40999167334008824 0.30793865262677794 0.7157860756724326 0.33732375511937607 0.705742437413326 0.396115440538745 0.3999480350809817 0.3667303380461469
0 0.7302536013363033 0.33575573816865484 0.964644197982901 0.35827934112943083 0.9560921918682044 0.4083395723154642 0.7217015952216067 0.38581596935468826
0 0.06020281456142617 0.33289945552458433 0.343489543090433 0.36012169860400645 0.33205371684986834 0.4270627294835525 0.04876698832086148 0.39984048640413034
0 0.392744571647046 0.3719546539197765 0.7148376648997447 0.40290596789151495 0.7056890039072929 0.4564587925951518 0.3835959106545942 0.42550747862341326
0 0.7302608257476156 0.40497971070282474 0.9755172163411163 0.42854745464969424 0.9663685553486645 0.48210027935333116 0.7211121647551638 0.45853253540646166
0 0.045027001684640244 0.4124974499637392 0.3376272932201408 0.44061467346605226 0.3290752871054441 0.4906749046520858 0.03647499556994358 0.4625576811497727
0 0.3834576312246456 0.43555225184492175 0.7218494153976988 0.4680697772958007 0.7124024219163916 0.5233689283189122 0.37401063774333854 0.49085140286803336
0 0.7196010854165826 0.4719953190233596 0.9617530141292646 0.4952647418438238 0.9522065865849614 0.5511459425187476 0.7100546578722793 0.5278765196982833
0 0.04290473845056921 0.48033346126617615 0.3587888488202848 0.510688127303879 0.3510323657093355 0.5560916656686848 0.03514825533961997 0.525736999630982
0 0.3799431699091608 0.5115376677288821 0.6640059843476994 0.5388344882492929 0.6557523006219025 0.5871484522371976 0.3716894861833639 0.5598516317167868
0 0.6988517552908703 0.5380413751612397 0.9448842909152485 0.5616837022303232 0.9376250286190583 0.6041766967293377 0.69159249299468 0.5805343696602543
0 0.03226444531370756 0.5426177402031485 0.3489246415929547 0.57304698368184 0.33937820394869583 0.6289282434781098 0.022718007669448686 0.5984989999994182
0 0.36172110408063907 0.5766432500058621 0.6628587544704097 0.6055808651276273 0.655301159685364 0.6498201859461165 0.35416350929559337 0.6208825708243514
0 0.6900426274104922 0.6034598825280736 0.947717102012651 0.6282209337054644 0.9397617507757094 0.6747885713738946 0.6820872761735506 0.6500275201965038
0 0.018798565490755717 0.6075887601991493 0.33390653082959365 0.6378688431146383 0.32406178089639065 0.6954963109876908 0.008953815557552716 0.6652162280722017
0 0.35010576280665967 0.6400171619466307 0.6659898436157022 0.6703718251437212 0.6569406267862024 0.7233425410741997 0.34105654597715973 0.6929878778771094
0 0.6955215350408623 0.663743196304369 0.9539721546738987 0.6885788306039737 0.9443262728666881 0.7450421991734016 0.6858756532336516 0.7202065648737971
0 -0.007223648210129904 0.68141124902675 0.3319442809938007 0.7140033575998427 0.32090622130508756 0.7786160125081019 -0.01826170789884307 0.7460239039350092
0 0.34621288877109485 0.7135995553548254 0.682276356094207 0.7458933428015128 0.6716360730573011 0.8081775626171389 0.33557260573418884 0.7758837751704516
0 0.6939570813175939 0.7375493376588989 0.9283477962068838 0.7600729519821249 0.9178069371330182 0.821775181267285 0.6834162222437284 0.799251566944059
