0 -0.13300620836837376 0.2579921050927385 0.1407667109558544 0.18401832270728208 0.16581966438183549 0.23617310290737084 -0.10795325494239275 0.31014688529282725
0 0.20518343830297905 0.1636106387850969 0.486726732929833 0.08753729135460762 0.5132741464540815 0.14280321125218648 0.2317308518272275 0.21887655868267575
0 0.5184047082923564 0.05785854504906151 0.7845311812974421 -0.014049158056418865 0.8174956526242205 0.05457567540043465 0.5513691796191348 0.12648337850591507
0 -0.09171378684857515 0.31850566557145205 0.17895126273691836 0.2453716334443594 0.20930317770434306 0.30855769485842716 -0.06136187188115047 0.3816917269855199
0 0.22880781569478653 0.2307528308524173 0.5229478746516094 0.15127582207512238 0.5448590754148985 0.1968901590476348 0.2507190164580756 0.2763671678249297
0 0.5438531490900759 0.14031758669285377 0.8225140854746102 0.06502305603467555 0.8451052206739744 0.11205286807956759 0.5664442842894399 0.18734739873774578
0 -0.06032381689763971 0.38749779925498906 0.26085507889083187 0.3007148632271926 0.28501974369282046 0.3510204204174896 -0.0361591520956511 0.43780335644528606
0 0.2539921225030831 0.28710145073570176 0.5573849661031965 0.20512432807076678 0.5845215102312371 0.26161668928356613 0.28112866663112357 0.3435938119485011
0 0.5752840724870492 0.19598424536779274 0.849509080256907 0.12188830812356313 0.8770411082741019 0.17920398046303138 0.6028161005042441 0.253299917707261
0 -0.04289500492170229 0.44552764280127927 0.27519671334292395 0.35957886596971705 0.30113236096367246 0.4135712227991645 -0.016959357300953735 0.4995199996307266
0 0.2892717440585681 0.35184524476526186 0.6035923482169722 0.26691542764283743 0.6334306733688453 0.3290323071729315 0.3191100692104412 0.413962124295356
0 0.6139043162320571 0.25669475484797966 0.8612051074608723 0.1898737743095564 0.8868374420655352 0.2432346996499971 0.6395366508367197 0.31005568018842034
0 -0.020776822136418953 0.5052446473391206 0.26186383279712366 0.42887479179261384 0.2945369830185503 0.4968931583008835 0.011896328085007705 0.5732630138473902
0 0.312406119669843 0.4181687574700275 0.6435055586243733 0.32870527837346086 0.670551569971321 0.3850091700985112 0.3394521310167908 0.47447264919507787
0 0.6572815002707881 0.32219845895176746 0.9128758882413195 0.25313653828647265 0.9399315193801996 0.30946045631841274 0.6843371314096682 0.3785223769837075
0 0.013539230011282537 0.5842617921493435 0.3052147003759894 0.505450718266679 0.32962190885391834 0.5562611984451963 0.037946438489211476 0.6350722723278607
0 0.34270239921672735 0.48131938557771364 0.691016807659257 0.38720440037228526 0.7185398185946197 0.4445013011157259 0.37022541015209004 0.5386162863211542
0 0.6890563905129926 0.3900079769905597 0.945298657900118 0.3207709985032807 0.973122550808593 0.37869426983493204 0.7168802834214677 0.447931248322211
0 0.05249073317952288 0.6478465190860183 0.3678976505813821 0.5626231787777647 0.3898094708902489 0.6082388055089286 0.07440255348838967 0.6934621458171822
0 0.3866117471784557 0.5545241641492937 0.678735072215827 0.47559207937856285 0.7023036802985161 0.524656776593061 0.41018035526114477 0.6035888613637919
0 0.7107034531949347 0.4606488154954585 0.9707053950898069 0.3903959682927395 0.9917591700267416 0.4342253318630736 0.7317572281318695 0.5044781790657926
0 0.07998660410030366 0.7097200821738459 0.396609595681265 0.6241681571139976 0.42307525612601815 0.679263884946024 0.10645226454505673 0.764815810005872
0 0.4095816089150952 0.622520091930791 0.7193006906632454 0.5388336118712804 0.7405637878280629 0.5830987386269199 0.4308447060799127 0.6667852186864306
0 0.7432795650397874 0.5263407368543819 1.0095513601990347 0.45439376752259153 1.0322434426059692 0.5016337296177843 0.7659716474467221 0.5735806989495746
0 0.10664541782144026 0.774861576646647 0.42183932877815883 0.6896957909440806 0.4492774535516344 0.7468159772283525 0.1340835425949158 0.8319817629309189
0 0.43738956436902604 0.686436873010767 0.7627976628909026 0.5985112011585613 0.7884233272793182 0.6518582405648232 0.46301522875744167 0.7397839124170288
0 0.7865441523630398 0.5818669627377786 1.0381299424060588 0.5138881702047056 1.0657253593637226 0.5713358044809982 0.8141395693207033 0.6393145970140711
0 0.13634218370277307 0.8493247436418387 0.46603376697434923 0.7602416688970906 0.4973952280935806 0.8255293850244391 0.16770364482200434 0.9146124597691874
0 0.4785526110222788 0.7565568948994431 0.8256849836988169 0.6627612972241661 0.8564244446276814 0.7267541447321787 0.5092920719511433 0.8205497424074557
0 0.8312870519250624 0.6523130626833148 1.073221942474909 0.5869419551641359 1.1037778024186533 0.6505525854995597 0.8618429118688066 0.7159236930187386
