0 0.06694513683200493 0.10111367519032294 0.3441567802877845 0.11440806607694463 0.34006235732427165 0.16243205771552616 0.06285071386849203 0.14913766682890447
0 0.4108628712490846 0.122899611418385 0.6872936197450378 0.13615655249695424 0.6829994689093933 0.18652317696724766 0.40656872041344005 0.1732662358886784
0 0.7288480330767658 0.12697638733347308 1.0130874932383322 0.14060781508190018 1.0077447705985523 0.20327326749522737 0.7235053104369858 0.18964183974680027
0 0.07462770210424764 0.16734403953123983 0.3479349302440579 0.18045118423026593 0.3427919348424836 0.24077401124727657 0.06948470670267339 0.22766686654825052
0 0.3989735170397103 0.18877940916710068 0.6878983469602352 0.2026355357638425 0.6844031076131172 0.24363162890728848 0.39547827769259225 0.2297755023105466
0 0.7112247967874603 0.20493031702957445 0.9775041487383208 0.21770042201412843 0.9739090457720999 0.25986782785573265 0.7076296938212394 0.24709772287117865
0 0.06853597131176317 0.23879435062521137 0.39260030114336136 0.254335681499647 0.3886057411650254 0.30118836787546566 0.06454141133342718 0.28564703700102995
0 0.3941301745143109 0.24558827120072185 0.6916446110602756 0.259856334275374 0.6871507304507217 0.3125656138835653 0.389636293904757 0.2982975508089131
0 0.711847537995654 0.26200134890314414 0.9734416391538817 0.27454676074471673 0.9688978305383319 0.32784165208961513 0.7073037293801043 0.3152962402480426
0 0.05588379561872145 0.29522875002522264 0.3768246050941767 0.3106202845201152 0.37243059063942935 0.3621582216885668 0.05148978116397409 0.34676668719367426
0 0.39390407369227864 0.31261547587942745 0.7015699067833358 0.3273703750480949 0.6965267775365681 0.386521859625366 0.3888609444455109 0.3717669604566985
0 0.7158753789600066 0.32511616071351945 0.9517004223092643 0.33642575171069433 0.9474062740093235 0.3867923464394064 0.7115812306600657 0.37548275544223153
0 0.04693628079756575 0.3541929898412314 0.3319566954021213 0.3678618702503777 0.32621451828593 0.4352125734563379 0.04119410368137443 0.42154369304719164
0 0.3821145831020072 0.3773239609299848 0.7061788534504426 0.3928652889517539 0.7015851117574896 0.4467458515165221 0.3775208414090541 0.4312045234947531
0 0.721746522153754 0.3941999420693395 0.9685038570079306 0.4060338189685821 0.9639101153149776 0.45991438153335024 0.7171527804608009 0.44808050463410765
0 0.038533838621764266 0.43435329402032363 0.3329248142947487 0.4484715635680994 0.32863066599480784 0.4988381582968114 0.03423969032182345 0.4847198887490357
0 0.37823372981531816 0.4412355930633272 0.7186964374211321 0.45756334993819775 0.7139528964959692 0.5132009261625754 0.3734901888901553 0.4968731692877048
0 0.7167851805142263 0.46158809223068553 0.960419054495423 0.47327217560305157 0.9556255855642642 0.5294953635641363 0.7119917115830677 0.5178112801917701
0 0.04216222257400175 0.5021533863649134 0.35997951169331405 0.5173951244802627 0.35608481279837717 0.5630765278995044 0.03826752367906489 0.547834789784155
0 0.38116306082672463 0.5172349635197687 0.666964310907944 0.5309412908843008 0.6628199567688055 0.5795509314365661 0.3770187066875862 0.5658446040720341
0 0.7016725018127691 0.5284894091506829 0.949210731626772 0.540360735857978 0.9455656981188516 0.5831137831778705 0.6980274683048485 0.5712424564705756
0 0.0368194999342218 0.5648188387782406 0.3554176245301978 0.5800980238489757 0.3506241505276317 0.636321271293223 0.03202602593165564 0.621042086222488
0 0.3684928736763903 0.5830772845715173 0.6714734559748143 0.5976074905972033 0.667678623234684 0.6421175515767055 0.36469804093625996 0.6275873455510194
0 0.6984227442536967 0.5941955047516871 0.957674160532445 0.6066285671691023 0.9536796056255163 0.6534811940617583 0.6944281893467681 0.641048131644343
0 0.028884491582516367 0.6303002412362634 0.3459208857420023 0.6455045295435603 0.3409776226500411 0.7034846716810919 0.023941228490555206 0.6882803833737948
0 0.3622693750511867 0.646876628903365 0.6800866344289177 0.6621183655923811 0.6755428258133679 0.7154132569372794 0.35772556643563697 0.7001715202482635
0 0.7089971573044809 0.6540959683740074 0.9690294685430556 0.666566480599475 0.9641860614630863 0.7233753992635923 0.7041537502245114 0.7109048870381245
0 0.00916831995408464 0.7052135291710211 0.3504119225197249 0.7215787358539442 0.3448694726417393 0.7865868136635877 0.00362587007609901 0.7702216069806647
0 0.3646174988000078 0.720495862532775 0.7027376404926678 0.7367112756888216 0.6973949229242954 0.7993766686189859 0.3592747812316353 0.7831612554629395
0 0.7136879510619906 0.7278275507144079 0.9495131133775737 0.7391371474169162 0.9442203187437896 0.8012169880935361 0.7083951564282066 0.789907391391028
