0 0.0015664759847199032 0.11978701445788963 0.2855361338562154 0.11592380270857489 0.2868826761028675 0.17159953466968503 0.002913018231371976 0.17546274641899978
0 0.3551161699746516 0.1256774863043712 0.6461711479379726 0.12171788365177628 0.6476013628577976 0.18085324514595397 0.35654638489447654 0.18481284779854884
0 0.6892359049168442 0.11376959361095632 0.9906419108909915 0.10966917234651166 0.9924219876480612 0.18327033609999163 0.6910159816739139 0.18737075736443629
0 0.01757083645696546 0.18955189772725206 0.2975536888279585 0.18574292372279788 0.2992342565045103 0.2552296670721731 0.019251404133517256 0.2590386410766273
0 0.3508131552029155 0.19699171332556203 0.6546128177811785 0.19285872801048554 0.655818988587883 0.24273049601506455 0.35201932600962 0.24686348133014108
0 0.6796845651690301 0.199473724538303 0.9668366173711843 0.1955672185044464 0.9680806123087236 0.2470029078603603 0.6809285601065693 0.25090941389421695
0 0.02036111045833838 0.26533821046097855 0.35234755377745375 0.26082176339386265 0.35372427670435047 0.3177453815374398 0.021737833385235106 0.3222618286045557
0 0.3526949605953446 0.2580667822770163 0.6652996120102107 0.2538140111489726 0.6668334844217679 0.3172353181749706 0.3542288330069017 0.32148808930301426
0 0.6870499046283026 0.2613869897444956 0.968905942055639 0.25755253234659525 0.9704575236996514 0.32170606629073484 0.6886014862723151 0.3255405236886352
0 0.01469568768902248 0.3253764203248457 0.34292321618132643 0.3209111107068237 0.3444353994944657 0.38343563455873614 0.01620787100216174 0.3879009441767582
0 0.3605695544195189 0.329724903275429 0.6836953771175409 0.325328998853419 0.6854227720879855 0.39675191900654655 0.3622969493899635 0.40114782342855654
0 0.6987192119143482 0.3295875022521645 0.9524173423015132 0.3261361137994785 0.9538900212561143 0.3870272436136398 0.7001918908689494 0.3904786320663258
0 0.013069788034564676 0.3877601088263465 0.30391952136394423 0.38380329838573396 0.3058308344263408 0.4628307139906578 0.014981101096961264 0.4667875244312703
0 0.35623550712613516 0.3992094335772432 0.6961959190153041 0.3945845061559254 0.6978144759120416 0.46150727829368626 0.3578540640228727 0.4661322057150041
0 0.7130193993820677 0.4040502776818271 0.9785058065712222 0.4004385178366939 0.9800943294428031 0.4661194675671049 0.7146079222536487 0.46973122741223816
0 0.014626043635326234 0.4721791108312378 0.314501326309502 0.46809951400374783 0.31600242590312605 0.530165757249615 0.016127143228950286 0.5342453540771049
0 0.3599507259530051 0.46735260851997573 0.7169459359031601 0.4624959343954725 0.7186419870419497 0.5326228753290857 0.36164677709179466 0.5374795494535889
0 0.7156264008069009 0.47694885409868554 0.9773852400558447 0.4733878052498289 0.9790475562004144 0.5421198991219682 0.7172887169514706 0.5456809479708249
0 0.02666185952355013 0.543025639657901 0.35045708127811903 0.5386206285224497 0.3518755073088779 0.5972685526344045 0.02808028555430899 0.6016735637698557
0 0.3721105121676875 0.5479318402843686 0.670945805263782 0.5438663917993013 0.6724361076017604 0.6054861989138606 0.3736008145056659 0.609551647398928
0 0.7074421935736276 0.5494705208154724 0.9728753527719497 0.5458594853726058 0.9742004130209501 0.6006469971934107 0.708767253822628 0.6042580326362773
0 0.029082666293553317 0.6086501684074939 0.35337720342718093 0.6042383644299713 0.3550837731949655 0.6748002210671052 0.030789236061337887 0.679212025044628
0 0.36700761091899076 0.6180514313972227 0.6834281200316704 0.6137467481515169 0.6848444086636131 0.6723062968382842 0.3684238995509335 0.6766109800839901
0 0.7116589312961175 0.6201099067020273 0.9894857614932624 0.6163302638953364 0.9909442725574347 0.6766355913167901 0.71311744236029 0.680415234123481
0 0.029260930260613164 0.6771193353145768 0.35150576241753306 0.6727354161625244 0.3532733125960309 0.7458186411489938 0.031028480439111022 0.7502025603010459
0 0.3682813046383693 0.6856251996289072 0.6999646485938882 0.6811128760200208 0.7016403707070599 0.7503992689618083 0.36995702675154096 0.7549115925706948
0 0.729774762413453 0.6839960840121687 1.00444190391453 0.6802594265954887 1.0061767606381984 0.7519908692427841 0.7315096191371213 0.7557275266594643
0 0.018879591187536845 0.7554736885152303 0.3652136117745576 0.7507620525343022 0.36720459764574326 0.8330837145379245 0.020870577058722504 0.8377953505188526
0 0.3795049003792878 0.7631662416681507 0.7324003726043994 0.7583653416536958 0.734361163021732 0.8394385066277263 0.38146569079662046 0.8442394066421812
0 0.7432479183770873 0.7627434439205358 0.9956393126758568 0.7593098327129533 0.9975022607279282 0.8363374912676567 0.7451108664291586 0.8397711024752391
