0 -0.005762305710000965 0.15255991131114335 0.2710817787737504 0.13549260585412437 0.27633818863746434 0.18345292177988476 -0.000505895846286973 0.20052022723690371
0 0.3387251396352469 0.13662193643181172 0.6147893645592191 0.11960270894382413 0.6203021845609396 0.1699025515701659 0.3442379596369674 0.1869217790581535
0 0.6541232808348173 0.10598994471595788 0.9379858637394098 0.08848995218664159 0.9448448375760387 0.15107231556018821 0.660982254671446 0.16857230808950452
0 0.014674524571858043 0.21724936107230242 0.28761937066100607 0.20042244179819405 0.2942219351734609 0.26066528589669596 0.021277089084312906 0.2774922051708043
0 0.3397299697884886 0.20309819514568395 0.628271710051757 0.18530973480217944 0.6327588895014515 0.2262514706261956 0.3442171492381832 0.24403993096970017
0 0.6517951668685846 0.18503718832897698 0.9177214551325983 0.16864295978941218 0.9223368392443799 0.21075445525095074 0.6564105509803663 0.22714868379051553
0 0.022495005299657738 0.2886049384094634 0.3461296534971837 0.2686530170687484 0.35125785951264327 0.315443580782523 0.027623211315117253 0.33539550212323804
0 0.3459479764636456 0.2598317269672259 0.6430679342673137 0.24151442361336126 0.6488371668485382 0.2941538152168944 0.35171720904487 0.312471118570759
0 0.6634720155046474 0.2414342150561846 0.9247192652185716 0.2253284470063155 0.9305525952478446 0.27855267387538996 0.6693053455339203 0.29465844192525903
0 0.020914538440938053 0.345819272298973 0.34142980780363996 0.3260596591721373 0.34707083246744747 0.3775292614360015 0.02655556310474551 0.3972888745628371
0 0.3587145663551127 0.32617172546444706 0.6659724608187392 0.3072294231621596 0.672446817413777 0.3663024779209925 0.3651889229501506 0.38524478022327996
0 0.6796891225904185 0.30343962408594694 0.9152014820659709 0.28892039971614314 0.9207142988123613 0.33922021264033836 0.685201939336809 0.35373943701014227
0 0.023489686343519132 0.40513271140959345 0.3081321882121841 0.38758463724899955 0.31550398069716085 0.4548460391726357 0.03086147882849592 0.4723941133332296
0 0.3595911918462674 0.3914782245407969 0.6832257806395003 0.37152630686232824 0.6891232146274817 0.42533542840123717 0.36548862583424885 0.44528734607970577
0 0.6988867787723292 0.3711496604627665 0.9453169344676193 0.3559573591755085 0.9512143684556006 0.40976648071441746 0.7047842127603106 0.42495878200167536
0 0.030712047204700763 0.4853576828572085 0.3247126855778379 0.4672326840549769 0.3302255023242283 0.5175324969791721 0.036224863951091216 0.5356574957814036
0 0.3681380268049187 0.45513416557390285 0.708149309927758 0.4341726325192529 0.714239055791865 0.4897364380676652 0.3742277726690256 0.5106979711223153
0 0.7070383714127921 0.43836298807961754 0.9503492076775513 0.4233629913439925 0.9565030509897064 0.47951163215794623 0.7131922147249475 0.4945116288935712
0 0.04744197619414971 0.552042160139207 0.3648378667220276 0.5324748552262506 0.36983787133073015 0.5780956890046492 0.05244198080285225 0.5976629939176058
0 0.3857653981949666 0.5300070494249977 0.6711877002191178 0.5124109009576187 0.6765082116000427 0.5609560892766035 0.39108590957589157 0.5785522377439826
0 0.7050520867975898 0.5062013109826452 0.952262102052659 0.49096093172635574 0.9569415868678192 0.5336572921555822 0.7097315716127499 0.5488976714118716
0 0.05430095003077855 0.6146245235127537 0.37247664071414266 0.595009144293012 0.378630490536958 0.6511578445112588 0.06045479985359397 0.6707732237310005
0 0.3859904249373921 0.5965313527435084 0.688569280850929 0.5778775109309169 0.6934410775422146 0.6223285553696466 0.3908622216286776 0.6409823971822384
0 0.7145710931921458 0.5715638580562232 0.9734787642267323 0.5556023239134482 0.9786069637315317 0.6023928282229298 0.7196992926969453 0.6183543623657047
0 0.05914091787524507 0.6802755310760275 0.37575694884334365 0.6607563041321022 0.3821030975209646 0.7186595695512662 0.06548706655286594 0.7381787964951915
0 0.39219773228058535 0.6603315843413169 0.7095935931063166 0.6407642812594837 0.7154269231355896 0.6939885081285582 0.3980310623098583 0.7135558112103915
0 0.7366422845570109 0.6296753754079062 0.9963298151513765 0.6136657632960998 1.0025477689329005 0.6703993581841812 0.7428602383385349 0.6864089702959875
0 0.054152801053231815 0.756542589157892 0.3949439437358505 0.7355329781342107 0.40205932689665325 0.800454860782802 0.061268184214034634 0.8214644718064834
0 0.4087887837228002 0.7329129702287901 0.7464606069748879 0.7120956637567417 0.7533195743008567 0.7746779677259952 0.41564775104876894 0.7954952741980437
0 0.7555728998274903 0.7021125283038466 0.991085378111629 0.6875932966095504 0.9978802545002093 0.7495908247175557 0.7623677762160707 0.764110056411852
