0 -0.03795351227222497 0.18091462738696484 0.23651859522491814 0.14886966822163772 0.24638784141982148 0.1964190641674444 -0.02808426607732162 0.22846402333277155
0 0.3040936240682201 0.14632550934726177 0.5777925537771379 0.1143708196482099 0.5881432264293509 0.16423969742528577 0.31444429672043306 0.19619438712433762
0 0.6157101966480975 0.09865935576639964 0.8971406686579804 0.06580199890900273 0.9100188313570855 0.12784816182167832 0.6285883593472028 0.16070551867907523
0 -0.011329811804640913 0.24432557972115418 0.2592764656466976 0.2127319610111015 0.27167320341651596 0.27245864945442316 0.001066925965177461 0.30405226816447584
0 0.31150861964609733 0.21257302594196661 0.5975781583853322 0.17917405228691802 0.6060031252083068 0.21976500273891708 0.3199335864690719 0.2531639763939657
0 0.6210136744388371 0.17762576741825398 0.8846615284821137 0.14684455327637302 0.8933272077697317 0.18859524096304908 0.6296793537264551 0.21937645510493006
0 0.0033536679876747045 0.3150697900557885 0.32421544155786275 0.2776087798076775 0.33384397681614525 0.3239984458807224 0.01298220324595724 0.36145945612883346
0 0.32318327280521675 0.2688204663574944 0.617757531633642 0.23442855607782548 0.6285896353272326 0.2866169377719163 0.33401537649880725 0.3210088480515852
0 0.6381004015416583 0.23324137164582165 0.8971093066462269 0.20300176054938848 0.9080617574040033 0.2557699666893263 0.6490528522994345 0.2860095777857594
0 0.007296667167275525 0.37221994082952625 0.3250657884798843 0.33512000157041444 0.33565717359674074 0.38614861658216726 0.01788805228413195 0.4232485558412791
0 0.3423160589135527 0.33429385180364674 0.6469413934076191 0.29872846596680697 0.6590974126007034 0.35729538772779057 0.354472078106637 0.39286077356463045
0 0.6602565149014108 0.29420429214383864 0.8937510241571199 0.26694351842567426 0.9041016906972423 0.3168123667550891 0.6706071814415332 0.34407314047325344
0 0.015586885762216235 0.4312381996077334 0.2977905944556465 0.39829056640795923 0.31163160701332565 0.4649756782593428 0.029427898319895444 0.4979233114591169
0 0.34949034202678647 0.3993816311636747 0.6703520567016524 0.36192062779166556 0.6814248667477958 0.41526871727277237 0.36056315207292977 0.45272972064478145
0 0.6859356772779158 0.3606951561878386 0.9302544399874916 0.33217063744622805 0.9413272500336347 0.3855187269273349 0.6970084873240593 0.41404324566894546
0 0.03052942152636522 0.5108610154303852 0.3220110869925332 0.47683016926361355 0.3323617535326556 0.5266990175930283 0.040880088066487553 0.5607298637598
0 0.36415550775957317 0.4624069698069176 0.7012536026152388 0.42305034889973925 0.7126874905264833 0.478138088404353 0.37558939567081767 0.5174947093115314
0 0.7005498087284984 0.42729000544904877 0.9417759780758168 0.39912655082033544 0.953330213051247 0.45479411477079623 0.7121040437039287 0.48295756939950946
0 0.05364839085678223 0.5764629143147711 0.36832485991181174 0.5397240460446584 0.37771268881754144 0.5849540043306874 0.06303621976251192 0.6216928726008001
0 0.3889594826787664 0.5361271176770255 0.6719363102650999 0.5030892218870779 0.6819259111643023 0.5512184790883078 0.3989490835779688 0.5842563748782553
0 0.7051129234087617 0.4950583233913279 0.9502048639065627 0.46644353518344206 0.9589908963704571 0.5087740767636261 0.7138989558726562 0.537388864971512
0 0.06652655355588755 0.6385090772274468 0.3819761415038203 0.6016799463671607 0.3935303887034318 0.6573475692129435 0.07808080075549909 0.6941767000732294
0 0.3956013532516497 0.6024648674142425 0.6955877388070082 0.5674410846228506 0.7047348491360038 0.6115112762265416 0.4047484635806453 0.6465350590179335
0 0.720912344794875 0.5597330425918025 0.9776017165347677 0.5297642398941952 0.9872302395688689 0.5761538470719181 0.7305408678289763 0.6061226497695253
0 0.0776870260032929 0.7037253994733692 0.3915903172700971 0.6670768006695318 0.40350561788644723 0.7244839557481774 0.08960232661964311 0.7611325545520148
0 0.40794704201543325 0.6657610681945569 0.7226234816228017 0.6290222033624953 0.733575932380578 0.6817904095024329 0.41889949277320954 0.7185292743344946
0 0.7485315663805335 0.6164946162838921 1.0059941159086516 0.5864355441200096 1.01766872239663 0.6426830503069613 0.7602061728685122 0.672742122470844
0 0.08006927455468563 0.7800632513993735 0.4179405471985765 0.7406163610259198 0.43130013482696883 0.8049819984079494 0.09342886218307789 0.844428888781403
0 0.43149635782144136 0.7372519573233405 0.7662750371030752 0.6981661310627839 0.7791531875779991 0.7602122350801376 0.44437450829636543 0.7992980613406939
0 0.7744004008273873 0.6877146987328753 1.0078950278737404 0.6604539112625071 1.0206528435086601 0.7219202497293357 0.7871582164623068 0.7491810371997041
