0 0.0318313508532814 0.12408806914476067 0.3096068103001726 0.12323447990493236 0.3098696997709853 0.17135614671366656 0.03209424032409405 0.17220973595349484
0 0.37692772990230466 0.12830934858498463 0.653920706140549 0.1274581638745146 0.654196419483023 0.17792722815556292 0.3772034432447786 0.1787784128660329
0 0.6945480850908928 0.11618298360549018 0.9793656549990277 0.11530775433407893 0.9797086936982504 0.17810066093266477 0.6948911237901154 0.17897589020407603
0 0.045492365649197695 0.1897743333704636 0.3193554686569992 0.18893276659426628 0.3196856835252628 0.24937828317105612 0.04582258051746127 0.25021984994725344
0 0.37103025788708 0.19464257608480998 0.6605427270470958 0.1937529196372491 0.6607671449029247 0.234832394029041 0.3712546757429087 0.2357220504766019
0 0.6840230987846803 0.19485448041584236 0.9508440317270938 0.19403455385438836 0.9510748614984019 0.23628772325707828 0.6842539285559884 0.23710764981853227
0 0.045883463993848926 0.2613699675434009 0.37060690268909435 0.2603721096558027 0.3708633802851298 0.3073200889041569 0.046139941589884374 0.30831794679175517
0 0.3713412964502404 0.25156697764367314 0.6694608424887935 0.25065087210581277 0.6697493798250357 0.30346735621072934 0.37162983378648257 0.3043834617485897
0 0.6898113411587442 0.25176208062075095 0.9519374940575657 0.25095658086912587 0.9522292371073336 0.3043598677763831 0.6901030842085123 0.30516536752800816
0 0.038369789841639024 0.3183184438315983 0.3599633553064416 0.31733020387827277 0.36024548056439504 0.36897296317021905 0.038651915099592496 0.36996120312354464
0 0.37718404018728474 0.31845100034225104 0.6854756295216688 0.3175036366553746 0.6857994323116436 0.3767754284191942 0.3775078429772596 0.3777227921060706
0 0.6995439993864863 0.31452610361444644 0.9358486832331178 0.3137999518663613 0.9361243964127824 0.36426898634533733 0.699819712566151 0.36499513809342254
0 0.0347812659945964 0.37760225796746866 0.3203813787155226 0.3767246239835388 0.32075006507666315 0.4442123106257167 0.03514995235573698 0.44508994460964657
0 0.3712801562565805 0.3836105328311784 0.6960035353476813 0.3826126751267405 0.6962984844365939 0.4366028244404829 0.371575105345493 0.4376006821449207
0 0.7116561075390402 0.3831514478618621 0.9589153178901495 0.3823916334354026 0.959210266979062 0.436381782749145 0.7119510566279527 0.4371415971756044
0 0.033655547136408524 0.45800545830080563 0.32864527954866335 0.4570989705140576 0.32892099272832803 0.5075680049930337 0.03393126031607327 0.5084744927797817
0 0.3731945135216226 0.44757229576303387 0.7143496823694403 0.4465239440410345 0.7146542495757859 0.5022746805742322 0.3734990807279681 0.5033230322962315
0 0.7128072175046832 0.4506367301578421 0.956936614229494 0.449886533482495 0.9572443871493657 0.5062240728180334 0.7131149904245546 0.5069742694933805
0 0.04341385318887774 0.5254642911401655 0.36187754542323747 0.5244856691211126 0.3621276112666026 0.5702599831606411 0.04366391903224291 0.5712386051796939
0 0.382997703470876 0.5232470830848965 0.6693802397963045 0.5223670447547687 0.6696463351841546 0.5710755516184338 0.38326379885872613 0.5719555899485617
0 0.7037863437786396 0.5181532704196778 0.9518280373383959 0.5173910514638601 0.9520620729860393 0.5602310534709629 0.704020379426283 0.5609932724267807
0 0.04375689188810033 0.5882571977387513 0.36300300772696237 0.5872761713735006 0.3633107809724523 0.6436137703131835 0.044064665133590246 0.6445947966784342
0 0.3763178076883398 0.5895826851288475 0.6799146169791318 0.5886497482517999 0.6801582707442083 0.6332503374783581 0.37656146145341624 0.6341832743554057
0 0.7064928023697616 0.5838732160416304 0.9662715056426424 0.5830749298780801 0.9665279829130594 0.6300228495222899 0.7067492796401786 0.6308211356858402
0 0.04176857043563023 0.6539915701705329 0.35944977946134304 0.6530153526808382 0.3597671701730292 0.7111134196316875 0.04208596114731636 0.7120896371213822
0 0.3758847603561681 0.653551721115552 0.6943484227884554 0.6525730991880794 0.6946401658382236 0.7059763860953366 0.37617650340593617 0.7069550080228092
0 0.7224659117078064 0.6430969183172468 0.9830270981893339 0.6422962276243382 0.9833380774739683 0.6992206889705063 0.7227768909924406 0.7000213796634148
0 0.02888019403959045 0.729736027865938 0.370817846096055 0.7286852716145805 0.3711737086262366 0.7938255682349623 0.029236056569772035 0.79487632448632
0 0.3848925982370888 0.7268814634782026 0.723700436667255 0.7258403249779575 0.7240434750408592 0.7886331719723988 0.385235636610693 0.7896743104726441
0 0.7338211843136315 0.7164194471376127 0.9701259873685518 0.7156932950232069 0.9704658203542486 0.7778993988194521 0.7341610172993281 0.778625550933858
