0 -0.015231271636362393 0.16047606278279233 0.2610831920593865 0.13911990874495522 0.26766048681854937 0.18698847345861794 -0.008653976877199553 0.20834462749645502
0 0.3287432258240723 0.13920018065052736 0.6042793218822383 0.11790418610975006 0.6111774601640018 0.1681078018568438 0.3356413641058356 0.18940379639762106
0 0.643229600962187 0.10368445474514498 0.9265491362335867 0.08178688356390275 0.9351317037727586 0.1442495227950074 0.6518121685013587 0.16614709397624963
0 0.006984331554953312 0.2248348120072393 0.2794070163534365 0.20377945087216795 0.28766874138834847 0.2639070464811727 0.015246056589865256 0.2849624076162441
0 0.3315802346002682 0.20564665212619368 0.6195699756971652 0.1833881239625926 0.6251847398885264 0.2242515355759624 0.33719499879162945 0.2465100637395635
0 0.6430808924609427 0.18275090210464787 0.9084984463931263 0.16223696269551496 0.9142736318366175 0.2042678961199347 0.6488560779044338 0.22478183552906755
0 0.016770030876456385 0.29605388193514726 0.33978554488614915 0.2710882359767875 0.3462024194115228 0.31778928629073144 0.023186905401830073 0.3427549322490912
0 0.3393607510960763 0.262271648074191 0.6359122990437899 0.23935138377306514 0.6431312839031761 0.2918900727875831 0.34657973595546243 0.314810337088709
0 0.6563098086212477 0.23895482496615073 0.9170572753092313 0.21880183337431006 0.9243564646846381 0.27192423882636646 0.6636089979966543 0.29207723041820705
0 0.01676699365109612 0.35328049333400047 0.33666909640110615 0.32855548078134666 0.3437276559349994 0.37992661833949026 0.02382555318498941 0.4046516308921441
0 0.3539532499361669 0.3283995211522805 0.6606233400098628 0.30469720171951026 0.668724639719282 0.36365724587214066 0.3620545496455859 0.38735956530491095
0 0.6742326058661048 0.3006955343348131 0.9092944148390435 0.2825277694856799 0.9161925490474441 0.3327313555874492 0.6811307400745051 0.3508991204365824
0 0.020976544108573983 0.41254132809813 0.3050745063082054 0.39058359283729466 0.31429875885589675 0.45771631931259904 0.03020079665626535 0.47967405457343437
0 0.35662983746023286 0.3936784708168969 0.6796452921792768 0.36871282944107037 0.6870246942174298 0.42241901062131393 0.36400923949838593 0.44738465199714045
0 0.695292561140437 0.3680934381407278 0.9412512798769412 0.3490834586628905 0.9486306819150941 0.40278963984313393 0.7026719631785902 0.4217996193209714
0 0.030408732946578743 0.4926371704884855 0.32384692892525846 0.4699575350105323 0.33074506313365887 0.5201611211123016 0.0373068671549792 0.5428407565902548
0 0.3669294981626886 0.45718828780214077 0.7062903175270805 0.43095932448325797 0.7139103575534728 0.486416832848063 0.3745495381890809 0.5126457961669457
0 0.7052951220350625 0.4351660097015057 0.9481404888025327 0.4163966590468409 0.9558407333449456 0.47243788384918434 0.7129953665774754 0.49120723450384907
0 0.04897321927331843 0.559047996746672 0.3657619107636456 0.5345636175997242 0.3720183681102523 0.5800971757479425 0.055229676619925124 0.6045815548948904
0 0.3866169454744264 0.53177185567365 0.6714932160209918 0.5097539654982882 0.6781507203878788 0.5582062837061448 0.3932744498413134 0.5802241738815066
0 0.7051792000943544 0.5030206318113947 0.9519162864684413 0.4839504928364974 0.9577716805013159 0.52656517234378 0.711034594127229 0.5456353113186772
0 0.05755578681249018 0.6215106359777767 0.37512278664975146 0.5969661019163023 0.3828230393388902 0.6530073860092945 0.06525603950162892 0.6775519200707688
0 0.38867564183032527 0.5982784524185185 0.6906756446598216 0.5749370808030406 0.6967716766809354 0.6193030874948846 0.3947716738514391 0.6426444591103626
0 0.7164978664226322 0.5682216164841402 0.9749102301978674 0.548249103383479 0.9813270965765152 0.594950094406774 0.7229147328012802 0.6149226075074352
0 0.06420436589656826 0.6870725684678145 0.3802146897493126 0.6626483488179266 0.3881555641332389 0.7204408415141824 0.07214524028049456 0.7448650611640706
0 0.39664025223474475 0.6619688037486907 0.7134289140797475 0.6374844268930093 0.7207281034551543 0.6906068323450657 0.40393944161015144 0.715091209200747
0 0.7401661631398163 0.6259784981907742 0.9993568945526345 0.6059458255930532 1.0071373599045195 0.6625708854142326 0.7479466284917016 0.6826035580119535
0 0.06131958825154231 0.7634006680944099 0.40145877525351714 0.7371115452784671 0.4103621852969487 0.8019092281316718 0.07022299829497387 0.8281983509476143
0 0.41522843678992727 0.734277431641411 0.7522542718228682 0.708228937648641 0.7608368312153141 0.7706915175890969 0.42381099618237317 0.7967400115818668
0 0.7610894357850855 0.6981066487379485 0.9961513633393221 0.6799388747237487 1.004653726362473 0.741817797517315 0.7695917988082367 0.7599855715315147
