0 0.08295293993712277 0.008503146798236126 0.3542439447155359 0.03563244983175249 0.34234499429779125 0.10256354619979577 0.07105398951937814 0.07543424316627942
0 0.4254960875781391 0.05863716417832066 0.7360440987137766 0.08969219715826006 0.7236861792273556 0.15920497526183885 0.413138168091718 0.12814994228189946
0 0.7813804374538975 0.08859088978101261 1.072391256300686 0.11769218894489285 1.057330611454597 0.20240768368762496 0.7663197926078082 0.17330638452374472
0 0.06838175846303078 0.09046543062995188 0.35276658531271576 0.1189041256469165 0.33829402650667895 0.2003116611127741 0.053909199656993916 0.17187296609580952
0 0.4059548044989852 0.14001462994295358 0.7293881971888545 0.17235821069900806 0.7191231209344995 0.23009883351738358 0.3956897282446302 0.1977552527613292
0 0.7531708355353789 0.184235438291627 1.0491400631611718 0.21383258203553496 1.038754808418908 0.2722492038011449 0.7427855807931152 0.24265206005723694
0 0.05267195494220075 0.17883241565475388 0.39555734399530307 0.21312121057069558 0.38392318695970556 0.2785628552849465 0.04103779790660315 0.24427406036900481
0 0.3952363006134264 0.21023363748086848 0.7275805844885366 0.2434683140086406 0.7148145053299866 0.3152769731260665 0.38247022145487647 0.2820422965982944
0 0.7476737654025013 0.25488936767942694 1.0377274889670365 0.28389495660047986 1.02503066598716 0.35531405262148624 0.7349769424226248 0.3263084637004333
0 0.04028450484911938 0.24851130218057133 0.37287840924137633 0.2817709409464339 0.3603311693139989 0.3523486385793177 0.027737264921741982 0.3190889998134552
0 0.3887723536419648 0.2930551699345538 0.7314194363386384 0.3273201340369245 0.7173309080259467 0.40656751410621683 0.3746838253292731 0.37230255000384616
0 0.7453286619621852 0.3328651641736893 1.0061597990090145 0.3589484726243317 0.9942969911548547 0.4256762685901261 0.733465854108025 0.3995929601394835
0 0.027431948357607264 0.32080639266403677 0.3181759538895 0.3498810102972151 0.30246501467710135 0.4382543835393938 0.011721009145208624 0.4091797659062155
0 0.36971278995677825 0.37167706815771395 0.7294362497565764 0.40764968272023777 0.7165255819625528 0.48027164683977375 0.35680212216275464 0.44429903227724993
0 0.7443930425954207 0.4178262139233881 1.0142364256197196 0.4448107537006463 1.0016773784388433 0.5154548666385804 0.7318339954145445 0.48847032686132225
0 0.010087291877937403 0.4183693569218063 0.3115114220142951 0.4485119949895983 0.29954368413682486 0.515830017929664 -0.0018804459995327724 0.48568737986187216
0 0.35959367534412534 0.44948522767204563 0.7363468081005854 0.48716082224520535 0.7231048754877263 0.561646137058241 0.3463517427312662 0.5239705424850812
0 0.7317071223757698 0.4994099303729173 0.9994785369441913 0.5261872717575813 0.9865340229155466 0.5989996195253872 0.7187626083471252 0.5722222781407234
0 -0.004420634529894052 0.49997583366239096 0.3351495281874915 0.5339331034694932 0.3241956116698132 0.595548423839169 -0.015374551047572283 0.5615911540320668
0 0.355965493133147 0.542006696987273 0.6714252384422156 0.5735529070518339 0.6600055104782773 0.637788397243587 0.34454576516920876 0.6062421871790261
0 0.7079892507385349 0.5791888179036816 0.9792795760764871 0.6063180529926445 0.9692719368113787 0.6626106035583395 0.6979816114734264 0.6354813684693764
0 -0.01780923120533328 0.5752861276678466 0.32481853174953973 0.6095491597816124 0.3117248377404326 0.683200638674264 -0.030902925214440487 0.6489376065604983
0 0.33609289358738 0.6205540370915237 0.669419914236919 0.6538869880304857 0.6588992666785418 0.7130651887005104 0.32557224602900275 0.6797322377615486
0 0.6975325573087632 0.6579491927911052 0.9714747387655033 0.6853436154719185 0.9606459570775505 0.746255057679797 0.6867037756208105 0.7188606349989836
0 -0.03173786202279411 0.6536340910418358 0.3086222831643597 0.6876703596857442 0.2952730493617477 0.7627592391847072 -0.045087095825406064 0.7287229705407988
0 0.3235921240877292 0.696686728435686 0.6723049853510716 0.7315582749236533 0.6599806521375022 0.8008821316529974 0.3112677908741597 0.7660105851650302
0 0.7028506731892916 0.73033736629709 0.9589233046570617 0.7559448206369542 0.946090312914578 0.8281298602288143 0.690017681446808 0.8025224058889501
0 -0.04764814333365566 0.7431287552159047 0.3071070410300108 0.7786045385253213 0.29233515200169713 0.8616957939202241 -0.062420032361969364 0.8262200106108075
0 0.3196874873285294 0.7847052666037552 0.6893927841843525 0.821676072324682 0.6751674949739122 0.9016927267001307 0.305462198118089 0.8647219209792039
0 0.700286711523065 0.8183201410274862 0.943510237649036 0.8426426752395638 0.9297738433083393 0.9199093165052956 0.6865503171823684 0.8955867822932181
