0 -0.1063700863033014 0.22512118612990636 0.1945150110721067 0.15633198899155323 0.21482094638506047 0.20629239538795724 -0.08606415099034762 0.2750815925263103
0 0.19401422779541921 0.13497346439373678 0.46795442596700015 0.07234448588825444 0.4928234881242764 0.13353193837079788 0.21888328995269565 0.1961609168762802
0 0.5227569087856955 0.062269449793688966 0.769003720910012 0.005971811088186651 0.7915912225417546 0.0615457476544775 0.5453444104174381 0.11784338635997982
0 -0.09507365176077721 0.28511705178665997 0.19832674822387125 0.21803902721492782 0.22251134019584826 0.2775424199338235 -0.07088905978880021 0.3446204445055557
0 0.22117316087443478 0.21588337855947998 0.5160705345459574 0.14846311165352932 0.5347793766220493 0.19449405477051138 0.2398820029505267 0.261914321676462
0 0.5499714940087337 0.12721525742336892 0.781248911351531 0.07433996385110855 0.8068024494873619 0.13721149035093405 0.5755250321445646 0.1900867839231944
0 -0.057864615661403745 0.3545265685079546 0.21981790269828835 0.29104201023657367 0.24012384090786967 0.3410024237597948 -0.03755867745182246 0.4044869820311757
0 0.24789534036972433 0.27357961926732677 0.5158477578228826 0.21231958402907075 0.5395760440623335 0.2707002892437136 0.2716236266091751 0.3319603244819696
0 0.5679485183584538 0.20163517882607923 0.8418886595154977 0.1390062133554207 0.8637916822720583 0.19289606877761237 0.5898515411150146 0.2555250342482709
0 -0.028997163786837775 0.40743772462838845 0.23446438962023503 0.3472044033579641 0.2575081969845039 0.4039010274285078 -0.005953356422568916 0.4641343486989322
0 0.27348502972205974 0.34257799789627447 0.5504190612383147 0.2792645607920028 0.5748318147664374 0.3393293186434763 0.29789778325018246 0.402642755747748
0 0.5963679193304756 0.26753260980743987 0.8852775692981129 0.20148127313389175 0.9080932151062361 0.2576165320718576 0.6191835651385988 0.3236678687454057
0 -0.013557775285084854 0.48366483245742287 0.27011252379302986 0.41881133091881567 0.29155924661031934 0.47157851309038873 0.00788894753220461 0.5364320146289959
0 0.3208526586991488 0.41886776264570147 0.5678479006523652 0.36239901580791367 0.5840470235434052 0.4022550850028825 0.3370517815901888 0.45872383184067017
0 0.6293783406367149 0.3366749695120656 0.893588380887225 0.2762705270745319 0.9120690729936815 0.3217401335662046 0.6478590327431714 0.38214457600373836
0 0.01697072946994363 0.5386502839613456 0.31037112945459205 0.47157225938961345 0.3347838829827148 0.5316370172410869 0.041383482998066275 0.5987150418128191
0 0.3310723323041681 0.4742016576475973 0.6252211906249852 0.40695251842616786 0.6516873633988887 0.47206947694903606 0.35753850507807156 0.5393186161704655
0 0.664405970061066 0.4047426836669704 0.918137422561605 0.3467338854296709 0.9377588761027493 0.3950102035551585 0.6840274236022104 0.4530190017924581
0 0.05330332513815525 0.6119412499053936 0.33622513737283277 0.5472588695338955 0.35607477564314294 0.596096609806498 0.07315296340846535 0.6607789901779961
0 0.35838712282850305 0.5434191902314736 0.6300818604697727 0.481303575227319 0.6517567448432078 0.53463212253147 0.3800620072019382 0.5967477375356245
0 0.6808498550242699 0.4733779596406913 0.9353297943682459 0.41519804023628254 0.951985217198557 0.4561767826818698 0.6975052778545809 0.5143567020862786
0 0.07341726749123306 0.6674671860592447 0.32939412350754627 0.6089450373554414 0.35312241554025203 0.6673257568237184 0.09714555952393884 0.7258479055275218
0 0.3946473532559133 0.6044564506984667 0.6715814417867055 0.541143000559371 0.6884650261731624 0.5826831081375361 0.4115309376423701 0.6459965582766317
0 0.7106299299503983 0.5285345192768993 1.006275733450821 0.46094314423866334 1.0331981945774855 0.5271827475048815 0.7375523910770628 0.5947741225431176
0 0.09181440382557521 0.7368829915059952 0.3739877862313528 0.6723717192667826 0.3988568396987467 0.7335591503688745 0.11668345729296907 0.7980704226080871
0 0.4203929210897647 0.661762384518301 0.6831060446679376 0.6017001713801621 0.7050090905975185 0.6555900838168909 0.44229596701934554 0.7156522969550297
0 0.7434761126059481 0.5952604088755578 1.004692319511784 0.5355404250368134 1.029561372979178 0.5967278561389056 0.7683451660733419 0.6564478399776498
0 0.1279828401126413 0.8077573757526224 0.401922981269685 0.7451284102819639 0.4176658042214538 0.7838618062263142 0.14372566306441 0.8464907716969726
0 0.4372569518791075 0.7253934744867011 0.7052093693322659 0.6641334392484451 0.7291658229211172 0.7230755238493001 0.461213405467959 0.784335559087556
0 0.7562416911425508 0.6628960765576031 1.0511390077995364 0.5954758226864763 1.0757798997107846 0.6561018886559904 0.780882583053799 0.7235221425271173
