0 -0.12301710128904995 0.24692600456859481 0.1731960500920794 0.16754647507962322 0.1966281536494717 0.21673112912879483 -0.09958499773165767 0.29611065861776636
0 0.17134965727324708 0.146229580774625 0.4410362921321763 0.07395865666220666 0.4697340315302124 0.1341960306063994 0.20004739667128318 0.2064669547188177
0 0.49514251081375943 0.06195197975783449 0.7375657643187112 -0.0030128731215325823 0.7636306891389987 0.051698147891306175 0.5212074356340469 0.11666300077067325
0 -0.1079519194962949 0.3064543118647746 0.18089275195482035 0.22904939581604444 0.2088006446397306 0.28762885896952134 -0.08004402681138466 0.3650337750182515
0 0.2035777605952995 0.22608618678862705 0.4938961617099693 0.14828633902690092 0.5154852940601656 0.19360254391927775 0.22516689294549574 0.2714023916810039
0 0.526420030121516 0.12586035204390347 0.7541063237664397 0.0648447260450193 0.7835939165627482 0.12674002481224103 0.5559076229178245 0.18775565081112522
0 -0.06640978646491191 0.37446707176115596 0.20696106029439795 0.30120884844940665 0.23039316719436348 0.3503935095147348 -0.042977679564946386 0.42365173282648416
0 0.23390650425875056 0.28277055342312185 0.49769833272196734 0.21207932607952848 0.5250796698449889 0.26955353408227917 0.26128784138177225 0.34024476142587246
0 0.5490674424340034 0.19955974497963974 0.8187540211636797 0.12728883590880102 0.8440290892431215 0.18034192508245414 0.5743425105134453 0.2526128341532929
0 -0.034239759349316355 0.426295646933319 0.2251309362524897 0.3567891996871342 0.25172241663466577 0.4126054758506992 -0.00764827896714029 0.482111923096884
0 0.2638163665815823 0.35078457361729876 0.5364503485091149 0.27772381616204755 0.5646215290026891 0.3368559279393574 0.2919875470751565 0.4099166853946086
0 0.5816084088760117 0.26437596268918995 0.8660320597242219 0.18815579665470913 0.8923602522977342 0.2434194241944412 0.6079366014495238 0.31963959022892197
0 -0.01401324411690292 0.5018901724780868 0.2652524090381193 0.4270522523975126 0.29000092824081897 0.47900010045275265 0.010735275085796801 0.5538380205333269
0 0.31593937968403113 0.4253097393788826 0.5590994418915074 0.36014743568459706 0.5777924751978641 0.3993846460379436 0.3346324129903879 0.46454694973222915
0 0.6189397824543125 0.33227071701644645 0.8790473428878958 0.2625668039137636 0.9003732007997208 0.3073303882469339 0.6402656403661378 0.3770343013496168
0 0.019946716195287213 0.5557318352014103 0.3087913876464025 0.4783269191526803 0.33696256813997677 0.5374590309299901 0.04811789668886149 0.6148639469787203
0 0.32963517296858347 0.48021946173715024 0.6192166811868496 0.40261708735271184 0.6497574118475212 0.466722952550639 0.36017590362925506 0.5443253269350774
0 0.6582183772013613 0.399020511362788 0.9080100545070741 0.33208106008475907 0.9306522979810476 0.37960777527858847 0.6808606206753347 0.44654722655661744
0 0.06085802566632296 0.6276527776540348 0.339386813989568 0.5530123234299587 0.36229237201279135 0.6010917433768738 0.08376358368954637 0.67573219760095
0 0.36128202069441384 0.5483912311718186 0.6287580610580114 0.47671270462889437 0.653769868069375 0.5292132013079675 0.3862938277057775 0.6008917278508917
0 0.6789697736109047 0.4669960795037821 0.9294983157483947 0.39985916236925517 0.9487178979314937 0.4402016138410147 0.6981893557940037 0.5073385309755417
0 0.08444913099701395 0.6824035466032683 0.3364513466688059 0.6148717127973249 0.36383269047697403 0.6723459348323888 0.11183047480518203 0.7398777686383322
0 0.4013487282980037 0.608074731779799 0.6739827663547892 0.5350139592829681 0.6934656363465521 0.5759090593785607 0.4208315982897667 0.6489698318753915
0 0.7121929252205705 0.5210351930420242 1.0032481350377644 0.4430378944653795 1.0343154012048854 0.5082489727170932 0.7432601913876913 0.5862462712937379
0 0.10720078992848002 0.7510895233851383 0.3849927695492006 0.6766465199759805 0.41369049891951704 0.7368838728717034 0.13589851929879643 0.8113268762808612
0 0.43067735205225377 0.6644038514922829 0.6893112389515352 0.5950948550610167 0.714586333771563 0.6481480003639226 0.4559524468722815 0.717456996795189
0 0.7492079402483655 0.5865220012944893 1.0063681536133455 0.5176079215346394 1.0350658829836619 0.5778452744303623 0.7779056696186818 0.6467593541902121
0 0.147795812996637 0.8206024054859329 0.41748239172631335 0.7483314964150941 0.43564887615592807 0.7864634656500276 0.16596229742625165 0.8587343747208663
0 0.4515330244694428 0.7273659323085784 0.7153248529326596 0.6566747049649848 0.7429694845494916 0.7147015756238818 0.4791776560862749 0.785392802967475
0 0.7662221395336065 0.6536294849714439 1.0565404845190232 0.5758296522512972 1.0849749260806758 0.6355143565231872 0.7946565810952589 0.7133141892433338
