0 -0.03431082100174884 0.15101007803329167 0.27786446807545656 0.12205198903322134 0.2864126283460223 0.17388707307446505 -0.025762660731183076 0.20284516207453535
0 0.28226837949428474 0.10094705433053214 0.5664877087333862 0.07458222367409066 0.5769568019232697 0.13806562924403679 0.2927374726841683 0.16443045990047828
0 0.6227838750009389 0.07172537098128953 0.8782706718871836 0.0480258352991266 0.8877792998367973 0.10568508749896012 0.6322925029505527 0.12938462318112304
0 -0.036938948499020643 0.21156913172653408 0.2674707928923832 0.18333139257120792 0.27765174565661344 0.24506754695415325 -0.026757995734790388 0.27330528610947935
0 0.29047112502242994 0.18415444991193664 0.5964340114433394 0.1557726374953111 0.6043098456798996 0.2035308119592044 0.29834695925899013 0.23191262437582993
0 0.6347018075856721 0.1392136549851873 0.8746575091003134 0.11695481899251274 0.8854147451546286 0.18218549053793687 0.6454590436399872 0.20444432653061145
0 -0.016198923351006287 0.28474365329247797 0.2719031501540415 0.2580186504572899 0.28045131164399634 0.30985374189277226 -0.007650761861051419 0.3365787447279603
0 0.3035662195457538 0.24443765624707509 0.5815730869746504 0.21864910766132933 0.5915619493734827 0.2792204476375771 0.31355508194458614 0.3050089962233228
0 0.6353474989992047 0.21484351169245508 0.9195667690843973 0.18847868652326455 0.9287872529501904 0.24439066535338147 0.644567982864998 0.270755490522572
0 0.0001066436806107518 0.3405897428073141 0.2734541351748993 0.31523340851821563 0.283154853489911 0.37405747512474674 0.009807361995622455 0.39941380941384524
0 0.3129542600112109 0.3157085707788328 0.6002797610015058 0.2890556045742944 0.6105567626066024 0.3513741883433043 0.32323126161630744 0.37802715454784275
0 0.6482341042192015 0.2834246326263095 0.9479845879838147 0.2556190967931288 0.9575892574579602 0.31386073401359527 0.6578387736933469 0.34166626984677606
0 -0.002161862160691731 0.4176725752323554 0.2921526731545609 0.39037129032647155 0.30118106909373427 0.4451184695383681 0.006866533778481691 0.47241975444425194
0 0.34212399325488413 0.39697103971629943 0.5983873035019727 0.3731994728907377 0.6052066248767859 0.41455107199269237 0.34894331462969724 0.4383226388182541
0 0.6648993169964913 0.3557944648552454 0.9390233810055326 0.33036609393549726 0.9468031712787829 0.3775418685902804 0.6726791072697416 0.4029702395100286
0 0.015304403840121583 0.47577629199414234 0.3197141452315254 0.4475385528388162 0.32999114683662195 0.5098571366078262 0.02558140544521811 0.5380948757631523
0 0.33950407513749764 0.4527986979580679 0.6446903594666998 0.4244889249157174 0.6558317860069237 0.49204928442844564 0.35064550167772146 0.5203590574707959
0 0.6837980899244684 0.4273658279345783 0.9470503753426055 0.4029459478949222 0.9553103903099617 0.4530337511722107 0.6920581048918244 0.47745363121186685
0 0.03429107858726915 0.5526614028066834 0.32782904138776897 0.5254321545314494 0.3361851149511041 0.5761024463487112 0.042647152150604294 0.6033316946239453
0 0.35054126876606234 0.5245079949127448 0.6324308804609053 0.4983592741482524 0.6415553252409449 0.5536888827462135 0.359665713546102 0.5798376035107059
0 0.6842598258004078 0.4970994779456188 0.948288683733298 0.4726075612753131 0.955300093034731 0.5151239599954881 0.6912712351018407 0.5396158766657939
0 0.04137400174444525 0.6099543448136276 0.30695594555293215 0.5853183603692734 0.31694481039054273 0.6458897151339983 0.05136286658205577 0.6705256995783526
0 0.3722662730982389 0.5893126104513924 0.6595918332424426 0.5626596387596031 0.6666992913847419 0.6057584668658427 0.37937373124053814 0.6324114385576322
0 0.7009495784403772 0.5552752258508046 1.0076889782221308 0.5268213822907802 1.0190224878114178 0.5955465118447744 0.7122830880296643 0.6240003554047986
0 0.04358092605527048 0.6807088153997034 0.33634237549492624 0.653551598267868 0.3468114650266425 0.7170349816550984 0.054050015586986744 0.7441921987869339
0 0.3844887968841288 0.6490853667841948 0.6570597750175733 0.6238010636384951 0.6662802686384793 0.6797131016225209 0.3937092905050347 0.7049974047682206
0 0.7180070646938063 0.6252434036101974 0.989024956951654 0.6001031682385463 0.9994940464833703 0.6635865516257765 0.7284761542255225 0.6887267869974277
0 0.06295997795370574 0.7551921720373364 0.34717924803889827 0.7288273468681459 0.35380648148709176 0.7690141463518801 0.06958721140189922 0.7953789715210706
0 0.3865118150561569 0.7139435660328836 0.6645186824850535 0.6881550174471378 0.6746035961635303 0.7493088015979275 0.39659672873463364 0.7750973501836732
0 0.7150744871735096 0.6935179305880956 1.0210373144405103 0.6651361236587209 1.0314103551313603 0.7280370776598868 0.7254475278643597 0.7564188845892613
