0 -0.03070898211214621 0.14793220487252573 0.28175458958005756 0.12077930219773542 0.28976987552916206 0.17266225406868543 -0.022693696163041698 0.19981515674347572
0 0.2863752295322032 0.0997004481598108 0.570857025066149 0.07497914556108112 0.5806734970190299 0.13852117576534986 0.29619170148508406 0.1632424783640795
0 0.6271808745923179 0.07244776111118313 0.8829036043165573 0.050225604607211906 0.891819484410925 0.10793810304588819 0.6360967546866855 0.1301602595498594
0 -0.033959293359691764 0.20847427006584823 0.27073155944363286 0.18199681214247407 0.2802778530385973 0.24378997763631824 -0.02441299976472732 0.2702674355596924
0 0.29372275142065857 0.18295278351659255 0.5999681835268802 0.1563402335558228 0.607353054832013 0.204142510970538 0.30110762272579134 0.2307550609313078
0 0.6384049916320836 0.14000292489817615 0.8785822835785649 0.11913165789703718 0.8886689361761122 0.18442256761386433 0.6484916442296308 0.20529383461500328
0 -0.013971773466627226 0.2817664929340772 0.2743963519074906 0.2567074705322331 0.28241163899997007 0.30859042980425 -0.005956486374147758 0.33364945220609404
0 0.3061980296999789 0.24330988741112844 0.5844616264394074 0.2191289426716066 0.5938278041780941 0.27975621809467943 0.31556420743866564 0.3039371628342013
0 0.6382735452183008 0.21563426775704234 0.9227552815437114 0.1909129703034999 0.9314009798500378 0.2468765818285509 0.6469192435246272 0.2715978792820933
0 0.0017594746439288044 0.33770516781980886 0.2753593926832016 0.3139294940472866 0.284455388633847 0.3728078825567341 0.010855470594574198 0.3965835563292564
0 0.31485346212347926 0.3146329470023203 0.6024442978461486 0.289641470619174 0.6120806527993768 0.3520176033516045 0.3244898170767074 0.37700907973475073
0 0.6504550769127926 0.2842878348046441 0.9504823694330321 0.2582156375578949 0.9594883040254137 0.3165110588287561 0.6594610115051742 0.34258325607550527
0 -0.0013010122326203325 0.41477259962637136 0.293285311936015 0.3891732193653194 0.30175089667281346 0.443970955621733 0.00716457250417817 0.4695703358827849
0 0.3431873337911992 0.396061599518427 0.599687293958352 0.37377190214094524 0.6060815131900827 0.41516168795254854 0.34958155302293 0.4374513853300303
0 0.6663761738534254 0.35675184042622105 0.9407533815441466 0.33290862063500093 0.9480481960645155 0.3801279604153974 0.6736709883737942 0.4039711802066176
0 0.015567702606904205 0.4729755433844028 0.32025855541022885 0.4464980854610286 0.329894910363457 0.5088742181934591 0.025204057560132387 0.5353516761168333
0 0.33999384813656314 0.4518724572092664 0.6454619609870685 0.4253274558397881 0.6559088544441709 0.4929502049066931 0.3504407415936655 0.5194952062761714
0 0.6845389691200691 0.4284303102520281 0.9480343585246523 0.405532714141828 0.9557794615423406 0.4556667716980858 0.6922840721377573 0.4785643678082859
0 0.033763796787509154 0.5499681112096595 0.3275728313046959 0.5244362769673053 0.33540800482764754 0.5751533609706849 0.04159897031046076 0.600685195213039
0 0.3502938802449476 0.5236434180637403 0.632443806824548 0.49912475352110397 0.6409994529196101 0.5545054570161039 0.3588495263400099 0.5790241215587402
0 0.6842841578605613 0.49816455826859063 0.9485568369165931 0.47519941613969274 0.9551311697178518 0.5177550772199335 0.6908584906618199 0.5407202193488314
0 0.04025780806455276 0.6073002901227894 0.3060850072149464 0.5842000611016832 0.315451187240383 0.6448273513268898 0.049623988089989364 0.667927580347996
0 0.37135235327836114 0.588571676483321 0.6589432482095657 0.5635801949549873 0.6656076423690881 0.6067188232738147 0.3780167474378834 0.6317103048021482
0 0.7003756422571726 0.5564350429001326 1.0073983048063075 0.5297549520658522 1.0180253072594379 0.5985435467971271 0.7110026447103031 0.6252236376314073
0 0.04173764418943409 0.678065415328584 0.33476944826370764 0.6526011219597404 0.34458591678646366 0.7161431299608084 0.05155411271219011 0.741607423329652
0 0.38296033175287986 0.6484133022053126 0.6557830193492393 0.6247051693063007 0.6644287268025654 0.680668840039887 0.3916060392062059 0.7043769729388988
0 0.7167136787196279 0.6264997326518437 0.9879818462216258 0.6029266866450402 0.9977983147443817 0.6664686946461083 0.7265301472423839 0.6900417406529117
0 0.060350782588432614 0.7526585681807973 0.3448325189138432 0.727937270727255 0.35104662457604613 0.7681611812702209 0.0665648882506355 0.7928824787237633
0 0.384316853093572 0.713281268215081 0.6625804498330005 0.6891003234755592 0.6720366912167008 0.7503105809393521 0.3937730944772723 0.7744915256788739
0 0.7130796477701054 0.6947552823413313 1.0193250206677915 0.6681427375257489 1.029051427832284 0.7311017782882305 0.7228060549345976 0.757714323103813
