0 -0.0953484968272422 0.2118878867268831 0.20809967018540765 0.1497535946046612 0.22644113903570418 0.2001395853913054 -0.07700702797694564 0.2622738775135273
0 0.208435187842483 0.12839325010536695 0.4847089273242787 0.07182321574445771 0.5071720703346275 0.13353188946064207 0.23089833085283185 0.19010192382155128
0 0.5398821765496874 0.06295923006521911 0.7882266257219296 0.012108019778761428 0.8086289342686501 0.06815535921770216 0.5602844850964077 0.11900656950415983
0 -0.08640548574279108 0.2721066287271441 0.20949422598349865 0.21151796441494183 0.23133911682328057 0.27152823281668453 -0.06456059490300917 0.33211689712888687
0 0.23241517373760062 0.20986630495598554 0.5298246110212893 0.14896850801750544 0.5467234949621266 0.19539156265382115 0.24931405767843795 0.25628935959230126
0 0.5645427097479834 0.12847628539238287 0.7977902483475052 0.08071633072596442 0.8208716487612165 0.14412342413164325 0.5876241101616946 0.19188337879806172
0 -0.051929543010484525 0.342305538906188 0.22811839536438547 0.2849626965271639 0.24645986683107973 0.3353486945013346 -0.033588071543790246 0.3926915368803586
0 0.25686729967171595 0.2681260760235984 0.527102251924339 0.2127925486202208 0.5485349816274703 0.271670565979073 0.2783000293748472 0.3270040933824507
0 0.5795987974034202 0.20325996671984953 0.8558724793850043 0.14668994413273015 0.8756565279119646 0.20103885669464985 0.5993828459303806 0.2576088792817693
0 -0.025145756058133437 0.39582952528146187 0.24056007702250418 0.3414233839831279 0.26137454670587523 0.3986029744649591 -0.004331286374762371 0.45300911576329306
0 0.2797449984803733 0.3376581764970949 0.5590380740765439 0.28046990043120973 0.5810890533338443 0.34104631591697704 0.3017959777376738 0.3982345919828622
0 0.6054263754482483 0.26975476427697653 0.8967970830029759 0.2100934625222382 0.9174054642688285 0.2667069059200448 0.6260347567141008 0.32636820767478314
0 -0.012696953148048352 0.47236373727942754 0.2733897724559944 0.41378438794287187 0.2927616650790995 0.467001063836954 0.00667493947505676 0.5255804131735097
0 0.3241058259396788 0.41495805305209765 0.5732050803904088 0.36395228822629094 0.587837044066497 0.4041478686888648 0.33873778961576684 0.4551536335146716
0 0.6357159712025493 0.33959418241919115 0.9021766670618865 0.2850334748077183 0.9188694730507961 0.3308904111101152 0.6524087771914592 0.38545111872158805
0 0.01566597182168285 0.5279976999512391 0.3115656835479726 0.4674090356390369 0.3336166628052731 0.5279854511248042 0.03771695107898331 0.5885741154370066
0 0.3321550343099102 0.470493124592603 0.6288095800647936 0.4097498998541568 0.6527153236829881 0.4754215528458283 0.3560607779281047 0.5361647775842746
0 0.668063972806189 0.40840383558575577 0.9239568197645798 0.3560070092630683 0.9416800259787185 0.404694565985165 0.6857871790203276 0.45709139230785245
0 0.04911391157654677 0.6020570876628454 0.33444577440189005 0.5436323046394286 0.3523750899647291 0.5928860659457615 0.0670432271393859 0.6513108489691785
0 0.35674851181751954 0.540282269916768 0.6307576629632168 0.4841759344952755 0.6503356440038405 0.5379587574733823 0.37632649285814324 0.5940650928948749
0 0.6818140234272921 0.47737160653405036 0.9384617331643824 0.424820213898224 0.9535058527443256 0.46614803102863545 0.6968581430072355 0.5186994236644619
0 0.0670456061026573 0.6580019815584413 0.32520298389693486 0.6051414680701269 0.34663571883286154 0.6640194998040322 0.08847834103858404 0.7168800132923465
0 0.39060379204948426 0.6020916408914759 0.6698969251458664 0.5449033530518009 0.6851471331433282 0.5867973172662371 0.40585400004694605 0.6439856051059121
0 0.7094221431185355 0.533160123745211 1.0075863856807123 0.4721077722673818 1.031904274737171 0.5389116331767851 0.7337400321749942 0.5999639846546143
0 0.08271751208157592 0.7277929545724031 0.3672945696284313 0.6695227260883353 0.389757704789587 0.7312313782419402 0.10518064724273155 0.789501606726008
0 0.41409500597280907 0.659939769101728 0.6790460337749588 0.6056881823427431 0.6988301032331009 0.6600371524048745 0.4338790754309512 0.7142887391638595
0 0.7396421643778115 0.6005804970360854 1.003083524122774 0.5466380311295884 1.0255466592839295 0.6083466832831934 0.7621052995389671 0.6622891491896904
0 0.11609596094506515 0.7994331876347718 0.3923696429266493 0.7428631650476524 0.40658945069888225 0.7819265088423887 0.1303157687172981 0.8384965314295081
0 0.42846091148642357 0.7239147624625163 0.6986958637390465 0.6685812350591387 0.7203346870924919 0.7280254138770684 0.45009973483986887 0.783358941280446
0 0.7497546240975754 0.668468097187388 1.0471640038810526 0.6075703120226976 1.0694210506246895 0.668712817092278 0.7720116708412125 0.7296106022569683
