0 0.07672955046281942 0.07384897996406617 0.38998205466228164 0.0952873395756945 0.38365364901722065 0.14730128958854583 0.07040114481775844 0.1258629299769175
0 0.4002630977221311 0.07536570622562432 0.6854631751825252 0.09488421522361459 0.6777126573699781 0.15858668132424672 0.3925125799095838 0.13906817232625646
0 0.7412836649532739 0.1010616289246164 0.9976520634613392 0.11860695688398529 0.9906126008297925 0.17646517236048073 0.7342442023217272 0.15891984440111184
0 0.05700900369812489 0.13260719617280534 0.3624691638390666 0.1535122637216263 0.35493196321273934 0.21546144944118983 0.04947180307179765 0.19455638189236882
0 0.38471144634125315 0.15798093311842748 0.6917301109087167 0.17899266151721513 0.6858994441611789 0.22691563386724461 0.3788807795937153 0.205903905468457
0 0.7338146010984348 0.16890839905071173 0.9745983114894589 0.18538714288446592 0.9666344746852065 0.25084290420567407 0.7258507642941823 0.23436416037191987
0 0.05655015026376697 0.20741595759671505 0.34564637007440663 0.22720111059493803 0.339317963526603 0.27921506802754303 0.05022174371596333 0.25942991502932006
0 0.38043340335736364 0.21897461009396685 0.6593995818277295 0.23806648381677448 0.6520045902515685 0.2988468357349688 0.37303841178120273 0.2797549620121612
0 0.7130245874292331 0.24291504311490744 0.9982246055315979 0.26243354805055574 0.991398462794499 0.31853846088672144 0.7061984446921343 0.29901995595107317
0 0.05666605149664632 0.2645852752929924 0.3309567760454762 0.28335717052824205 0.3237751043637631 0.34238421980610667 0.0494843798149333 0.32361232457085704
0 0.3694208158958427 0.29011461998719623 0.6577377834932214 0.3098464425604359 0.6501294756335831 0.3723800674399452 0.3618125080362044 0.3526482448667055
0 0.7061925595155475 0.3119840368253849 1.0069773844510124 0.33256913401133176 0.9998668200026105 0.39101174412925066 0.6990819950671455 0.37042664694330374
0 0.032616818118749294 0.3395474462981315 0.32794693691941723 0.35975923457153713 0.3212630014269994 0.414695328445841 0.02593288262633145 0.39448354017243537
0 0.3749084971519166 0.3741697544051978 0.632056088515213 0.39176840872720803 0.6270075832792441 0.43326269871290884 0.3698599919159476 0.4156640443908986
0 0.7019798078765812 0.38535727796034147 0.9770497846386722 0.4041825036205744 0.9712902215134748 0.45152106648967305 0.6962202447513839 0.43269584082944007
0 0.03322749049555682 0.39910778763880345 0.33868765063649847 0.42001285518762443 0.33107934277686013 0.4825464800671337 0.0256191826359185 0.4616414125183127
0 0.35653606582768127 0.42830586668235393 0.662775448502869 0.4492642626249872 0.6545271863763428 0.5170577509069634 0.348287803701155 0.49609935496433005
0 0.7001757941727081 0.4583061224436481 0.9643364773812645 0.47638473840348233 0.9582213925333942 0.5266453783562502 0.6940607093248378 0.508566762396416
0 0.03000433689150583 0.47726310980390596 0.3245552034789128 0.4974215676523282 0.31836900417579017 0.5482667061230715 0.023818137588383158 0.5281082482746492
0 0.347010828332621 0.5001369957980003 0.6298731491532322 0.5194955135210406 0.6231181064275033 0.5750160465552903 0.340255785606892 0.55565752883225
0 0.6808760312479663 0.5265218199870874 0.9458159666697835 0.544653766371905 0.9406252541891335 0.5873168753194675 0.6756853187673164 0.5691849289346499
0 0.020698282406031658 0.534376913747355 0.28719666289634094 0.5526155169197974 0.2798016695146947 0.6133958836774991 0.013303289024385373 0.5951572805050568
0 0.34988511849056236 0.5669238019172109 0.6382021454459708 0.5866556285527925 0.6329403257320098 0.6299031766603008 0.3446232987766014 0.6101713500247192
0 0.6807075107695425 0.5860288349651178 0.9885053681922374 0.6070938897265469 0.9801149024320007 0.67605616729137 0.6723170450093059 0.654991112529941
0 0.00281474647218919 0.6038681760773252 0.2965864202043648 0.6239733075631062 0.2888359051000456 0.6876757514044772 -0.00493576863213009 0.6675706199186962
0 0.34489899620395126 0.6272796614318872 0.6184105278975498 0.6459982303044955 0.6115843779385097 0.7021032024986908 0.33807284624491124 0.6833846336260827
0 0.6775583107281103 0.6571177307976356 0.9495113973532167 0.6757296428826192 0.9417608822488974 0.7394320867239901 0.6698077956237911 0.7208201746390066
0 0.0006552740146435099 0.6797390720276282 0.285855292117008 0.6992575769632765 0.28094899412572005 0.7395830479871155 -0.004251023976644473 0.7200645430514672
0 0.3285057775945394 0.6909799219454134 0.6074719560649053 0.7100717956682209 0.600005855449948 0.7714366015858684 0.321039676979582 0.7523447278630607
0 0.6553549757553465 0.7233668269650031 0.9623735809647808 0.7443785513014488 0.9546941730937725 0.8074965559828741 0.6476755678843383 0.7864848316464284
