0 -0.03259150517770585 0.14953490467859676 0.27972402398758384 0.12144028011450894 0.2880172975359389 0.17329865029340077 -0.02429823162935073 0.20139327485748862
0 0.2842316603203354 0.1003476671375013 0.5685786708499244 0.07476897584379481 0.5787355994613226 0.13828090038593546 0.2943885889317336 0.16385959167964198
0 0.6248884991425379 0.07206782003034057 0.8804900696580649 0.04907495066896959 0.8897151719209713 0.10676010542704621 0.6341136014054441 0.12975297478841719
0 -0.03551733169828601 0.21008627908876018 0.2690291612248378 0.1826905251733135 0.27890654110356755 0.2444544136019427 -0.02563995181955622 0.2718501675173894
0 0.2920252907459465 0.1835771804207794 0.5981256264257931 0.1560416491814243 0.6057666211752951 0.20382127829220317 0.29966628549544844 0.23135680953155824
0 0.6364745687506678 0.13958860230227357 0.8765380667818632 0.11799347423818489 0.886974546491989 0.18325344968895774 0.6469110484607936 0.20484857775304643
0 -0.015137183843621713 0.28331765626563077 0.27309431521680894 0.2573895323094205 0.2813875899481937 0.3092479098858727 -0.006843909112236896 0.335176033842083
0 0.30482393547363584 0.24389618924060572 0.582955693337299 0.21887659659526557 0.5926467105489958 0.27947514734171475 0.3145149526853326 0.3044947399870549
0 0.6367484486846444 0.21521973047283868 0.9210954000337506 0.18964104450276578 0.9300409500148995 0.2455781409546499 0.6456939986657934 0.27115682692472276
0 0.0008937250644200627 0.3392084564409654 0.27436401383839754 0.3146081904437168 0.2837754787683368 0.3734586828839735 0.01030518999435942 0.39805894888122206
0 0.31386153421159263 0.3151925803425509 0.6013161118936617 0.28933434504829486 0.6112866766549971 0.3516809245106951 0.32383209897292803 0.3775391598049512
0 0.6492978118024064 0.2838360209454803 0.9491829539968099 0.256859583030858 0.9585012340441438 0.31512738443734356 0.6586160918497401 0.34210382235196596
0 -0.00175371548195668 0.416284491736648 0.2926930362443997 0.38979726913207136 0.30145222592457493 0.4445690426968962 0.007005474198218569 0.47105626530147277
0 0.34263157136667405 0.3965351608360354 0.5990100040800798 0.37347240813634386 0.605625988781514 0.414842583826848 0.3492475560681083 0.43790533652653957
0 0.6656071309512593 0.3562514460554958 0.9398543411035983 0.331581291396293 0.9474021557026134 0.3787782590635422 0.6731549455502744 0.40344841372274504
0 0.015426785690148558 0.47443611352826354 0.3199732786132724 0.44704035961281685 0.32994384337460775 0.5093869390752171 0.02539735045148395 0.5367826929906638
0 0.33973721438054305 0.4523551946575514 0.6450605990917869 0.42488955474196727 0.6558698136002163 0.492480264737583 0.3505464288889725 0.5199459046531671
0 0.6841539204558629 0.42787458397362754 0.9475244680330729 0.404182849287249 0.9555381881166408 0.45429315376238805 0.6921676405394309 0.4779848884487665
0 0.034035353279730056 0.5513732061374486 0.327705183627725 0.5249558721948262 0.33581209805813617 0.575648926884219 0.04214226771014121 0.6020662608268413
0 0.35042179992155525 0.5240945256547654 0.6324380463160599 0.4987255003469216 0.6412904208788408 0.5540799649455174 0.35927417448433613 0.5794489902533614
0 0.6842728326901373 0.4976090368291269 0.9484203016457087 0.47384741348079423 0.9552226466481166 0.5163829120583576 0.6910751776925451 0.5401445354066903
0 0.04083656807148867 0.6086853453191037 0.3065378206033002 0.5847839499704963 0.31622884018105635 0.6453825155120662 0.05052758764924481 0.6692839108606736
0 0.37182806790893275 0.5889587774901187 0.6592827047714847 0.563100536872229 0.6661782346564982 0.6062187264835636 0.3787235977939462 0.6320769671014532
0 0.7006764716643639 0.555830541959063 1.007553669542089 0.5282251273813874 1.0185492396193734 0.5969811306738211 0.7116720417416482 0.6245865452514967
0 0.042695638379332976 0.6794454378321119 0.3355886065294493 0.6530979872278101 0.3457455315917584 0.7166098895772697 0.05285256344164201 0.7429573401815714
0 0.3837566572749301 0.648764926831572 0.6564500838510288 0.6242345441726441 0.6653956432964153 0.6801716998050111 0.3927022167203164 0.704702082463939
0 0.7173898684965465 0.6258454136900313 0.9885295114964052 0.6014548030313782 0.9986864365587144 0.6649667053808378 0.7275467935588555 0.6893573160394909
0 0.06170838781685352 0.7539818776442584 0.34605533916595976 0.7284031916741855 0.35248496356642034 0.7686080444776303 0.0681380122173141 0.7941867304477032
0 0.38546080959931733 0.7136282795253982 0.6635925674629805 0.6886086868800579 0.6733767719233422 0.7497899434553988 0.39524501405967905 0.7748095361007391
0 0.7141216636626427 0.6941113670350084 1.0202219401620065 0.666575841119287 1.03028568034171 0.7295050524349755 0.7241854038423461 0.757040578350697
