0 0.15403008853005554 0.0006630090232821307 0.5248672857628484 0.06054659585748601 0.5062369032281153 0.12544287302433027 0.13539970599532253 0.06555928619012638
0 0.5379813050875283 0.043721792678930685 0.8713418929987099 0.09755357617380174 0.8491236103272861 0.17494779111962355 0.5157630224161045 0.12111600762475248
0 0.9299832580240663 0.11601879986020602 1.113197848926566 0.14560468537943994 1.0932527189126025 0.215080697646059 0.9100381280101029 0.1854948121268251
0 0.11943958346941315 0.06703366993164322 0.4798377163402174 0.12523153423894384 0.45835504597403287 0.20006334876388568 0.09795691310322871 0.14186548445658506
0 0.5024909759935275 0.13742373603722985 0.8584757617941945 0.19490892358374123 0.8417512098284426 0.25316651211351326 0.48576642402777553 0.19568132456700188
0 0.904558015211205 0.19237924166215276 1.0911211105826808 0.22250585087261546 1.0691759927287081 0.2989485351844046 0.8826128973572323 0.26882192597394183
0 0.10523052946296875 0.15382783048800458 0.4444544963537725 0.20860644500977404 0.4266762256213991 0.27053451239348714 0.08745225873059538 0.21575589787171764
0 0.4842998472824356 0.20665481915870682 0.8070389878749604 0.25877142853523716 0.7866333048099744 0.32985171158875376 0.46389416421744956 0.2777351022122234
0 0.8636187792392813 0.2734790200378531 1.0670567120031957 0.30633061422243324 1.0483378178699148 0.37153520890348546 0.8448998851060003 0.33868361471890523
0 0.09501905841138997 0.2195384241039928 0.415561445819764 0.27130029705969466 0.3958960672411451 0.3398018351494095 0.07535367983277114 0.2880399621937075
0 0.4566531970206913 0.28595539440586554 0.7884306659064036 0.3395315324413868 0.7678557862191707 0.4112011877674561 0.43607831733345837 0.3576250497319349
0 0.8395088821068671 0.3497829521509134 1.0450537896074925 0.3829747851398659 1.0259465568471777 0.44953210197397 0.8204016493465525 0.41634026898501747
0 0.05318717443411921 0.3019516831203825 0.3964860602122073 0.35738832429333456 0.3784923987107616 0.42006667466360653 0.03519351293267353 0.3646300334906546
0 0.44635187934089676 0.38084117857845556 0.7401797960079379 0.42828914144017033 0.7266918045709905 0.4752726335442259 0.43286388790394936 0.42782467068251095
0 0.8183470418550572 0.430467109781233 1.02197969610314 0.46335014800916324 1.0067485436947743 0.5164056924361744 0.8031158894466919 0.483522654208244
0 0.04348237798361915 0.3691390452445026 0.3967555137961104 0.4261863497287359 0.3767091401466616 0.49601502974211686 0.02343600433417033 0.4389677252578835
0 0.4134961890363252 0.4386505369744525 0.7622156652676069 0.49496250673234327 0.7407925483821274 0.5695868752114039 0.3920730721508458 0.513274905453513
0 0.7994781284394605 0.5099685412017352 0.999331667979021 0.542241319872391 0.9835613893956395 0.5971748333435969 0.783707849856079 0.5649020546729409
0 0.026155053296418086 0.4559191592101811 0.36490094959042174 0.5106205738655133 0.3489226133392226 0.5662788265122143 0.010176717045218926 0.5115774118568821
0 0.38856032526335194 0.5165619049423447 0.7090744229191821 0.5683192096080648 0.6918305997721306 0.6283856051466864 0.37131650211630035 0.5766283004809664
0 0.7627538039606951 0.581729762669796 0.9780161540561786 0.6164907891533005 0.9648670577012786 0.6622937886327933 0.7496047076057951 0.627532762149289
0 0.005524867354108073 0.5179231047036553 0.3110519223249749 0.5672602695379078 0.2921889318110953 0.632966803384011 -0.013338123159771531 0.5836296385497586
0 0.37901948852528133 0.5895599592469429 0.703613254017587 0.6419760574343576 0.690329969437291 0.6882464824351247 0.36573620394498524 0.63583038424771
0 0.7479479649791155 0.6452799198174932 0.9599245666581249 0.6795103565918705 0.9389835149268068 0.7524555199446484 0.7270069132477975 0.7182250831702711
0 -0.0268309639220265 0.5914190479399208 0.3081897459147 0.6455189114877788 0.28845938773682583 0.7142467967325026 -0.046561322099900646 0.6601469331846443
0 0.36136928952504643 0.6534891351063937 0.668501052302675 0.7030854316027525 0.6512889505164969 0.7630413303105379 0.34415718773886833 0.7134450338141793
0 0.7292125601559231 0.7199272802982982 0.938614197092956 0.7537419062374308 0.9193009391069166 0.8210168825252298 0.7098993021698836 0.7872022565860971
0 -0.04168893455586087 0.6726317724049552 0.28176257755000167 0.7248634170629932 0.26913393587663226 0.7688534869795841 -0.05431757622923027 0.7166218423215461
0 0.33055193759782225 0.7191805293111975 0.6425799543955522 0.7695674834194758 0.6237718209992701 0.8350829303299483 0.3117438042015403 0.78469597622167
0 0.6903731536190039 0.7866142024079599 0.9185971924060474 0.823468310211437 0.8994239470975126 0.8902555723307654 0.671199908310469 0.8534014645272883
