0 -0.09786258499934267 0.08195501894091968 0.20965523291427346 0.04421319162727062 0.23003264566329104 0.13760718170398273 -0.07748517225032514 0.1753490090176318
0 0.21551141740221658 0.049954892441409625 0.5361719240962256 0.010600055859705844 0.5583684916968884 0.11233161716075064 0.23770798500287937 0.15168645374245443
0 0.6028001590807933 0.03803225974335465 0.8716420415847304 0.005037150799813128 0.8909297364051918 0.09343673326160859 0.6220878539012547 0.1264318422051501
0 -0.0818377487448653 0.15540023088048513 0.20689791307551283 0.11996354769363304 0.22901932948583256 0.22135067520361712 -0.05971633233454559 0.25678735839046923
0 0.23614909600830902 0.1500404419832578 0.5772027830752199 0.10818273939778195 0.594868650266566 0.1891491430078104 0.2538149631996552 0.23100684559328627
0 0.6222282067628017 0.11700197952418119 0.8732869999866288 0.08618939869971491 0.8935303521500894 0.1789689607746296 0.6424715589262624 0.2097815415990959
0 -0.06169177114857779 0.2477335047306727 0.2222602873603102 0.21288391575300877 0.24065841020588347 0.2972064018130923 -0.043293648303004535 0.33205599079075626
0 0.2592287851824982 0.22184779300823937 0.5682718645088382 0.18391876954043654 0.5880455554226682 0.2745457748296756 0.27900247609632833 0.3124747982974785
0 0.6298480286961677 0.20355696056220615 0.9243525079970183 0.16741226730091632 0.9422887969061213 0.24961807080610268 0.6477843176052708 0.2857627640673925
0 -0.04654218620677782 0.3171672548905889 0.23264726854034398 0.2829021828360725 0.2519720191671955 0.37147159989153883 -0.027217435579926258 0.4057366719460553
0 0.27907876123665515 0.3052557759786236 0.5957976171541152 0.2663847003183147 0.6153762059905994 0.3561175115457258 0.29865735007313937 0.39498858720603475
0 0.649962324508058 0.2815457776568674 0.9509269888178983 0.24460822241223712 0.9689291994579037 0.32711615914491204 0.6679645351480633 0.3640537143895423
0 -0.02690602915847844 0.4071639134017167 0.2637686499086806 0.3714892535844934 0.2815471123340596 0.45297170495286454 -0.009127566733099416 0.4886463647700879
0 0.3224215731945885 0.39938845452734484 0.6020788120290487 0.3650659710800051 0.6153561963906429 0.4259190302286058 0.33569895755618256 0.46024151367594546
0 0.6741506885635544 0.3627206107434905 0.9540440399823061 0.3283691490715934 0.9684559507926912 0.39442198275512647 0.6885625993739395 0.4287734444270236
0 -0.011592372246147006 0.4773496400846789 0.30298097085224657 0.4387418843674738 0.32207308872659884 0.5262450963435205 0.007499745628205273 0.5648528520607256
0 0.32607907763755306 0.46246964118991185 0.6565631089879379 0.42190915813963026 0.6761116687922976 0.5115043399651741 0.34562763744191266 0.5520648230154557
0 0.7002544285792166 0.4418015170794333 0.9670080323309821 0.4090627037111595 0.9813598818685453 0.47484026388539086 0.7146062781167799 0.5075790772536647
0 0.00819913587201982 0.5680583053876556 0.32149512400674174 0.5296073201326766 0.3368030030817403 0.5997665657658032 0.023507014947018387 0.638217551020782
0 0.3469149170517856 0.542825937817907 0.6505376714252151 0.5055621537490584 0.6662761184997742 0.5776947835391234 0.36265336412634475 0.6149585676079719
0 0.7064743605493095 0.5173809617767922 0.9726919463827005 0.4847079341761513 0.9847704884552498 0.5400664456986313 0.7185529026218587 0.572739473299272
0 0.022495186725625244 0.6335801283983893 0.30650442047913984 0.5987235222721778 0.3234194896744864 0.6762488599602641 0.039410255920971846 0.7111054660864756
0 0.3785410374261691 0.6144856726789248 0.6846757379380081 0.5769135961084573 0.6969849443036904 0.6333292908449819 0.39085024379185146 0.6709013674154495
0 0.7286060603810288 0.5798862889645234 1.0163745958798758 0.5445683017116675 1.0341303047117822 0.6259464685514199 0.7463617692129351 0.6612644558042758
0 0.039727027878157475 0.7125572989266089 0.3476161907705057 0.6747698962438442 0.3647101523337963 0.7531151354691046 0.05682098944144799 0.7909025381518695
0 0.3986765102962193 0.6796041885605953 0.6879269551961752 0.6441043257693053 0.702571173088928 0.7112218719172043 0.41332072818897214 0.7467217347084945
0 0.7517352462242318 0.6539816520523601 1.0207155963473573 0.6209695489033856 1.0364681210347433 0.6931666993688104 0.7674877709116177 0.7261788025177849
0 0.05809272769528245 0.7967311833936221 0.36731536199510256 0.7587801230472789 0.37818811361437304 0.8086122420382269 0.06896547931455292 0.8465633023845701
0 0.407958350747756 0.7494294300083397 0.7014325286110993 0.7134111861970338 0.7167365718374061 0.7835528513247716 0.4232623939740629 0.8195710951360776
0 0.7539446677604013 0.7253413393702473 1.0479442167115867 0.6892586164825499 1.0631372240702046 0.7588913807575236 0.7691376751190193 0.7949741036452208
