0 0.11207100717526619 0.03779336388514864 0.42236814573932674 0.07689298784609448 0.4092988757088904 0.13523468359767082 0.09900173714482989 0.09613505963672499
0 0.43576561955281967 0.05065259872042262 0.7349288790770067 0.08834927553947645 0.7186553863301361 0.1609947377911816 0.4194921268059493 0.12329806097212774
0 0.7954940757035517 0.09215294012920844 1.0816029695488938 0.12820467496957197 1.066332824422785 0.1963711570267276 0.7802239305774429 0.16031942218636408
0 0.08499290618421584 0.09920854453711839 0.38683419004202796 0.13724267127558676 0.3719143616743393 0.2038453266087685 0.07007307781652718 0.1658111998703001
0 0.40916018148496036 0.1395457838921433 0.7312597132461246 0.1801325924851534 0.7191941126205845 0.23399387158612492 0.39709458085942023 0.1934070629931148
0 0.7782760497896246 0.16799853920931546 1.0467880557054776 0.2018329422879042 1.030120304148835 0.27623839017565094 0.7616082982329818 0.24240398709706226
0 0.07479363630481442 0.17825374735053273 0.36038772781224915 0.21424061347209483 0.3481341476437349 0.26894104007542685 0.06254005613630019 0.23295417395386472
0 0.39648047515013457 0.20589123214868682 0.6887925667029099 0.24272461357089908 0.6740498183664878 0.308536777217569 0.38173772681371254 0.27170339579535674
0 0.7460252150775303 0.2495230224043371 1.0544127708429578 0.28838202548913067 1.040352229561044 0.3511487920844739 0.7319646737956162 0.3122897889996804
0 0.06738064914737024 0.2380817256738491 0.3384653147941197 0.2722403019901383 0.3244530987407968 0.3347913430111359 0.053368433094047395 0.3006327666948467
0 0.37591585696269725 0.2819959032687408 0.6781623757277409 0.3200810924583872 0.6628273964478784 0.3885369965309883 0.3605808776828347 0.3504518073413419
0 0.7295737315594701 0.3260776877755911 1.037282721649081 0.3648511868081074 1.0224458823149607 0.43108337608343794 0.7147368922253499 0.3923098770509215
0 0.03472449030915804 0.31392346959518 0.3262632321292686 0.3506594035066694 0.3127214151019784 0.41111056620280856 0.021182673281867858 0.3743746322913191
0 0.3712642308965852 0.37159361949918684 0.6406269714820584 0.4055352211353472 0.6299504487730213 0.4531956060018949 0.3605877081875482 0.41925400436573457
0 0.715937569122511 0.4061889666556435 1.0194550759614758 0.44443430929040106 1.006962178101405 0.50020305875463 0.7034446712624404 0.46195771611987246
0 0.027679888208869758 0.37530322596647947 0.3300106104848807 0.4133990253913032 0.3142475957598261 0.48376569522634755 0.011916873483815198 0.44566989580152383
0 0.34523072931698634 0.42781017208006844 0.6670749172375626 0.4683648055515356 0.6494621210658515 0.5469889669003688 0.3276179331452753 0.5064343334289017
0 0.704767848317752 0.48608936913061873 0.9998318516828862 0.5232695108147363 0.9861754153114746 0.584232338423025 0.6911114119463402 0.5470521967389075
0 0.014845101141929279 0.4557420451089698 0.3062836216802252 0.4924653504333895 0.2928330127610598 0.5525093568245557 0.001394492222763759 0.5157860515001359
0 0.32659147830857727 0.5034742276392652 0.6230705415140417 0.5408326768253312 0.6081040239966862 0.6076437542171604 0.3116249607912217 0.5702853050310943
0 0.6752751960372303 0.5594186074378951 0.9705070773970054 0.5966199029312038 0.9583256097937173 0.6509984164261149 0.6630937284339421 0.6137971209328061
0 -0.001508388338009373 0.5140241771867566 0.26159742887928067 0.5471773624295835 0.2456587990226 0.618327984585977 -0.017447018194690026 0.5851747993431503
0 0.32125055462116514 0.5748257836587023 0.6240345945073543 0.6129787042937791 0.6115694474427213 0.6686235731999879 0.30878540755653217 0.6304706525649112
0 0.6672178846254847 0.624751731930332 0.9705009442019759 0.6629675325595015 0.9509571881001574 0.7502115691185383 0.6476741285236662 0.7119957684893687
0 -0.025957116018325337 0.5845909660566125 0.26264981531904885 0.6209574712072368 0.24539105082540819 0.6980012222959483 -0.04321588051196599 0.6616347171453241
0 0.30832100174225424 0.6387108782982287 0.5954982074270913 0.6748972279513183 0.5796494960730653 0.7456464506483624 0.2924722903882282 0.7094601009952727
0 0.6548926913017645 0.702702356643995 0.9531799991886487 0.740288657390021 0.9348028825767364 0.8223247729241372 0.636515574689852 0.7847384721781112
0 -0.03896246476200536 0.6627035809557965 0.24262303998649343 0.6981853369251525 0.23048592510024327 0.7523658582814702 -0.05109957964825554 0.7168841023121141
0 0.2834382636414641 0.7051145114079496 0.576088227292697 0.741990467093198 0.5585175856655858 0.820426449024982 0.2658676220143529 0.7835504933397336
0 0.6224393428204824 0.7733747263641029 0.9368921965120314 0.8129979996874809 0.917820384987664 0.8981352585240329 0.6033675312961151 0.8585119852006549
