0 0.01216040981815151 0.10330522312140972 0.28506591347974447 0.09592318234900744 0.2872939221425043 0.1422545645268364 0.014388418480911342 0.14963660529923872
0 0.320923440589628 0.09260429606710602 0.5860093392638425 0.08543377408808243 0.5883219559094249 0.13352457706753296 0.32323605723521054 0.14069509904655653
0 0.6468051557155702 0.07967861368399153 0.9220565140687145 0.07223311799863653 0.9245947517631208 0.1250157048185848 0.6493433934099767 0.13246120050393975
0 0.012521978645639219 0.15967009981743743 0.290119281039209 0.15216114680226006 0.2925447082092035 0.20259784170195946 0.01494740581563371 0.21010679471713684
0 0.32927385997407027 0.1522764910445051 0.6264202790764394 0.1442387382261997 0.6289585164127911 0.19702131760040845 0.331812097310422 0.20505907041871385
0 0.6533659917156263 0.13470133715318067 0.9184518308239246 0.1275308167854035 0.9209618649025775 0.17972691014950593 0.6558760257942791 0.18689743051728303
0 0.0030282278350243735 0.222761164724525 0.30017461715443544 0.21472341271184284 0.3025154359835525 0.2634006793641812 0.005369046664141424 0.27143843137686335
0 0.3298892531080807 0.21391963759113694 0.6074865555016504 0.20641068457595957 0.6096299558235329 0.25098263850642755 0.33203265342996313 0.2584915915216049
0 0.6574476216041101 0.20329753057273692 0.9240974234060254 0.19608470531841152 0.9264100404096627 0.24417551574360158 0.6597602386077474 0.25138834099792695
0 -0.002224966341261627 0.27634174970784203 0.28631980686100444 0.26853666973743595 0.2890554627045908 0.32542456183351504 0.0005106895023247305 0.3332296418039211
0 0.33013801105310175 0.26793861492117627 0.6116451010488816 0.26032390291212115 0.6146063772251823 0.321903563957219 0.3330992872294025 0.3295182759662741
0 0.6631137843276957 0.25599550017384914 0.9219438917933583 0.24899419612977217 0.9245667374705875 0.30353620375134194 0.6657366300049249 0.31053750779541894
0 0.019447040113851472 0.33624082115583126 0.2939164766861034 0.328816476302504 0.2969341593778018 0.3915691093678145 0.02246472280554993 0.3989934542211418
0 0.34857704909414894 0.3420188129844503 0.6308660906537792 0.3343829493377443 0.6333761261646511 0.3865790724848047 0.35108708460502086 0.3942149361315107
0 0.6608550756648855 0.32300151145270256 0.9220311271709737 0.3159367500788031 0.9245975663328051 0.36930578568016015 0.663421514826717 0.3763705470540596
0 0.021887880998845234 0.41956229212846075 0.3174703374075974 0.41156684419670364 0.31933171231358676 0.45027408694089815 0.023749255904834586 0.4582695348726553
0 0.34812847870767594 0.39781836979668994 0.6100864519946564 0.39073245759076286 0.6127375009295843 0.445860951222439 0.3507795276426039 0.45294686342836615
0 0.6795120860309541 0.3853310739258047 0.9453799064860611 0.37813940111475347 0.9477771318305757 0.42798963978730453 0.6819093113754688 0.4351813125983558
0 0.02224945197466153 0.4759272134989256 0.3342531592708953 0.4674875739258904 0.33707342202314 0.5261348644863726 0.02506971472690627 0.5345745040594077
0 0.3501462524019816 0.4723427896870116 0.6167960542038969 0.4651299644326863 0.6192496831993711 0.516153115559534 0.35259988139745585 0.5233659408138593
0 0.6877009837431276 0.4579268641365443 0.9488770352492158 0.4508621027626449 0.9513870693278685 0.5030581961267473 0.6902110178217804 0.5101229575006466
0 0.028930848061765067 0.5497381747648264 0.31512970700656373 0.5419965513186195 0.31755513560877724 0.5924332760012769 0.031356276663978624 0.6001748994474839
0 0.34606987515475435 0.5341128178878373 0.6252310806760248 0.5265615615973581 0.6279949369128719 0.5840358801376275 0.3488337313916014 0.5915871364281067
0 0.6759177230421145 0.5222543129136067 0.9597707570783198 0.5145761435747291 0.9621961856805332 0.5650128682573866 0.678343151644328 0.5726910375962642
0 0.023487928060374547 0.6156558503570289 0.27449843053865874 0.6088660651063305 0.2771494794735867 0.6639945587380066 0.026138976995302522 0.670784343988705
0 0.3542023642032015 0.605535591403927 0.6638601870249259 0.5971594075494678 0.6662574123694406 0.647009646222019 0.3565995895477162 0.655385830076478
0 0.6988511561993828 0.5921022856094236 0.9647189766544896 0.5849106127983723 0.967285415816321 0.6382796483997294 0.7014175953612142 0.6454713212107807
0 0.02139849421301629 0.6861806867363999 0.31698095062176845 0.6781852388046425 0.3191243523758699 0.7227572225180685 0.02354189596711774 0.7307526704498258
0 0.36610367496867807 0.6739202937990045 0.6679418332371078 0.6657556303491705 0.6705928821720358 0.7208841239808467 0.3687547239036061 0.7290487874306807
0 0.6997486343152024 0.6596101417310823 0.9679622796789024 0.6523550148127016 0.9704159115388148 0.7033782255054655 0.7022022661751147 0.7106333524238461
