0 -0.07923383754882929 0.14401141368511117 0.2078311392061678 0.10971909669540056 0.21910729205375196 0.16281571489059118 -0.06795768470124514 0.1971080318803018
0 0.2461814504329016 0.1070152165335119 0.5279210335853574 0.0733590624347874 0.539632442517982 0.12850519401250385 0.25789285936552625 0.16216134811122834
0 0.5924782219521812 0.06586032565180173 0.8891041730998918 0.030425870152852953 0.9019848068042624 0.09107759234546137 0.6053588556565517 0.12651204784441014
0 -0.06836287924817773 0.20377265045564724 0.223010461982346 0.16896566322656403 0.23523520787753663 0.2265289717506433 -0.056138133352987105 0.26133595897972645
0 0.2654544779763102 0.17004471785199674 0.5807844529874777 0.13237590996858348 0.5936743129829757 0.19307107648692734 0.27834433797180824 0.2307398843703406
0 0.608437475826556 0.12449846955753989 0.8935102456823859 0.09044413837601667 0.9062298243925376 0.15033749238649435 0.621157054536708 0.18439182356801756
0 -0.0551945266658399 0.26978015690169416 0.24445608252630005 0.23398438065363295 0.25636534067402206 0.29006213531026953 -0.04328526851811791 0.3258579115583307
0 0.2767956232036739 0.23551178905652986 0.5705557572086366 0.20041967942994965 0.5815414440040395 0.2521485647396609 0.28778130999907675 0.28724067436624107
0 0.6239012610295646 0.1975946892098446 0.9098468464829966 0.16343609289126118 0.9216512269598076 0.2190200045036582 0.6357056415063757 0.25317860082224164
0 -0.04333738389819812 0.3256125131076695 0.23915511160312003 0.2918664173196992 0.25286913823873114 0.35644238095127817 -0.029623357262586983 0.39018847673924845
0 0.2863709192872585 0.29264948964282 0.5836516881524987 0.257136810680341 0.598467158470283 0.32689920052007304 0.3011863896050427 0.36241187948255205
0 0.6382982629124851 0.25330159001594504 0.915397290139113 0.2201997892089939 0.928629977674223 0.2825092459221969 0.6515309504475953 0.315611046729148
0 -0.028553107839432847 0.3888552270758829 0.25760841530079487 0.35467083519112025 0.27257218600168276 0.4251315349000325 -0.013589337138544988 0.45931592678479516
0 0.3185378834006409 0.36920142847231374 0.6159766396589189 0.33366987659185054 0.6287115832806902 0.39363558017552774 0.33127282702241223 0.42916713205599094
0 0.6465615061035569 0.3245531367144919 0.9253729071196268 0.29124677850922553 0.9383524642596062 0.3523643067229192 0.6595410632435362 0.3856706649281855
0 -0.010814888202755349 0.47539755862839406 0.2964220884197857 0.43869552721934274 0.3061794674908098 0.48464061488555954 -0.001057509131731204 0.5213426462946109
0 0.3275548688305156 0.42770925088388834 0.602861469043211 0.3948215705037392 0.6161638994950613 0.45745942938317996 0.340857299282366 0.4903471097633291
0 0.6763283371406885 0.3888676376776434 0.9596040298320455 0.35502798242237105 0.971826665454365 0.4125813541928038 0.6885509727630079 0.4464210094480761
0 0.0008334633890318699 0.5336021213959782 0.32344619220418863 0.4950633275434387 0.33767040953474187 0.5620416531243665 0.015057680719585076 0.6005804469769062
0 0.34229145701294966 0.5052577787596462 0.6217357494038122 0.47187581637622567 0.6341564037818483 0.5303616095504734 0.3547121113909859 0.5637435719338941
0 0.6963680859544227 0.4644815251650472 0.9739423997701278 0.43132294739227517 0.9866716149503251 0.4912616771596858 0.7090973011346201 0.5244202549324579
0 0.020028681515633633 0.609276332161848 0.31604243151532274 0.573915009220088 0.3283636968070165 0.6319328037389768 0.03234994680732746 0.667294126680737
0 0.3484132327413442 0.5696301258801854 0.6402661575354953 0.5347658483756639 0.6541637411901164 0.6002061366654095 0.36231081639596535 0.6350704141699309
0 0.6939216330199365 0.5325763251730078 0.9947009338147217 0.49664571725492174 1.0071522695758197 0.5552759814827415 0.7063729687810345 0.5912065894008276
0 0.03120778729408877 0.6766273092524365 0.2850535895876145 0.6463033010186265 0.2982241580648059 0.708320254433449 0.04437835577128014 0.738644262667259
0 0.36888623276837634 0.6427306827247717 0.6919640649315542 0.604136328379888 0.7043571740373412 0.6624924176716622 0.3812793418741634 0.7010867720165461
0 0.7289563422469455 0.6034616021812662 1.01014193942713 0.5698716263491618 1.0231595549203487 0.6311683619466496 0.7419739577401641 0.664758337778754
0 0.04638691052111882 0.7481020508081114 0.3406956151331664 0.7129444098256618 0.351819301742427 0.7653231021685387 0.05751059713037943 0.8004807431509885
0 0.39267083879060166 0.712069878089985 0.7068467523904801 0.6745389325128304 0.7203621868011826 0.7381797744158343 0.4061862732013041 0.7757107199929889
0 0.7403018331983893 0.6732009311840917 1.0231808798211974 0.6394086586254797 1.0357017639570345 0.6983664089693121 0.7528227173342263 0.7321586815279243
