0 0.14927649104777022 0.02878532558149958 0.4169253947855383 0.06944028893644744 0.4046551278862226 0.11487925400740609 0.1370062241484544 0.07422429065245822
0 0.45282416600642106 0.07249811062675905 0.7128040829540603 0.11198818082291505 0.7000678562277476 0.159152677414672 0.44008793928010853 0.11966260721851603
0 0.7737097265026582 0.11704816401272518 1.043659299989104 0.15805259132219743 1.0296805150387383 0.20981850043453498 0.7597309415522927 0.1688140731250627
0 0.13206508945735101 0.08365282204179443 0.4043154203203448 0.1250067266161683 0.39095791448200573 0.1744719294682156 0.1187075836190119 0.1331180248938417
0 0.4423498617473814 0.1319815640730736 0.7337727618182134 0.17624771707320058 0.7197939788397556 0.2280136188832155 0.4283710787689235 0.18374746588308852
0 0.7629441402447318 0.171697227397514 1.0229239987737904 0.2111872887200851 1.0091005390241778 0.26237800118596305 0.749120680495119 0.22288793986339187
0 0.10317542367729711 0.14333289942209723 0.3945982945388388 0.1875990479854318 0.3817067504994043 0.23533871201435816 0.09028387963786257 0.19107256345102358
0 0.423740578704064 0.19202566239808605 0.6959909095670579 0.23337956697245993 0.6841866044666466 0.2770929932202976 0.4119362736036528 0.23573908864592374
0 0.7455385854459613 0.23910937453579542 1.0070522822260521 0.27883242070163433 0.9943160535278317 0.3259969245957139 0.732802356747741 0.28627387842987495
0 0.08137230147057488 0.194509092980665 0.3643592372071814 0.23749385152678137 0.3492932152897002 0.293285991117885 0.0663062795530937 0.25030123257176856
0 0.40715045819757906 0.24459244529576807 0.6832352678509921 0.28652879423114164 0.6669266916532735 0.34692233173818066 0.39084188199986036 0.30498598280280703
0 0.7346274789695677 0.2913412460323459 0.9884721013316589 0.32989938572901567 0.9740273565542964 0.38339082636215155 0.7201827341922054 0.3448326866654818
0 0.08378001392523773 0.2565480370128394 0.3529627267047477 0.2974359807742626 0.3363435040493387 0.35897989696957566 0.0671607912698287 0.3180919532081525
0 0.4019959694319127 0.31985319047814087 0.6788476690015516 0.3619060273983559 0.665024201364308 0.4130967690735241 0.38817250179466906 0.371043932153309
0 0.7115526419151034 0.3560959619308953 0.9676980216537429 0.39500357889246673 0.9535639233340707 0.44734464083732844 0.6974185435954313 0.40843702387575703
0 0.060190795420601205 0.33799013249782994 0.3500798572404011 0.3820233006546892 0.3398287449902867 0.41998497950760766 0.049939683170486866 0.3759518113507484
0 0.3841730118149425 0.3740290264324985 0.6410852522605174 0.413053126942119 0.6264851842543098 0.46711975691939195 0.3695729438087349 0.4280956564097715
0 0.7102715175647442 0.41996965298167155 0.9710182952193188 0.4595762067258765 0.957816104722194 0.508466249443077 0.6970693270676194 0.46885969569887204
0 0.04297938199873557 0.3928576727720602 0.3489733949428899 0.4393371285417219 0.33344141911413516 0.49685477774665615 0.027447406169980818 0.4503753219769944
0 0.36291354943264564 0.44684351099296293 0.6244272462127364 0.4865665571588018 0.610914425033183 0.5366069201456959 0.3494007282530923 0.496883873979857
0 0.695613249204504 0.4919905349495615 0.9517586289431432 0.530898151911133 0.9379351691935305 0.5820888643770109 0.6817897894548912 0.5431812474154394
0 0.02647671495506169 0.4657958552260254 0.3071629225244102 0.5084311409440326 0.29380540879844014 0.5578963730053702 0.01311920122909162 0.515261087287363
0 0.3397028763610238 0.5061886433260515 0.6134869870564692 0.5477755238701083 0.5982656576854049 0.6041427943867683 0.3244815469899594 0.5625559138427115
0 0.6641122206309481 0.5524714743760939 0.9424977876609095 0.594757300576369 0.9291402739349396 0.6442225326377066 0.650754706904978 0.6019367064374314
0 0.0006449568057534568 0.5289342697062251 0.2468205923777156 0.5663275162441032 0.23222052437150797 0.620394146221376 -0.013955111200454126 0.583000899683498
0 0.3253552662899203 0.577059102791732 0.629048580276107 0.623189090170077 0.6158463897789821 0.6720791328872773 0.3121530757927954 0.6259491455089324
0 0.6646464125341759 0.6244049252152002 0.9253931901887507 0.6640114789594052 0.9112590918690785 0.716352540904267 0.6505123142145038 0.6767459871600618
0 -0.023361737540308524 0.5971400429153109 0.26652732427949133 0.6411732110721701 0.25472301129144914 0.6848866665292981 -0.03516605052835073 0.6408534983724388
0 0.3156187634168735 0.6456361833900764 0.6116430321943508 0.6906012687360448 0.5970429641881432 0.7446678987133177 0.30101869541066595 0.6997028133673494
0 0.6444839950591422 0.6902007798087166 0.907531413253104 0.7301567930706537 0.8940185762982887 0.7801972144761282 0.630971158104327 0.7402412012141913
