0 0.05795557876852444 0.07418272003223128 0.3307315881603368 0.08389056504617758 0.327801617512022 0.13019996287989277 0.055025608120209596 0.1204921178659465
0 0.36683321109419914 0.0828253260404117 0.6317933259186291 0.09225501062054758 0.6287520904846664 0.1403229944067923 0.3637919756602364 0.13089330982665642
0 0.6930172362991268 0.09032131593475762 0.9681379872692105 0.10011260812534664 0.9648000460540964 0.15287014949019898 0.6896792950840127 0.14307885729961
0 0.05205033710588166 0.13037397762384853 0.32951591896071475 0.14024872016941492 0.32632633063617633 0.19066148274496345 0.04886074878134324 0.18078674019939708
0 0.3685213644319012 0.14281191330923998 0.6655267868960815 0.15338206064738943 0.6621888461518317 0.2061395945700353 0.3651834236876515 0.19556944723188585
0 0.693438874357283 0.14556271949719982 0.9583989296440609 0.15499240195844594 0.9550980779464678 0.2071637281599045 0.6901380226596899 0.19773404569865835
0 0.03557639895344348 0.19265177540002168 0.33258179164879764 0.20322192167872624 0.32950346858077145 0.2518760908595388 0.03249807588541733 0.2413059445808342
0 0.36228232794145043 0.20427893620065218 0.6397479097962836 0.2141536787462186 0.636929204404481 0.2587044831851978 0.3594636225496478 0.24882974063963142
0 0.6898811027120602 0.21417531933209435 0.9564043785886709 0.2236606353633254 0.9533631426838438 0.2717286265917766 0.6868398668072331 0.26224331056054556
0 0.024385444826328723 0.2457173555505996 0.312793302890558 0.2559815235510564 0.30919574447008474 0.3128424222155356 0.02078788640585545 0.3025782542150788
0 0.35652543964024774 0.25812540756075913 0.637898953894359 0.2681392297935083 0.6340046906344632 0.3296896711521821 0.35263117638035185 0.319675848919433
0 0.689669603147476 0.26704412039471004 0.9483768951502265 0.276251272813796 0.9449276891494646 0.33076740013117795 0.6862203971467141 0.3215602477120919
0 0.039323588090719126 0.3067629992433154 0.31366278830353844 0.3165264767678017 0.3096943469503293 0.3792493335688502 0.03535514673751002 0.3694858560443639
0 0.36666548756693795 0.33310065759736085 0.6488205823471398 0.3431422955556575 0.6455197287660891 0.39531365152594206 0.3633646339858873 0.38527201356764534
0 0.6799703315912804 0.33367562656153443 0.94102245447878 0.34296622933559784 0.9376474265713313 0.39630994121060503 0.6765953036838316 0.3870193384365417
0 0.0324938694188429 0.3899470174741645 0.32793607129319013 0.400461531242329 0.3254882469506658 0.4391504073135649 0.030046045076318563 0.4286358935454004
0 0.36001576836754556 0.3886779071563786 0.6218494420123098 0.39799632459654466 0.6183631469648913 0.45309865963511387 0.35652947332012697 0.4437802421949478
0 0.6916338003315978 0.3969547786991573 0.9573754659132921 0.40641227794539586 0.9542229647519527 0.45623886256858304 0.6884812991702584 0.4467813633223445
0 0.026588624931013747 0.44613831971902074 0.3384442857726943 0.4572369732586883 0.33473546397916637 0.5158564355490775 0.022879803137485784 0.5047577820094099
0 0.3537423405590319 0.4630690466605808 0.6202656164356429 0.4725543626918119 0.6170389409479055 0.5235533032197217 0.35051566507129445 0.5140679871884908
0 0.6917244001218952 0.4698098697351966 0.9527765230093947 0.47910047250925997 0.9494756713118017 0.5312717987107185 0.688423548424302 0.5219811959366552
0 0.02504189216791853 0.5201100905554487 0.3111049491162245 0.530290809260373 0.30791535890822846 0.5807036016047475 0.021852301959922535 0.5705228828998231
0 0.3428137632578441 0.5243691433109919 0.621842506164858 0.5342995173076533 0.6182078624646433 0.591746564155668 0.3391791195576293 0.5818161901590064
0 0.6728314855854067 0.5331765890049729 0.9565498307242671 0.5432738615926995 0.9533602405162711 0.593686653937074 0.6696418953774108 0.5835893813493475
0 0.012290474717216648 0.5854579481465341 0.26318187215258465 0.5943869401318096 0.2596955771051661 0.6494892751703787 0.008804179669798058 0.6405602831851032
0 0.34297854396664107 0.5960517742514176 0.6524894334612243 0.6070669795549976 0.649336932299885 0.6568935641781848 0.3398260428053017 0.6458783588746048
0 0.6879207385357542 0.6042153723610838 0.9536624041174485 0.6136728716073224 0.9502873762099998 0.6670165834823295 0.6845457106283054 0.657559084236091
0 0.002368734069105933 0.6556066134528942 0.2978109359434532 0.6661211272210587 0.294992228668193 0.7106719614288639 -0.00044997320615423203 0.7001574476606993
0 0.34723673942740796 0.6649425669375607 0.6489316748169568 0.6756796096884404 0.6454453797695383 0.7307819447270095 0.34375044437998936 0.7200449019761298
0 0.6813108805336772 0.6715443257391291 0.9493972579248168 0.6810852711025656 0.9461705786701644 0.7320842711681275 0.6780842012790245 0.7225433258046909
