0 -0.07734571826744183 0.15554655520602817 0.21672205786512957 0.1125668921860809 0.22954586961809628 0.16192108939367528 -0.0645219065144751 0.2049007524136226
0 0.25284003012871803 0.10296139700314835 0.5330545569267034 0.06200646445847556 0.5462073998873114 0.11262698336684032 0.26599287308932595 0.15358191591151313
0 0.5945802880239197 0.04672735728041994 0.8795145762858897 0.005082604994446624 0.8937767005731413 0.05997234513036119 0.6088424123111712 0.10161709741633451
0 -0.06695830033420623 0.2137122299121694 0.2328452783331412 0.169894247021423 0.24694951001422874 0.22417631582120534 -0.052854068653118653 0.26799429871195174
0 0.2729038294371954 0.1626113262461253 0.5872047293080953 0.1166744781460888 0.6018404358869239 0.17300200093562806 0.28753953601602394 0.2189388490356646
0 0.6124412328537807 0.10152767538253375 0.8873667530896758 0.06134576095884832 0.9016168854853159 0.11618934865624611 0.6266913652494207 0.15637126307993154
0 -0.0658983505893165 0.2802842669875302 0.2555922377293114 0.23329660539556435 0.26946861681923306 0.2867017522679753 -0.05202197149939477 0.33368941385994105
0 0.28552543365596816 0.225891046481454 0.5798486972852948 0.1828740425237788 0.5924387042049037 0.23132840978409164 0.2981154405755773 0.2743454137417668
0 0.6305032912574382 0.17056071169974285 0.9075907435316523 0.13006281872274222 0.9209553723048616 0.18149842435900468 0.6438679200306474 0.22199631733600525
0 -0.052153513038332766 0.33547850058527656 0.25110999934966877 0.2911548288790443 0.2673641125047862 0.3537110112018729 -0.035899399883215374 0.3980346829081053
0 0.29573250272744667 0.2815041473554937 0.5951104639139392 0.2377483708586036 0.6124396156641635 0.3044419865632348 0.3130616544776709 0.34819776306012484
0 0.6470129922545996 0.22356103148864936 0.9165258867205633 0.18417020282996752 0.9317338617203555 0.2427001790746888 0.6622209672543921 0.2820910077333706
0 -0.02778554148050623 0.3966549711756446 0.2709014567839743 0.35300018280447815 0.28889616516917904 0.42225528444234234 -0.009790833095301465 0.4659100728135088
0 0.3299555608816877 0.3554660243362464 0.6303989698692234 0.3115545266377462 0.645435829069424 0.36942594027401093 0.34499242008188835 0.41333743797251116
0 0.6581859788434267 0.2923721773679431 0.9307916059140875 0.2525293284066329 0.9458927436294884 0.31064812671888326 0.6732871165588276 0.3504909756801935
0 -0.009120769698379216 0.4833566573569172 0.31230212935215934 0.43637888893301896 0.3240818826717737 0.48171488415757124 0.0026589836212350328 0.5286926525814695
0 0.34028263224163474 0.41377180836618416 0.6199710899828714 0.37289376377938843 0.6359005774446402 0.43420057962703706 0.3562121197034036 0.4750786242138328
0 0.6905337759423961 0.35369842151822084 0.9611160379855153 0.31415129876055586 0.9754696044841372 0.36939296678031786 0.704887342441018 0.4089400895379828
0 0.0016241324934496268 0.542449140365736 0.3413121059012558 0.49280182837186937 0.35881875892908804 0.5601785820723181 0.01913078552128179 0.6098258940661848
0 0.3570171430922835 0.49113910975903347 0.6422979512634088 0.44944371163514796 0.6573609623261109 0.5074157742987153 0.3720801541549857 0.5491111724226007
0 0.7140169931246054 0.4274612338522297 0.9804399339316228 0.3885220193375909 0.9956172479960579 0.4469339927700944 0.7291943071890404 0.48587320728473316
0 0.022272262966943995 0.6201556909105164 0.3353832475192037 0.5743927556413585 0.3507577551396041 0.6335636555020308 0.0376467705873444 0.6793265907711884
0 0.3644809134979306 0.5562599883710017 0.6638804334530409 0.5125010609385602 0.6809610028479519 0.5782379733772052 0.3815614828928416 0.6219969008096465
0 0.7146865176615576 0.49536839511224706 0.9974633494504709 0.4540389672504989 1.0124724331039074 0.5118034828880283 0.7296956013149939 0.5531329107497764
0 0.04003300317887557 0.6902709436521854 0.30461593087381506 0.6516006574252683 0.3213137117158817 0.7158643556519596 0.05673078402094227 0.7545346418788768
0 0.3872757525727691 0.6295307018798073 0.7194669494013 0.5809790860392241 0.7348569452024205 0.6402095942862612 0.4026657483738896 0.6887612101268445
0 0.7534496442924979 0.5650126406115463 1.016315329773445 0.5265933390135867 1.0322360223579643 0.5878663065706832 0.769370336877017 0.6262856081686429
0 0.05913683090232903 0.7637946430830592 0.36436137217686204 0.7191843559515533 0.3786190519965998 0.7740569909450673 0.07339451072206678 0.818667278076573
0 0.41355637984816906 0.7001423658414342 0.7381437375558487 0.652702093948053 0.7551732117256876 0.7182423594097187 0.4305858540180081 0.7656826313031001
0 0.7684420289490376 0.6353449541684377 1.0344698329222828 0.5964634911292773 1.049973694688997 0.6561322281517699 0.7839458907157522 0.6950136911909301
