0 0.009281931542653877 0.07612874987219444 0.30118898884711937 0.0731337355298528 0.302149482003386 0.12579150876627448 0.010242424698920456 0.1287865231086161
0 0.339013590879904 0.07573721397086772 0.61518175607967 0.0729036832460221 0.6161593025067867 0.12649637961386787 0.3399911373070208 0.1293299103387135
0 0.6770453472424041 0.07368548152361667 0.9562371519641613 0.07082092776076004 0.9572894451080168 0.1285115145034755 0.6780976403862595 0.1313760682663321
0 0.007370532800228886 0.13502002922344658 0.3048945936765187 0.1319673835020833 0.3059244913146655 0.1884301661178988 0.008400430438375649 0.19148281183926208
0 0.3461285057210964 0.13748720258051544 0.6557684909512663 0.13431024548571133 0.6568311463063279 0.19256892682062815 0.34719116107615805 0.19574588391543224
0 0.6828764029594697 0.12976109733743704 0.9522738160275691 0.1269970356412954 0.9533043410608434 0.183494214369289 0.6839069279927439 0.18625827606543063
0 -0.005493306809822645 0.20092446907709857 0.3137121500534272 0.19764936867258182 0.31470192226046945 0.25191232733512187 -0.004503534602780342 0.2551874277396386
0 0.34505536204627735 0.20126837177861442 0.6351115404913181 0.19829234775730545 0.6360059438829111 0.24732683662285815 0.3459497654378704 0.2503028606441671
0 0.6859717695268341 0.19980697001750555 0.9574113744629642 0.19702195509744722 0.9583559175555156 0.24880528708174254 0.6869163126193853 0.2515903020018009
0 -0.004476345960392915 0.2571551448645106 0.2974548574052615 0.2540572811375045 0.2985905604008271 0.31632070322879013 -0.003340642964827331 0.31941856695579623
0 0.34380410021445196 0.2573776347175631 0.6386939716792593 0.25435201621212494 0.6398999423855436 0.32046777306781876 0.34501007092073616 0.32349339157325685
0 0.6909573794047219 0.25389511882079246 0.9550721098735122 0.2511852583155952 0.9561271298828696 0.3090253418707597 0.6920123994140792 0.3117352023759569
0 0.007654917887615547 0.32116906564242426 0.3037738115352772 0.3181308371675709 0.3050095065295333 0.3858761889927124 0.008890612881871667 0.3889144174675658
0 0.36124739991848137 0.3350931401314654 0.6571768281286485 0.3320568556031131 0.6581927388777402 0.38775282543390993 0.362263310667573 0.3907891099622623
0 0.6875822960585386 0.3226934806719175 0.9547128585713991 0.31995267723471477 0.9557368003042529 0.3760889351811112 0.6886062377913925 0.3788297386183138
0 0.007111840983313904 0.40976933349683387 0.32638795254179803 0.40649350816354174 0.3271473636572945 0.4481272231485275 0.007871252098810393 0.4514030484818196
0 0.35923358360078966 0.39351750957037074 0.6347214850372456 0.3906909584634436 0.6357833630447164 0.44890702273972605 0.3602954616082606 0.45173357384665325
0 0.7058275868912288 0.3874231185548783 0.9778026298551824 0.38463260995272963 0.9787507734375098 0.43661333405057695 0.7067757304735561 0.4394038426527257
0 0.00505216802513513 0.46997471027166454 0.34275473206528606 0.46650982651008127 0.34390260995070243 0.5294407209146857 0.00620004591055148 0.532905604676269
0 0.3593133207410366 0.4719267107178245 0.6403391079864121 0.4690433399931152 0.6413237705989377 0.5230261718607531 0.3602979833535622 0.5259095425854625
0 0.713176020482194 0.4627990143950818 0.9809941178446727 0.4600511567374211 0.9819855647360449 0.5144059277643714 0.714167467373566 0.5171537854220322
0 0.009411861801212477 0.5482892644738623 0.32014283777251346 0.5451011136349013 0.3211523921542285 0.6004486039895672 0.010421416182927534 0.6036367548285282
0 0.3532392574957662 0.5363552551352457 0.648132913501398 0.5333295977997973 0.6492618490002914 0.5952220007923843 0.35436819299465955 0.5982476581278328
0 0.7000039278727509 0.5287961254490546 0.9916212443076411 0.5258040838956135 0.9925982370588976 0.5793664257130868 0.7009809206240075 0.582358467266528
0 0.0021163902882859764 0.6185932333355104 0.27448767765651205 0.6157986592007061 0.275607410476931 0.6771865374571056 0.003236123108704884 0.6799811115919099
0 0.35990289846827395 0.6111826451849635 0.6870741879767607 0.6078258140294279 0.6880802420181926 0.6629814028346906 0.3609089525097059 0.6663382339902262
0 0.7226860470917229 0.6013410276757922 0.9963416347784674 0.5985332764088235 0.9973932296615774 0.656185581925109 0.7237376419748328 0.6589933331920779
0 0.003484906475261842 0.6936203322523368 0.3181111583395381 0.6903922152430659 0.31905036089583155 0.7418827593554294 0.004424109031555282 0.7451108763647001
0 0.370714703865798 0.6833233344564351 0.6903097002381591 0.6800442373125881 0.6914402220262055 0.7420236065203605 0.37184522565384454 0.7453027036642075
0 0.7226084884320945 0.6714044780214492 0.9992343744748795 0.6685662510055913 1.0002609043994801 0.7248444031583121 0.7236350183566951 0.7276826301741699
