0 0.19834178980894385 0.010052550917309198 0.46106257133194106 0.06593678190985212 0.44419588709083807 0.1105390957931721 0.18147510556784086 0.05465486480062916
0 0.49654452117760334 0.0710442609156124 0.7517375221834562 0.12532723211118554 0.7342303304998108 0.17162330592909078 0.479037329493958 0.11734033473351765
0 0.8119490278865914 0.1338650262180173 1.0769281177604086 0.1902296296607258 1.057712908037037 0.24104239185894685 0.7927338181632196 0.1846777884162383
0 0.1755872308887773 0.0637724472678617 0.44282471512782534 0.12061744145715363 0.4244635144243168 0.16917185946521676 0.15722603018526873 0.11232686527592485
0 0.4800367579162567 0.12975293944717745 0.7660937937983112 0.19060110447471465 0.74687858678552 0.24141385950506808 0.4608215509034653 0.1805656944775309
0 0.7956436837109033 0.18773676303941184 1.050836627373816 0.24201972203737313 1.031834927359506 0.2922678784764189 0.7766419836965935 0.23798491947845762
0 0.14069796889338657 0.12162114855762958 0.4267549761039709 0.18246930748636087 0.40903428555358523 0.22932995839197115 0.12297727834300086 0.16848179946323988
0 0.45536067395788243 0.1885541227693534 0.7225981581969304 0.24539911695864533 0.7063719841089502 0.28830766373951244 0.4391344998699022 0.2314626695502205
0 0.7714166586257744 0.2539534540286795 1.028115198532174 0.30855667352436306 1.0106080041379482 0.3548527545101359 0.7539094642315486 0.30024953501445234
0 0.11374144569349921 0.171397236283515 0.39151784559372543 0.23048399906760939 0.37080812211852854 0.28524885822270596 0.0930317222183023 0.2261620954386116
0 0.43346012676815937 0.2400156677618805 0.7044614869300444 0.29766128880025433 0.6820437508362821 0.3569428219999316 0.411042390674397 0.2992972009615577
0 0.7552126440999575 0.3054067300544776 1.0043833174748018 0.3584086714567735 0.9845276003088876 0.41091519358957973 0.7353569269340432 0.3579132521872838
0 0.1098174662756412 0.23339264156143125 0.37404381537065534 0.28959712695289047 0.35119906527992995 0.35000785733518314 0.08697271618491584 0.29380337194372386
0 0.42064816887991935 0.31476051651918824 0.6924022984920778 0.37256626170761725 0.6734005876354463 0.42281444681813324 0.40164645802328786 0.36500870162970417
0 0.7256038480375617 0.36864866501709725 0.9770329157776371 0.42213099716597663 0.9576042126086859 0.47350832211616756 0.7061751448686105 0.4200259899672881
0 0.07799457714319258 0.31324360949705315 0.36254601678175996 0.37377151402686803 0.34845485846698676 0.4110342182520094 0.06390341882841928 0.35050631372219443
0 0.3973543564225352 0.3677557075135159 0.6495361649414138 0.4213981577136445 0.629466940777018 0.47446927843775843 0.37728513225813953 0.42082682823762985
0 0.7178147845093276 0.432261910717083 0.9737605262939836 0.48670499996390537 0.9556128217466348 0.5346948480521311 0.6996670799619789 0.4802517588053087
0 0.05524000195954353 0.3669635488548109 0.35559985809708355 0.4308541154250385 0.3342496353110855 0.4873127130111177 0.03388977917354545 0.4234221464408902
0 0.36873395685726573 0.43913791985247824 0.6254324967636653 0.4937411393481618 0.6068577999039969 0.5428601272760624 0.3501592599975973 0.4882569077803789
0 0.6958571599640879 0.503231387884993 0.9472862277041634 0.5567137200338723 0.9282845276898536 0.606961876472918 0.6768554599497781 0.5534795443240388
0 0.03134986246491998 0.4387418745550801 0.3068678966713857 0.49734825269139704 0.28850668512555544 0.5459026993709304 0.012988650919089722 0.4872963212346135
0 0.3395412096966325 0.49697831740524095 0.6082842328362271 0.5541435598946433 0.5873610240471921 0.609472960298107 0.31861800090759745 0.5523077178087048
0 0.6582825345414561 0.5617288587023935 0.931542289068572 0.6198548704873508 0.9131810775227418 0.668409317166884 0.6399213229956259 0.6102833053819269
0 -0.0008430082439277461 0.5002141444063339 0.24079988461377255 0.5516148260116601 0.22073066044937686 0.604685946735774 -0.020912232408323444 0.553285265130448
0 0.3180106154118384 0.5668185543833303 0.616112134527088 0.6302287424045863 0.5979644299797393 0.6782185904928119 0.29986291086448963 0.6148084024715559
0 0.6514818101674077 0.6334823695811099 0.9074275519520637 0.6879254588279323 0.8879988487831125 0.7393027837781233 0.6320531069984565 0.6848596945313008
0 -0.03173275642730701 0.566843597100001 0.2528186832112604 0.6273715016298158 0.23659249828095863 0.6702800770821531 -0.0479589413576088 0.6097521725523384
0 0.3013114316802075 0.6346365490880528 0.5918851129353725 0.6964454651147269 0.5718158887709768 0.749516585838841 0.2812422075158118 0.6877076698121667
0 0.624670767778767 0.6979294076566237 0.8828747892427729 0.7528528632548057 0.8643000706984612 0.8019719085256466 0.6060960492344551 0.7470484529274646
