0 -0.08314738905398483 0.14643416597902503 0.21183087708484222 0.10481668475113011 0.22799418843512578 0.16925840002989595 -0.0669840777037012 0.2108758812577909
0 0.24568517532653422 0.08413593295929349 0.5221550064056197 0.04512974394197108 0.5383502277506926 0.10969868159208129 0.2618803966716071 0.1487048706094037
0 0.5789063529598434 0.01838549462149503 0.8553686275792326 -0.020619628280605786 0.8725519990754655 0.04788897800012817 0.5960897244560762 0.08689410090222896
0 -0.07010958653825754 0.20933377223646185 0.23048998268831156 0.16692320045720982 0.24820043383660542 0.23753322742651775 -0.05239913538996363 0.2799437992057698
0 0.2679736956541732 0.1468578116533367 0.5776617821364535 0.10316497185742696 0.5958468832083914 0.17566738675230809 0.2861587967261111 0.2193602265482178
0 0.5987782320467161 0.07691211822549358 0.8655059121063399 0.03928041619149679 0.8827085820328027 0.10786596363355944 0.6159809019731789 0.14549766566755626
0 -0.06379939527451685 0.2806023742785207 0.25596162771487135 0.2354883780988486 0.27380427347755 0.30662545348768844 -0.045956749511838195 0.3517394496673604
0 0.28321661048384383 0.21554583018191006 0.5733572779867118 0.17461086930731257 0.5893657060276105 0.2384350783147141 0.2992250385247426 0.27937003918931164
0 0.6193326100221804 0.150186604969797 0.8879886810231991 0.11228283281058704 0.9044376488102902 0.1778634354354767 0.6357815778092716 0.21576720759468665
0 -0.04858158579343646 0.3412744559141367 0.2541434573873104 0.29856400823708973 0.27457125166252844 0.3800078456988799 -0.028153791518218358 0.42271829337592687
0 0.2960688123409791 0.2750214690318707 0.5910684884489462 0.23340096714418132 0.6122235385944733 0.3177443104506346 0.317223862486506 0.359364812338324
0 0.637856527952608 0.20670600150531823 0.8992483516539568 0.1698271173135713 0.917647860342682 0.24318435671162347 0.6562560366413331 0.28006324090337037
0 -0.022380003245327133 0.40764021387440474 0.27665892274507875 0.3654498279462482 0.2989158309794569 0.4541861835322124 -0.0001230950109489252 0.4963765694603689
0 0.3329228544635899 0.35391799871162277 0.62869519321983 0.31218848447641057 0.647626988169838 0.3876679028607496 0.3518546494135979 0.4293974170959618
0 0.651729612865795 0.2797975542342067 0.9160752508048003 0.24250192642878457 0.9345387759935759 0.3161143940396684 0.6701931380545704 0.3534100218450905
0 -0.0009152717257949898 0.5006714977275972 0.3213518891971351 0.4552039190627851 0.33749656327391525 0.519571329154535 0.015229402350985216 0.5650389078193472
0 0.34595274621963795 0.41738792229494004 0.6213978569289452 0.3785263075925707 0.6411744669248857 0.4573739300208319 0.3657293562155784 0.4962355447232011
0 0.6857251120876148 0.34429758939872607 0.95463072199024 0.3063586106438263 0.9724961390925095 0.3775864733812876 0.7035905291898843 0.4155254521361874
0 0.012131852229115316 0.5638554546341404 0.3528498082401481 0.5157847159864926 0.37543135911964387 0.6058153935372221 0.03471340310861111 0.6538861321848699
0 0.36571777593868293 0.5001261693351434 0.6466001108628919 0.46049743514408265 0.6657035788300467 0.5366612989030279 0.38482124390583766 0.5762900330940888
0 0.7118250237533219 0.42259974709285897 0.9765427733994767 0.3852516193111176 0.9953678521441769 0.4603055694749268 0.7306501024980221 0.49765369725666814
0 0.03702168447027106 0.6490403829571895 0.3505668750099791 0.6048033574563285 0.37076305139150795 0.6853237545391566 0.05721786085179997 0.7295607800400177
0 0.3759223411783873 0.569447080941117 0.6706305371045718 0.5278677030018202 0.6921637799169756 0.6137188675480697 0.39745558399079123 0.6552982454873664
0 0.7152373535594099 0.49391876781973265 0.9972644042618343 0.45412852956928895 1.0163494149370391 0.5302188057120035 0.7343223642346146 0.5700090439624471
0 0.04860605631922932 0.728753124480965 0.32351424834963355 0.6899672618105425 0.34480879338173454 0.774866759086231 0.06990060135133028 0.8136526217566533
0 0.40105450323562203 0.646104887189558 0.7276580469232442 0.6000255030155848 0.7480069762202614 0.6811549126747696 0.4214034325326391 0.7272342968487429
0 0.7560577559062746 0.5679755170446401 1.0165997122005905 0.5312165377574862 1.0365521311163117 0.61076509504411 0.7760101748219959 0.6475240743312639
0 0.06808488132552264 0.8064135040787651 0.3857808820383053 0.7615908548751151 0.4053281771698208 0.8395242189016037 0.08763217645703811 0.8843468681052536
0 0.4302493187687151 0.7216689059266441 0.7491936583388075 0.676670132835495 0.7713352920613618 0.7649468989778812 0.4523909524912693 0.8099456720690302
0 0.7736381536997589 0.6424031100644375 1.035230516469101 0.6054959324970229 1.0549415195157543 0.6840819857298 0.7933491567464126 0.7209891632972146
