0 0.03837115995801614 0.08603710506279598 0.31143297591700364 0.08858464997354329 0.3106640893306366 0.13494256941314425 0.0376022733716491 0.13239502450239693
0 0.34746284750277057 0.0865731900873889 0.6127005796331548 0.08904773978689139 0.6119024948016555 0.1371660877729336 0.34666476267127133 0.1346915380734311
0 0.6737968784503284 0.08550944870659814 0.9492058927378817 0.08807889193050013 0.9483299460017398 0.14089171107371615 0.6729209317141864 0.13832226784981416
0 0.03508958872659198 0.14234887525771472 0.31284589074276176 0.14494021762883397 0.3120088749589412 0.1954058011934631 0.03425257294277141 0.19281445882234385
0 0.3519469934714846 0.1464788091394537 0.6492636093592218 0.149252640511758 0.6483876627466447 0.2020654522049698 0.3510710468589075 0.1992916208326655
0 0.676794027714376 0.14070600462001517 0.9420317002447263 0.14318055376347594 0.941165486586468 0.19540654352453365 0.6759278140561178 0.19293199438107286
0 0.021529585664608344 0.2050206582477907 0.31884617175232866 0.20779448934207412 0.3180383543372051 0.2564996369102578 0.0207217682494848 0.25372580581597437
0 0.348577827381099 0.20807187242370037 0.6263341293972688 0.21066321479481961 0.6255944411795987 0.25526069823797515 0.347838139163429 0.2526693558668559
0 0.676437666909142 0.20936995004088282 0.9432401979252366 0.21185909861582178 0.9424421129701726 0.2599774540518682 0.675639581954078 0.25748830547692925
0 0.01281979246909227 0.258347296383891 0.3015298356853202 0.2610408322731696 0.30058575987528957 0.31796130809140954 0.011875716659061671 0.3152677722021309
0 0.345335187225561 0.262036399590028 0.627003516256024 0.26466423942775924 0.6259815787884804 0.32627917150316454 0.3443132497580174 0.32365133166543336
0 0.6786914372680535 0.262211960597051 0.9376697950554944 0.26462811312668255 0.9367646500742204 0.31920136081633976 0.6777862922867794 0.31678520828670825
0 0.03059520504462221 0.31896380368045096 0.30522184968933713 0.32152594774465554 0.30418044631315594 0.3843145236843691 0.029553801668441057 0.38175237962016445
0 0.3589649421257148 0.3366998373744746 0.641415670599033 0.339334976649924 0.6405494564465155 0.3915609962109986 0.3580987279731972 0.3889258569355492
0 0.6721049595943476 0.32905710320766085 0.9334306051104047 0.33149515488450965 0.9325449260377682 0.38489475870985873 0.6712192805217111 0.3824567070330099
0 0.027648327489705315 0.40227607129183107 0.3234000848916982 0.40503530323265713 0.32275772374591943 0.44376471635435594 0.027005966343926543 0.4410054844135298
0 0.35491071905863286 0.3924175012385399 0.6170187342175285 0.3948628520750861 0.6161038562819356 0.45002292169689745 0.35399584112304 0.44757757086035127
0 0.6867118435696999 0.39199164088193056 0.9527319453429224 0.3944734897411305 0.9519046620191614 0.44435228117362235 0.6858845602459388 0.44187043231442247
0 0.02436675551689218 0.4585878861867751 0.33654916941899765 0.46150040882187165 0.33557589573452934 0.5201812908365402 0.023393481832423867 0.5172687682014436
0 0.3521098020644064 0.46692767798972246 0.6189123330805011 0.46941682656466144 0.6180655848366211 0.5204692022614278 0.3512630538205263 0.5179800536864889
0 0.6901994394399504 0.4647997931505054 0.9515250849560076 0.4672378448273542 0.9506588712977492 0.5194638345884119 0.6893332257816922 0.5170257829115631
0 0.026270088322702147 0.5325549791441627 0.31263287361033054 0.5352266161642449 0.3117958573322507 0.5856922295288909 0.025433072044622265 0.5830205925088086
0 0.34404618021111466 0.5284769142916013 0.623367281112995 0.5310828555381569 0.6224134733371642 0.5885900936885173 0.3430923724352839 0.5859841524419616
0 0.6742727132821187 0.5286232764356679 0.958288330041198 0.5312730154206163 0.957451313763118 0.5817386287852624 0.6734356970040388 0.5790888898003138
0 0.016573478291953353 0.5981973099396083 0.2677277522507907 0.6005404672579949 0.26681287431519785 0.6557005368798063 0.01565860035636047 0.6533573795614196
0 0.3475532427313917 0.6001113779958426 0.6573884285049144 0.6030020020397636 0.6565611451811534 0.6528807934722554 0.3467259594076306 0.6499901694283343
0 0.6926650983369167 0.5992228476944687 0.9586852001101391 0.6017046965536685 0.9577995210375027 0.6551043003790176 0.6917794192642801 0.6526224515198177
0 0.009928663975146391 0.6685632952991338 0.30568042137713924 0.6713225272399599 0.30494073266520993 0.7159200404831323 0.009188975263217065 0.7131608085423062
0 0.35502103976054394 0.6688483491230239 0.6570320821054297 0.6716659773996585 0.6561172041698368 0.7268260470214699 0.354106161824951 0.7240084187448353
0 0.6891986647746736 0.6666839818562137 0.957565935076445 0.6691877287505474 0.9567191858440464 0.7202401640473475 0.6883519155422748 0.7177364171530138
