0 0.0029056441374212395 0.09715464117240896 0.31401564702335494 0.08901068167670566 0.3162698654008969 0.13744987284051735 0.005159862514963193 0.14559383233622067
0 0.3543811985779772 0.08596911826452086 0.6575436189832197 0.07803320347715577 0.6598869421909 0.12838710083966295 0.3567245217856575 0.13632301562702806
0 0.7270276716540153 0.07241642366425671 0.9800976477298946 0.06579178409747229 0.9826742073629078 0.12115752232935409 0.7296042312870284 0.1277821618961385
0 0.001769613585357271 0.1555323809768369 0.31871022834431195 0.14723579293660405 0.3211749424332868 0.20019816699469203 0.004234327674332121 0.20849475503492484
0 0.3627891163827537 0.14789451468018516 0.7031754553807733 0.13898418543337215 0.705762103170305 0.1945667004189897 0.36537576417228546 0.20347702966580272
0 0.7340350203732288 0.12961907261707878 0.9827649937464528 0.1231080417606984 0.9853239369625671 0.17809523415413023 0.7365939635893433 0.18460626501051058
0 -0.010646501293510942 0.22104595925581438 0.32900783175849635 0.21215479180617805 0.3314025216428451 0.2636124687737938 -0.008251811409162165 0.2725036362234301
0 0.3624857274914213 0.21204340697892335 0.6808295646182188 0.20371008663814996 0.6830276295298865 0.25094263850956205 0.364683792403089 0.25927595885033544
0 0.7380960761181306 0.2011417481162353 0.9860943711713912 0.19464987048072985 0.9884677178458844 0.24564891937905617 0.7404694227926236 0.25214079701456166
0 -0.010699136129027212 0.2766366528494102 0.3121671318413431 0.26818494835746676 0.31497183115080873 0.32845300728277693 -0.0078944368195616 0.3369047117747204
0 0.3616108631342067 0.26841512356445346 0.6850339762511223 0.2599488424781325 0.6880737679322785 0.32526862329823575 0.3646506548153629 0.33373490438455666
0 0.7441121144609937 0.25624766045116787 0.9886630090899907 0.24984602578168802 0.9913616956069241 0.3078360561120611 0.7468108009779272 0.31423769078154096
0 0.0048104319697847234 0.3393981706557155 0.31971461256074934 0.3311548905683801 0.3228178706076928 0.3978384520476552 0.007913690016728167 0.40608173213499055
0 0.3815440891372998 0.34596990712914066 0.7063722414574208 0.33746684618278744 0.70897050381193 0.393298937757273 0.3841423514918091 0.4018019987036262
0 0.7408999472066039 0.3265013476475142 0.9919245538586116 0.31993024993276686 0.9945804820535057 0.37700147906989834 0.743555875401498 0.3835725767846457
0 0.005902535082619913 0.4266705578188861 0.34516175111954 0.41778973338920117 0.3471099812566386 0.4596537750376056 0.007850765219718447 0.46853459946729054
0 0.3800196718647939 0.4045493897891482 0.6818682224610103 0.39664786831092796 0.684618836146254 0.45575372222673344 0.38277028555003767 0.4636552437049536
0 0.7618702414280414 0.39208638147951425 0.9949984985351299 0.38598375840223526 0.9974959863982815 0.439650383267753 0.764367729291193 0.445753006345032
0 0.0044437816256182395 0.48591548190895073 0.36341229573375394 0.47651872509621235 0.36635546697227106 0.5397623024136056 0.0073869528641353575 0.549159059226344
0 0.3810791796149385 0.48302626637646334 0.6888203229758085 0.4749704938733489 0.6913860222386252 0.5301028618367181 0.3836448788777553 0.5381586343398325
0 0.7707005777727403 0.4687018053828851 0.9985703474409108 0.4627368342882294 1.00119815333585 0.5192037646240374 0.7733283836676796 0.5251687357186929
0 0.01033683257906376 0.5637343307762794 0.34006880224797337 0.5551029020838159 0.3426187753454564 0.6098973423927637 0.012886805676546752 0.6185287710852273
0 0.37522258658820634 0.5482637208468499 0.6979233140512756 0.5398163497262988 0.7008241022459284 0.6021491899188836 0.378123374782859 0.6105965610394348
0 0.7565070481908709 0.5367549304455759 1.0017162180127632 0.5303360640366527 1.0042758655251758 0.5853383905197341 0.7590666957032833 0.5917572569286573
0 0.005900304723318334 0.6333294633906498 0.2920262301492274 0.6258395147367211 0.29481328878558727 0.6857285066003215 0.008687363359678214 0.6932184552542501
0 0.3834322251426828 0.6239679501262052 0.7419263963002473 0.6145836102391222 0.7444740274609382 0.66932772644234 0.3859798563033736 0.6787120663294227
0 0.7824856439171107 0.6109977962422886 1.0051986391424828 0.6051678145783843 1.0079152456254206 0.6635429134840009 0.7852022504000484 0.6693728951479051
0 0.009372052152709868 0.7079312140817885 0.3396717381961541 0.699284924217661 0.34196307307523066 0.7485216837675165 0.011663387031786421 0.757167973631644
0 0.39593423678913797 0.6967181354960174 0.7460272123090855 0.6875537145969244 0.7488512694578585 0.7482377394677124 0.39875829393791096 0.7574021603668052
0 0.7829724818756191 0.6829164065250753 1.008542063514266 0.6770116476960852 1.0111573402119627 0.7332093476031087 0.785587758573316 0.739114106432099
