0 0.1642409874306842 0.0713061154786226 0.4239296319672826 0.10887521132256447 0.41073969668319144 0.1601598627204747 0.15105105214659303 0.12259076687653286
0 0.45741154697497505 0.11192600188858234 0.6963558739759602 0.14649402213638746 0.6844997500679298 0.19259259415039437 0.44555542306694473 0.15802457390258925
0 0.7536280308316574 0.14999819683890708 1.044817446595517 0.19212450193436198 1.0331095218608979 0.23764685103429392 0.7419201060970384 0.19552054593883902
0 0.13594225670980273 0.13176078005334863 0.3848745646063196 0.16777375917573714 0.37094362028442057 0.22193957635408232 0.12201131238790372 0.18592659723169377
0 0.4341399905301087 0.1683265565038274 0.7030483772692555 0.20722947030920566 0.6874872100537218 0.2677338639096643 0.41857882331457513 0.22883095010428606
0 0.7464363855312461 0.20274830507235186 1.0268694646550243 0.2433184934462534 1.0145687357006163 0.2911457634653767 0.7341356565768383 0.25057557509147516
0 0.11169957891266383 0.18264178982074697 0.4113403226087389 0.22599074656375684 0.3962237623211187 0.2847664348433762 0.09658301862504363 0.24141747810036635
0 0.4130251364957368 0.2256368025793581 0.7088243648350874 0.26843000818861973 0.6963754310626604 0.3168335230689866 0.40057620272330996 0.27404031745972496
0 0.732680959708145 0.25933021141484836 1.0123457123502646 0.29978924617523567 1.0000449833958567 0.34761651619435896 0.7203802307537369 0.30715748143397165
0 0.09926627224893232 0.24957539469990203 0.38891897652369245 0.29147938410141705 0.3754326391297068 0.343916495958923 0.08577993485494673 0.3020125065574079
0 0.4147450895323436 0.2964109827513819 0.6798119316518744 0.33475814118955616 0.6679558020992363 0.38085673515073176 0.4028889599797056 0.3425095767125575
0 0.7070108949600192 0.3219582061624606 0.981297362230532 0.3616391656282484 0.9685520338743542 0.4111951117053193 0.6942655666038414 0.3715141522395316
0 0.06260972123729872 0.30224653014246555 0.3783849991563877 0.34792966620126115 0.365195056346153 0.399214346862063 0.04941977842706403 0.3535312108032674
0 0.38068992007557895 0.3482631185748924 0.6618912086294488 0.38894444362848524 0.6482566664174442 0.44195780034723475 0.3670553778635744 0.4012764752936419
0 0.6811925819203786 0.38516237877862186 0.9900530385561104 0.42984514924961237 0.9779005144197216 0.4770961744074921 0.6690400577839897 0.4324134039365016
0 0.08035497508971197 0.36338564766755366 0.3469584116467758 0.40195510486584496 0.3331756646167523 0.4555447064458381 0.06657222805968845 0.4169752492475468
0 0.3702105190701917 0.41069803099572333 0.6337407082264062 0.44882288220686917 0.6198097563783637 0.502988728648106 0.3562795672221492 0.4648638774369601
0 0.6749603171573719 0.458969821719599 0.9815159113996954 0.5033191482838697 0.9692151824452876 0.5511464183029929 0.662659588202964 0.5067970917387222
0 0.023238814554132715 0.4274410322906696 0.3167330927114005 0.4699007812928443 0.30235753393544457 0.5257953330549203 0.008863255778176841 0.48333558405274557
0 0.34247730815121213 0.46585544485931885 0.6259835176242732 0.5068702222865429 0.6092367344430184 0.5719844869882758 0.3257305249699573 0.5309697095610517
0 0.6655183348258303 0.5173710786375078 0.9659274342664552 0.5608311932274875 0.9533302956760095 0.6098109529690982 0.6529211962353845 0.5663508383791183
0 0.022154608198164734 0.49362587263306834 0.3217953518942398 0.5369748293760782 0.3087536289543111 0.5876832066498533 0.009112885258236053 0.5443342499068433
0 0.3506674316489253 0.5393586895898035 0.6211123835627136 0.578483897921843 0.6064404377291504 0.6355308516177316 0.335995485815362 0.596405643285692
0 0.6478277614268313 0.5799581236599323 0.9582248710258796 0.6248632013579513 0.9405888890410851 0.6934348181755794 0.6301917794420367 0.6485297404775605
0 0.0051114304331590435 0.5598925685315053 0.3170451344697403 0.6050199449896412 0.30489261033335147 0.6522709701475209 -0.00704109370322989 0.6071435936893849
0 0.3187299487775795 0.6046659403627314 0.6083827115781227 0.6465699382311578 0.5968229766092357 0.6915161009956294 0.30717021380869236 0.649612103127203
0 0.628561498022619 0.6548683084327626 0.9189825873048204 0.6968834599147031 0.9051998402747968 0.7504730614946964 0.6147787509925955 0.7084579100127556
0 -0.027149720992291838 0.6233599980998826 0.2625029832824683 0.6652639875013978 0.24872023625244472 0.7188535890813909 -0.04093246802231538 0.6769495996798759
0 0.28741263104336906 0.6706606566031118 0.603956176918333 0.7164549378085101 0.5923964419494459 0.7614011005729817 0.27585289607448193 0.7156068193675833
0 0.6190532632046095 0.7228227683937624 0.9056327200785201 0.764282151808132 0.8921463826845345 0.8167192636656379 0.6055669258106239 0.7752598802512682
