0 -0.08463606297611503 0.23843590574597934 0.20065157090520325 0.16751524417968283 0.22853443333289064 0.23060662778477603 -0.05675320054842764 0.3015272893510725
0 0.23653505240656184 0.16401127734991924 0.5054155550865954 0.0971693225378181 0.5308285775026809 0.15467212555799822 0.2619480748226474 0.22151408037009937
0 0.5663839641378845 0.08400568439908832 0.8155318127324633 0.022069139832639504 0.8415744964049597 0.0809966961389112 0.592426647810381 0.14293324070535998
0 -0.07074606684436376 0.31069151892695196 0.20187161792064998 0.2429205248072068 0.2311918044208583 0.3092641844172989 -0.04142588034415541 0.3770351785370441
0 0.2512106381256757 0.2313555390984586 0.5537350017323962 0.15614993794773724 0.5867919301460163 0.23094883482422263 0.28426756653929586 0.30615443597494396
0 0.5952249537961463 0.1418968860210809 0.8414388536309102 0.0806897021500706 0.8687081449854904 0.1423927402062522 0.6224942451507265 0.20359992407726246
0 -0.059631866688005436 0.3713743767185766 0.2678701848429697 0.2899594838159332 0.3002393923177683 0.3632022540330064 -0.02726265921320682 0.4446171469356498
0 0.2701831225394664 0.2980502210700032 0.6012608551674183 0.2157464369613245 0.6288888313386141 0.2782610818393343 0.297811098710662 0.3605648659480129
0 0.6199692002180499 0.20613921495330195 0.8694693014492757 0.1441151026584886 0.8969292714776731 0.20624959503132473 0.6474291702464473 0.2682737073261381
0 -0.025457778373308575 0.4432367344551041 0.290083496973269 0.3647952131925254 0.3194608117505608 0.43126813865735236 0.003919536403983201 0.5097096599199311
0 0.32071641909751897 0.36938614489790644 0.6168516350173384 0.2957688445600703 0.6431635760929527 0.35530565761509464 0.34702836017313315 0.4289229579529308
0 0.6363070926227619 0.28109149066443395 0.9009322748229528 0.21530738101548 0.9293807003176197 0.2796784810235866 0.6647555181174287 0.34546259067254054
0 -0.022729471050555457 0.5090985450875775 0.317506207775739 0.42451815475472165 0.34689474004873344 0.4910164623813083 0.006659061222438965 0.5755968527141642
0 0.3215695861994372 0.4351749970491002 0.6349321682385933 0.35727508485877685 0.6650220987313219 0.42536046713582076 0.35165951669216566 0.5032603793261441
0 0.6530844846047249 0.3561949615901194 0.9324990158198389 0.28673431538049016 0.9605732820422694 0.3502587940549624 0.6811587508271555 0.4197194402645916
0 0.03392533938827862 0.5639642547795882 0.3232794657419212 0.49203268947215173 0.35320607212265726 0.559748513414631 0.06385194576901469 0.6316800787220676
0 0.35362343864962154 0.5022054138665629 0.6467458365234897 0.42933708061885534 0.6772923212791797 0.4984555218300654 0.3841699234053116 0.5713238550777731
0 0.6969505626996505 0.43415981202543497 0.9678866173662474 0.3668068602774076 0.9965058525962579 0.43156445656307535 0.725569797929661 0.4989174083111026
0 0.03723829675236132 0.6447894000780627 0.3384750655141068 0.5699038866822594 0.3701271909036279 0.641524093898998 0.06889042214188237 0.7164096072948013
0 0.36273628720688167 0.5682785194103555 0.6776279376299158 0.48999849070432705 0.7139626689212861 0.5722141698167946 0.39907101849825194 0.6504941985228231
0 0.7268202098951544 0.4973412699188926 0.9960020170108551 0.4304244127718404 1.0252998935405075 0.4967175909468139 0.7561180864248068 0.5636344480938661
0 0.06773944582257722 0.7138052588829411 0.3886247659482266 0.6340352426343886 0.4181527621041261 0.7008491193442516 0.0972674419784768 0.7806191355928043
0 0.4212723896833941 0.6386770092464774 0.7210263140259487 0.5641601213875689 0.7534582038290605 0.6375447247765815 0.453704279486506 0.7120616126354901
0 0.7495972317329597 0.5679728422696934 1.0263819192190935 0.49916595821069715 1.065637456353064 0.5879906317307293 0.78885276886693 0.6567975157897256
0 0.09892187256959441 0.7843626649862769 0.42929572227873375 0.7022338616210264 0.4576620215775015 0.7664191322386626 0.12728817186836214 0.8485479356039133
0 0.4341330373915887 0.7154156365628631 0.7532079849076277 0.6360956672420666 0.7804167474180239 0.6976617448790121 0.46134179990198465 0.7769817141998087
0 0.7814057385776462 0.6506575384919527 1.062455364749249 0.5807904182460666 1.0942703016652804 0.6527790239549266 0.8132206754936774 0.7226461442008127
0 0.1293731914548042 0.8532657715468157 0.4154717249369487 0.7821435255817424 0.4465651977869349 0.8524996530518204 0.1604666643047903 0.9236218990168937
0 0.44729372448380655 0.7923063568374341 0.7947568624838637 0.7059292668752497 0.8227702060464346 0.7693158940320234 0.47530706804637757 0.855692983994208
0 0.8173932153264682 0.7225169942413018 1.094631938695849 0.6535972397968053 1.1260330472241638 0.7246494636824643 0.8487943238547832 0.793569218126961
