0 -0.010873179881948403 0.18316609996266336 0.2502999740620744 0.1519171267373432 0.2612710109017255 0.20349494670098928 9.78569577027244e-05 0.2347439199263094
0 0.283156325892086 0.1462030751849923 0.5234665774675423 0.11745031670331127 0.5333281855322427 0.1638124110748157 0.29301793395678644 0.19256516955649672
0 0.5788875817743204 0.10606507972093601 0.8717415810158875 0.0710255412269104 0.8814799209556061 0.11680811870766934 0.5886259217140389 0.15184765720169494
0 -0.009923239426114611 0.24723418165285257 0.2404320893096217 0.2172795448674959 0.252019477729262 0.27175500078767195 0.0016641489935256596 0.30170963757302866
0 0.2869836228641692 0.20517267286559943 0.5574292236411571 0.17281426538778855 0.5703725880407918 0.23366453218439967 0.29992698726380385 0.2660229396622106
0 0.5961635226559644 0.1574828158129634 0.878199696689245 0.12373761375890126 0.8884311153889367 0.17183828823281505 0.606394941355656 0.2055834902868772
0 -0.009523485284740545 0.30126540126812595 0.29183015388143957 0.26520889370044887 0.3044037060810716 0.3243205730371075 0.003050066914891474 0.36037708060478457
0 0.2932522741518312 0.2644444507889631 0.5907424379495352 0.22885020221124358 0.601097129469243 0.27753041564853254 0.30360696567153894 0.313124664226252
0 0.6090167115834341 0.21418392882636866 0.8902801669988811 0.18053118138731858 0.9005115856985729 0.22863185586123236 0.6192481302831256 0.26228460330028247
0 0.009288799431309181 0.3673561934213789 0.30059730257686357 0.3325015711999289 0.3118148787965012 0.3852384396601524 0.020506375650946845 0.42009306188160245
0 0.32711568635973265 0.3305172332116097 0.5936977823380715 0.2986210882450321 0.6035593950978062 0.34498320468916616 0.3369772991194673 0.37687934965574377
0 0.6134273124104546 0.2796207977528242 0.8892817375010672 0.24661523261885873 0.8998829621407157 0.29645446512255225 0.624028537050103 0.32946003025651777
0 -0.0011623689834542835 0.42625136429644656 0.3164180374253283 0.38825334854754856 0.3273890805250252 0.4398311979413675 0.009808674116242552 0.4778292136902655
0 0.31873613441848314 0.38797599174506375 0.601544909348906 0.3541383491610923 0.6128857583885597 0.407454756584691 0.3300769834581369 0.4412923991686623
0 0.6179611146770541 0.34563715382486065 0.9285871712460264 0.30847121552596857 0.938695317125702 0.3559923510365073 0.6280692605567295 0.3931582893353994
0 0.043371580081063996 0.47916193732005996 0.3114990544347242 0.4470808901660096 0.322963176294394 0.5009768365529833 0.054835701940733846 0.5330578837070337
0 0.3373349508022475 0.44933813881827056 0.6023716095449194 0.4176269030817171 0.6139590042246054 0.47210238843206603 0.34892234548193346 0.5038136241686195
0 0.6457330827202072 0.41659869638998276 0.9540411011563704 0.379710107851024 0.964272519856062 0.42781078232493785 0.6559645014198988 0.46469937086389657
0 0.018879496046289718 0.5539996865317217 0.314051533420666 0.5186827982777628 0.32600874030035454 0.5748968710880642 0.030836702925978326 0.6102137593420232
0 0.3364027686004357 0.5082829239374249 0.6215296405240134 0.4741679245509687 0.6354591687036397 0.5396544147640624 0.35033229678006206 0.5737694141505186
0 0.6634690018839502 0.4739041295799094 0.9655953890981368 0.43775516387594443 0.9760733534378606 0.4870149162766085 0.673946966223674 0.5231638819805734
0 0.048016507170548596 0.6164780929183913 0.34937014633672875 0.5804215853507142 0.3602179040963181 0.6314198369208124 0.05886426493013791 0.6674763444884895
0 0.3775902987028906 0.5752622216519317 0.6495812484250271 0.5427189155079238 0.6617849821646107 0.600091977954457 0.38979403244247435 0.6326352840984649
0 0.6753600729282823 0.537257424987321 0.9875315667329218 0.49990657745840467 1.0022007067924619 0.5688701837310578 0.6900292129878225 0.6062210312599742
0 0.06219256847011579 0.6831236021978896 0.3759094406500765 0.6455878524815006 0.386017586529752 0.6931089879920392 0.07230071434979128 0.7306447377084282
0 0.37733153368529043 0.6448233524703071 0.6686400956911904 0.6099687232063057 0.6782551753309842 0.6551718205840351 0.3869466133250843 0.6900264498480365
0 0.6913851301074712 0.6125958491789606 0.9834664107312047 0.5776487652999471 0.9949305325908746 0.6315447116869208 0.702849251967141 0.6664917955659344
0 0.06079133775507074 0.7510386225589459 0.3520998409006251 0.716184000337496 0.363563962760295 0.7700799467244697 0.07225545961474059 0.8049345689459197
0 0.37796883148597676 0.7148716194548398 0.6963218976522473 0.676781156133481 0.7059369772920411 0.7219842535112104 0.3875839111257706 0.7600747168325692
0 0.7134115326846981 0.6788963653568161 1.0016292202192643 0.6444115545528629 1.0128467964389019 0.6971484230130863 0.7246291089043359 0.7316332338170396
