0 0.24370835690105735 0.019787645593290364 0.5036890687677104 0.0875495190619903 0.4753298183385367 0.14875255960908512 0.21534910647188368 0.08099068614038518
0 0.5336802771769708 0.10237334926936711 0.7724067890047561 0.16459548710394473 0.7468663057704455 0.21971525251826116 0.5081397939426603 0.15749311468368354
0 0.8268254319171755 0.18244751279969393 1.117164131069729 0.25812195054464954 1.0912644450335365 0.31401692345971144 0.800925745880983 0.2383424857147559
0 0.2008080175310588 0.0817811058137466 0.45019519926473833 0.14678186118524866 0.4205582720625517 0.21074229842518252 0.17117109032887215 0.1457415430536805
0 0.4969961593858873 0.16060151149611734 0.7657975172685302 0.23066241513115623 0.7328378862921219 0.3017936897783607 0.464036528409479 0.2317327861433218
0 0.807553824718794 0.23880395551855346 1.0872828914532124 0.31171307823569333 1.0603957788433642 0.3697390492452098 0.7806667121089458 0.29682992652807
0 0.16422000331435574 0.13394774274818705 0.46447711895871446 0.21220733567062475 0.43194168451043463 0.2824231376971469 0.13168456886607588 0.20416354477470913
0 0.4623485229171509 0.2201756982572982 0.7581000671586812 0.29726095037148687 0.7307127893371974 0.35636634454151406 0.4349612450956671 0.2792810924273254
0 0.7807119374940169 0.2985157183393129 1.0597952519219238 0.37125653093155236 1.032917423431321 0.4292624655748733 0.7538341090034141 0.35652165298263383
0 0.1360268394457922 0.20520550564190354 0.4263996011246494 0.28088882150932 0.3970896725376185 0.34414355217382064 0.10671691085876131 0.26846023630640425
0 0.44787879770266925 0.2974376945542905 0.7130375202827414 0.3665491747082827 0.68716330443038 0.42238917957340777 0.4220045818503079 0.35327769941941556
0 0.740324842790672 0.36330981980527466 1.0141976322755064 0.4346925511407821 0.9865403551786255 0.4943806397173867 0.7126675656937912 0.42299790838187945
0 0.0862756968451315 0.25781100985586347 0.4029668835479124 0.34035401071130056 0.3738942364391621 0.4030966563341832 0.05720304973638115 0.32055365547874615
0 0.40114646942373705 0.34948257962754953 0.6826024499400531 0.4228418084788719 0.6531387382496214 0.4864284235680475 0.3716827577333054 0.41306919471672515
0 0.6996159350291496 0.4287801544052817 1.008144558093957 0.5091956489528652 0.981184858476632 0.5673782723948182 0.6726562354118245 0.48696277784723463
0 0.0902458759901094 0.32680613270462955 0.3577705929075709 0.39653429017966885 0.3281769165917747 0.460401386244734 0.060652199674313276 0.3906732287696947
0 0.37606556120284473 0.41619267133446286 0.6399762159286428 0.4849788526791147 0.6101625480538637 0.5493207198365289 0.3462518933280655 0.4805345384918769
0 0.676440681190451 0.5084209326186246 0.9828192832251428 0.5882760415439375 0.955609020001793 0.6469994146286726 0.6492304179671011 0.5671443057033598
0 0.02141328432448636 0.39048365695971526 0.3114884352363336 0.4660894029836142 0.2804250407768286 0.5331283466039193 -0.00965011013501865 0.45752260058002037
0 0.3349498649937511 0.4727695039684578 0.6190219882844269 0.5468106093112297 0.5835845996936567 0.6232892149859728 0.29951247640298095 0.5492481096432009
0 0.6534783286737699 0.5709127655771075 0.9538461334531911 0.6492012087288973 0.9261477675250864 0.7089779724772842 0.6257799627456653 0.6306895293254944
0 0.000271525712490804 0.4614598276861381 0.30123111762245347 0.5399025153754253 0.27264113057882994 0.6016035162760615 -0.02831846133113274 0.523160828586774
0 0.3264083766222466 0.5541231520632698 0.5974827465907246 0.624776497946225 0.5661610925218864 0.6923728002097413 0.2950867225534085 0.6217194543267861
0 0.6210998547613017 0.6369617058064244 0.928717910490723 0.7171398683299429 0.8912813611218523 0.7979329292991877 0.583663305392431 0.7177547667756692
0 -0.03266530433247008 0.5317224248512804 0.28076162261819204 0.613414622757899 0.2537244183777164 0.6717645115020542 -0.059702508572945734 0.5900723135954355
0 0.2786447249052615 0.6213939970224951 0.5690902283758282 0.6970962724506048 0.5434807338406628 0.752364973446099 0.25303523037009595 0.6766626980179893
0 0.5842765693989745 0.7163520379677641 0.8749874227645313 0.7921234747035729 0.8451451524977948 0.8565270696333442 0.554434299132238 0.7807556328975354
0 -0.07496866478890808 0.598488743494966 0.21061769262562907 0.6729245217362247 0.18072616793771756 0.737434414268742 -0.10486018947681956 0.6629986360274832
0 0.23126973379546703 0.6895644129165612 0.5488397336768815 0.772336469331488 0.522908867413725 0.8282987333302798 0.20533886753231048 0.7455266769153529
0 0.558984519046306 0.7894752509427508 0.8459860759007903 0.8642798894917384 0.8167548943849016 0.9273646734857474 0.5297533375304173 0.8525600349367599
