0 -0.09620581111850823 0.22495423391896233 0.17051656381107805 0.1571182035687342 0.20442139306054366 0.23210470851934642 -0.06230098186904262 0.2999407388695745
0 0.19383690326304787 0.12528827623485106 0.4455679323987842 0.0612650245783146 0.476758316924085 0.13024805665345243 0.22502728778834855 0.1942713083099889
0 0.48990618715726747 0.012966671107363315 0.7749750823948467 -0.05953546612183455 0.8083865885401554 0.014359967845351403 0.523317693302576 0.08686210507454926
0 -0.07666353396260299 0.2973389333533528 0.17861921938794856 0.23241236463653805 0.21317264065199207 0.308833345129092 -0.04211011269855949 0.3737599138459068
0 0.2135242180104385 0.18917771612442139 0.4970286464964451 0.11707347282545574 0.536009335713042 0.2032861366147799 0.25250490722703545 0.27539037991374554
0 0.5233258464279696 0.0695750108457323 0.8013772343385245 -0.00114234983389915 0.8352048709898979 0.07367343008234126 0.5571534830793432 0.1443907907619727
0 -0.06257012366802991 0.35404283783265666 0.24502053360919385 0.2758126962181302 0.2831382423754471 0.3601167266580326 -0.024452414901776673 0.4383468682725591
0 0.23597929980216667 0.25324985119351007 0.5478422600431802 0.1739331262970466 0.5813929814886601 0.2481364594345451 0.2695300212476467 0.32745318433100856
0 0.553186520108457 0.1323944723896023 0.8299310952331821 0.062009475996337944 0.8633563994437391 0.13593542681646067 0.586611824319014 0.20632042320972502
0 -0.02449553141968605 0.4251184392573512 0.2727469421697564 0.3495201717137549 0.30704244329853964 0.4253707163737832 0.009799969709097169 0.5009689839173797
0 0.2908394797193307 0.32377660580974377 0.5703778603825574 0.2526810553156003 0.6013879831550891 0.32126540675686854 0.3218496024918624 0.392360957251012
0 0.5766973319734354 0.20733486181986285 0.8627452501887448 0.13458372773598268 0.8964105545964121 0.2090404812873718 0.6103626363811026 0.281791615371252
0 -0.019088952010989098 0.4911946733678264 0.30459905236971063 0.4088704615540606 0.3387057768240722 0.48430349333039546 0.015017772443372455 0.5666277051441613
0 0.2979654616827924 0.38948051702386977 0.5941977815765495 0.3141391638721649 0.6287268799621066 0.39050635003251316 0.33249456006834965 0.465847703184218
0 0.5991975160022641 0.2800007805862269 0.8945328309295136 0.20488756448582265 0.9277027640577891 0.2782487171533034 0.6323674491305398 0.3533619332537076
0 0.042312805724164 0.5451881612357417 0.3158457801899038 0.4756199776045609 0.34932939996917156 0.54967490358187 0.07579642550343181 0.6192430872130508
0 0.33517500732263794 0.4565811250325345 0.6127042007240263 0.3859965751175862 0.6468941825445811 0.4616137452317456 0.36936498914319266 0.5321982951466938
0 0.6490443320162176 0.3563501623215926 0.9306345176965977 0.28473277219006166 0.9635185995771857 0.35746171444756913 0.6819284138968055 0.42907910457910003
0 0.037986577353434116 0.6314918234922944 0.3383424614225629 0.5551017160895617 0.37317337214723856 0.6321364134264134 0.0728174880781097 0.708526520829146
0 0.35032753464388205 0.5222146592315628 0.6488314655669745 0.4462955627436622 0.6885776108277705 0.534201167471443 0.39007367990467806 0.6101202639593437
0 0.6844308988858784 0.4192240520076061 0.9597802928857728 0.349193894795543 0.9926537255312625 0.4218992843929111 0.7173043315313681 0.4919294416049741
0 0.08494750014679563 0.6955403315320859 0.39199640390529444 0.6174479751639163 0.42408114871210245 0.6884090426151778 0.11703224495360359 0.7665013989833475
0 0.4124391202889924 0.5910793486283067 0.6976069959688832 0.5185520375070028 0.7326442396114629 0.5960430764539552 0.44747636393157214 0.668570387575259
0 0.7148324425823753 0.48918182790519554 0.9912845921688089 0.4188712046787717 1.0337338470032895 0.5127552125991403 0.757281697416856 0.5830658358255641
0 0.11783190666751328 0.7666294891309203 0.43755535908042104 0.6853135896782123 0.4678174991043295 0.7522436454535176 0.1480940466914218 0.8335595449062256
0 0.4313222273718195 0.668694789990646 0.7364191814895259 0.5910988768440467 0.7655420990113629 0.6555093412902564 0.4604451448936568 0.7331052544368558
0 0.753829042370294 0.5738447535290595 1.0296384823381604 0.5036975919139948 1.0635690573417422 0.5787410381370232 0.7877596173738763 0.6488881997520878
0 0.13608215061201334 0.8435810862749586 0.4323125512955972 0.7682402212397816 0.46465291283810256 0.8397666301495064 0.16842251215451876 0.9151074951846833
0 0.4511246071514937 0.7463053776721261 0.7844479779827298 0.6615305840084247 0.8137181663226 0.726266763822326 0.480394795491364 0.8110415574860275
0 0.7962463187942788 0.6460039294382927 1.0632747512991216 0.5780900588582393 1.0960936775990004 0.6506748980666075 0.8290652450941575 0.7185887686466605
