0 0.23694534591360664 0.019587219691992123 0.5118530847626365 0.09072838723699825 0.48323174278841935 0.1529410080094683 0.2083240039393896 0.08179984046446219
0 0.5443338924789161 0.10389560866291334 0.7966861820316327 0.16919983249669449 0.7709152293885285 0.22521672035523715 0.518562939835812 0.15991249652145595
0 0.8552888028625004 0.18561775702690236 1.139700149035433 0.25921828684283754 1.113727611883911 0.31567334774676353 0.8293162657109785 0.24207281793082835
0 0.1911497223268024 0.08453429325332436 0.4552900380696395 0.15288904578348694 0.425202792784221 0.21828801913407986 0.16106247704138393 0.14993326660391726
0 0.5054770721674248 0.16499378396864686 0.7900611999318149 0.23863902654602712 0.7565523449435126 0.3114753627941624 0.4719682171791226 0.2378301202167821
0 0.8353437895441708 0.2447824156033215 1.1132548798262538 0.3167007963631681 1.0861389331020388 0.37564122312442044 0.8082278428199555 0.30372284236457375
0 0.1519652485275095 0.13931975627622623 0.47030762562484485 0.22170102528151303 0.43727797816074865 0.2934957347603093 0.11893560106341336 0.21111446575502257
0 0.46885478551164067 0.22769039797184704 0.782281860175457 0.30879967530668695 0.7546198113523283 0.368927133857482 0.4411927366885118 0.287817856522642
0 0.8073484707027331 0.30767061044806665 1.0844224168481524 0.3793723533950418 1.0572335227972047 0.4384713417072676 0.7801595766517854 0.3667695987602925
0 0.12167324097515042 0.21425407157712972 0.42993117949616494 0.2940256696529657 0.4001484414254376 0.3587627525902047 0.09189050290442308 0.2789911545143686
0 0.45356206019627837 0.3089975557837885 0.7350000022428131 0.3818286222080392 0.708723657766556 0.4389440522134101 0.4272857157200212 0.3661129857891594
0 0.7649327524461635 0.3761827940973944 1.0517437146037665 0.4504043012765855 1.0236251852386062 0.5115239862183368 0.7368142230810033 0.4373024790391458
0 0.0760124569284411 0.2718992756594743 0.40490062452476283 0.35700960515583346 0.3753734046120541 0.42119128247024684 0.04648523701573237 0.33608095297388774
0 0.40376365382422297 0.364177774242896 0.7029072154905303 0.44159073587727066 0.6728238520021813 0.5069812715812564 0.373680290335874 0.4295683099468818
0 0.7220489084817293 0.4456054767983912 1.018640835662224 0.5223581214215794 0.9912841494748433 0.5818218301777982 0.6946922222943488 0.50506918555461
0 0.07209384398608021 0.34258938435487146 0.3568805316139269 0.41628704577373066 0.3265431728762594 0.4822296768385174 0.04175648524841267 0.4085320154196582
0 0.3769822277913561 0.43483958701593883 0.6578894573611459 0.5075333146174107 0.6272784643323918 0.5740707293368931 0.34637123476260184 0.5013770017354213
0 0.6978059842372693 0.5301012826713842 0.9813244048368698 0.6034707394441101 0.9535884722601694 0.6637587950048682 0.670070051660569 0.5903893382321423
0 0.010760272829079487 0.41373432265363375 0.3072712042366344 0.4904660070307509 0.27535897645016105 0.5598318434430688 -0.021151954957393856 0.48310015906595166
0 0.3329263496097433 0.49506628162252164 0.6357478800234758 0.573431035272579 0.599144733775169 0.6529932605056419 0.2963232033614364 0.5746285068555846
0 0.6736254208044428 0.5966399273628662 0.9513970574948557 0.6685222200468686 0.9230363629647682 0.7301682859522901 0.6452647262743553 0.6582859932682879
0 -0.02268626441119352 0.4864352022754154 0.29611490091651604 0.5689351974049699 0.26674770954610133 0.6327690295686046 -0.052053455781608214 0.5502690344390502
0 0.3237233269485707 0.5815535680830408 0.6130984039841296 0.6564386219739433 0.5807029086636605 0.7268549101732953 0.2913278316281015 0.6519698562823928
0 0.639343718797452 0.6672339585823365 0.9187278052493305 0.7395335241998642 0.8799274646527508 0.8238716687058826 0.6005433782008722 0.7515721030883549
0 -0.05732216742435734 0.5617213401934457 0.2739632778438855 0.6474520419398698 0.24619081489977157 0.7078195015305517 -0.08509463036847127 0.6220887997841277
0 0.2724683124704593 0.6536466669141867 0.5829090800290928 0.7339831417990116 0.5565658118160466 0.7912440402125825 0.24612504425741297 0.7109075653277577
0 0.6002287062089086 0.7523287956781793 0.8795828735265743 0.8246206187630711 0.848689436017892 0.8917719673552166 0.5693352687002262 0.8194801442703246
0 -0.09164830108723664 0.6363341496863606 0.19860423485057813 0.711446274124788 0.1676060147428697 0.7788253828304402 -0.12264652119494504 0.7037132583920129
0 0.22139650934759297 0.7268969299244782 0.5613505589087247 0.8148709102085081 0.5346557482837745 0.8728959368302153 0.19470169872264279 0.7849219565461852
0 0.5733395146873433 0.8308808012766916 0.8444285352649106 0.9010337533662336 0.8140686666405638 0.9670253129209867 0.5429796460629965 0.8968723608314447
