0 -0.08023003683782276 0.2595498861677909 0.16872041982136476 0.19258919271892858 0.1922292957559125 0.2417532114533622 -0.05672116090327504 0.3087139049022245
0 0.199599186451236 0.18241329962161912 0.42866310809157604 0.12080152656851288 0.44979468607245443 0.1649939115482346 0.2207307644321144 0.22660568460134087
0 0.4803173057566285 0.10192038158224091 0.7594659691804483 0.026837217128474453 0.7803334066703923 0.07047720615013485 0.5011847432465728 0.1455603706039013
0 -0.06348704450567495 0.3223793561714691 0.17515185261918398 0.2581921831500191 0.19998145448308585 0.3101182307672713 -0.038657442641773086 0.3743054037887213
0 0.21791172614292814 0.2398329756042348 0.4757006864482809 0.17049497246436143 0.5034358907224038 0.22849749484496018 0.24564693041705113 0.29783549798483355
0 0.5099826680067991 0.15005194418704315 0.7788197718962901 0.07774230016068896 0.8007437847640757 0.12359190106745865 0.5319066808745848 0.19590154509381286
0 -0.049761433709482814 0.3754217153023016 0.23748909320496436 0.2981593767074605 0.2644318592386539 0.35450467614779535 -0.022818667675793308 0.43176701474263646
0 0.2386980125680472 0.297210745200633 0.5222658717092216 0.22093894099222885 0.5444540351285199 0.2673409588967079 0.26088617598734554 0.343612763105112
0 0.5366054079525405 0.20398950480220215 0.8047059558450859 0.13187797368948248 0.8266299687128714 0.17772757459625219 0.5585294208203262 0.2498391057089718
0 -0.014965539167673778 0.4377596125501681 0.26270995615652654 0.36307268901453865 0.286747119779995 0.41334151369152694 0.009071624455794638 0.48802843722715644
0 0.28828058668432316 0.3574418068021971 0.542386851163539 0.2890943455941947 0.563518439204996 0.3332867516135644 0.3094121747257801 0.40163421282156686
0 0.5570870411670933 0.26768376766347196 0.8200316970810183 0.19695902694619427 0.8427481347751326 0.24446582274036394 0.5798034788612075 0.3151905634576416
0 -0.010703174128941532 0.4970880368761435 0.2920147201398626 0.4156654100947499 0.31552360948851516 0.4648294568820475 0.012805715219710951 0.5462520836634411
0 0.294224332024972 0.4150710864447141 0.5637978796999529 0.3425633596864611 0.588099193874934 0.3933846013611587 0.3185256461999531 0.4658923281194117
0 0.5778327419992211 0.33193040650759104 0.8739217445069692 0.2522907657671728 0.8955816068232421 0.29758794967623314 0.599492604315494 0.37722759041665144
0 0.04611769512989253 0.5429031631491321 0.30169701549727196 0.4741594912047284 0.32626248022376586 0.5255331498771354 0.07068315985638646 0.5942768218215391
0 0.3276436037551799 0.4727916545541614 0.5802767562405043 0.40484041917342806 0.605106371518511 0.45676649484354426 0.35247321903318657 0.5247177302242776
0 0.6226354519991482 0.3978112852027867 0.916514898727515 0.3187659530215363 0.9384389115953006 0.364615553928306 0.6445594648669336 0.44366088610955645
0 0.040515693364119656 0.6198476793289442 0.3218739125673207 0.5441702063160099 0.3474959660857609 0.59775350492639 0.06613774688255974 0.6734309779393244
0 0.34127276012899804 0.5308475751316802 0.6130559196890882 0.45774552472339153 0.6429042881329987 0.5201672989270729 0.3711211285729086 0.5932693493353617
0 0.6542056966969764 0.45166499043399666 0.9421928076612333 0.374204531380087 0.9646451216320442 0.4211589662822754 0.6766580106677875 0.49861942533618503
0 0.0845665641307091 0.6772024938890191 0.37181709104515637 0.5999401552941779 0.3950618030140865 0.6485517289780381 0.1078112760996393 0.7258140675728794
0 0.3982766221674673 0.590952884950684 0.6575386103081194 0.5212186786198434 0.6836889246872707 0.5759067270670503 0.42442693654661856 0.6456409333978909
0 0.681524433874882 0.51227336348897 0.9790865483765218 0.4322374969212826 1.0105197664730896 0.49797366089976386 0.7129576519714498 0.5780095274674513
0 0.11494320684943557 0.7407290459823911 0.41397837723923897 0.6602969686783023 0.43563823955551184 0.7055941525873628 0.13660306916570844 0.7860262298914513
0 0.4151872557476801 0.6593482848384639 0.6928628071776083 0.5846613462119665 0.7134661209442493 0.6277489743416456 0.43579056951432116 0.7024359129681429
0 0.715863198275943 0.5840860173216657 0.9942753057028171 0.5092009657815337 1.0188407704293108 0.5605746244539407 0.7404286630024367 0.6354596759940726
0 0.13032491571210203 0.8076653488055375 0.40800041103630236 0.7329784252699081 0.43256587576279626 0.7843520839423149 0.15489038043859596 0.8590390074779444
0 0.4330986788102892 0.7280980298251785 0.7365530729703113 0.6464773052210184 0.7571563867369523 0.6895649333506974 0.4537019925769302 0.7711856579548576
0 0.7538694393041837 0.6461838874581372 1.028598766746329 0.572289400486178 1.0526359303697972 0.6225582251631664 0.7779066029276522 0.6964527121351254
