0 0.23176382025459064 0.04533622700461095 0.484026395025633 0.10491761075866236 0.46310828192765 0.1547357236413337 0.21084570715660764 0.0951543398872823
0 0.5168240758223722 0.11081821492095592 0.7489355386233861 0.16564014858041115 0.730132736678557 0.2104204834705754 0.4980212738775431 0.15559854981112017
0 0.8052985088939684 0.1740302753827976 1.088161057226591 0.24083900456964302 1.0695932865388285 0.28505959424566435 0.7867307382062059 0.218250865058819
0 0.19443860248787728 0.10296926874999648 0.43625242937172176 0.16008278402144993 0.41415913910071755 0.2126996727204905 0.17234531221687305 0.15558615744903703
0 0.48511084825385314 0.16485459722694334 0.7463295170077124 0.226551302577993 0.7216508321817325 0.28532550944348123 0.4604321634278733 0.22362880409243158
0 0.7901160849089301 0.225818369197177 1.0625298853543548 0.29015922990142434 1.043021977702504 0.33661882886010575 0.7706081772570794 0.2722779681558583
0 0.16260166705274126 0.15143903200444409 0.45367386871163634 0.22018678248988802 0.42970029257663367 0.27728171818033703 0.1386280909177386 0.20853396769489307
0 0.4554015770379946 0.21997956619872855 0.7427421155098487 0.2878459427562731 0.7229991676490648 0.33486530824866373 0.4356586291772108 0.26699893169111916
0 0.7678290070842058 0.2808505615486216 1.0394964521513512 0.3450151420961691 1.0199885444995007 0.39147474105485053 0.748321099432355 0.327310160507303
0 0.1400506868079495 0.21686842287508143 0.42142046753183715 0.28332457832072727 0.4000322859518101 0.3342621958447286 0.11866250522792242 0.26780604039908273
0 0.44632591338950883 0.2904374740118524 0.7038128905302387 0.35125279872110277 0.6850100796335429 0.39603315493083335 0.4275231024928131 0.33521783022158297
0 0.7327840677456315 0.34086800259498995 0.9992270251648244 0.40379862204563877 0.9790140207578186 0.4519374637532709 0.7125710633386257 0.3890068443026221
0 0.0956084366932933 0.2660525656272654 0.40235378860907367 0.33850212555050624 0.3814356635752685 0.38832026685926607 0.07469031165948818 0.3158707069360252
0 0.40459279789173364 0.33903095259280586 0.6777528400110834 0.4035480665981533 0.6561296182221232 0.45504545065586394 0.3829695761027735 0.39052833665051645
0 0.6975040552175916 0.40144513989509073 0.997532322433215 0.47230820526363293 0.9782594549902974 0.5182080376886051 0.678231187774674 0.4473449723200628
0 0.1039212411839725 0.3283120974828484 0.3629008722290833 0.3894799690776985 0.34104261023119004 0.4415371196691183 0.08206297918607926 0.3803692480742682
0 0.3846684185273087 0.4001585983409231 0.6406626849114806 0.46062136273677384 0.6185693827046541 0.5132382798619028 0.3625751163204824 0.4527755154660521
0 0.6800660754269279 0.4742348369681651 0.9778553902120684 0.5445690887222077 0.9583474825602176 0.591028687680889 0.6605581677750771 0.5206944359268465
0 0.0374187310241553 0.38705226911732815 0.3225202317872609 0.4543898119186732 0.29972182088945737 0.5086860002188414 0.014620320126351772 0.44134845741749634
0 0.3487121939134253 0.4525775673314353 0.624111245315435 0.5176235083790823 0.5975522746254569 0.580875762235979 0.3221532232234471 0.515829821188332
0 0.6617869536533904 0.5314441738324946 0.9536055391166529 0.6003682111885383 0.933627551046936 0.6479473432146382 0.6418089655836734 0.5790233058585944
0 0.026256589300827974 0.4527105551131362 0.31732879095972305 0.5214583055985801 0.2966457300064952 0.5707166235214538 0.005573528347600198 0.5019688730360099
0 0.3456484636349865 0.5263012308034472 0.6083597578671384 0.5883504763261966 0.5850913023589349 0.6437661124155178 0.3223800081267832 0.5817168668927684
0 0.6346754660231193 0.5921048715211316 0.9361964439953007 0.6633204972030735 0.9082272797950123 0.7299312365578717 0.6067063018228308 0.6587156108759298
0 -0.0007724379353722574 0.5170822851852744 0.3022411939411902 0.588650457752816 0.2829683264982725 0.6345502901777881 -0.020045305378289933 0.5629821176102464
0 0.30396891192614856 0.5884431812525297 0.5853387495022131 0.6548993501259754 0.5670059951517393 0.6985602301204645 0.2856361575756748 0.6321040612470188
0 0.6041208504156784 0.6648729156145776 0.8862370433700218 0.7315053646447232 0.8643787813721286 0.783562515236143 0.5822625884177851 0.7169300662059974
0 -0.04249319141515727 0.5773687261565063 0.2388765893087304 0.643824881602152 0.21701832731083712 0.6958820321935718 -0.0643514534130505 0.629425876747926
0 0.2628007083671891 0.651321248671998 0.5702923588090715 0.7239470753241389 0.5519596044585978 0.7676079553186278 0.24446795401671537 0.6949821286664871
0 0.5843202230489809 0.7315671869318235 0.8627046391119294 0.7973182351784699 0.8413164575319025 0.8482558527024713 0.5629320414689539 0.7825048044558248
