0 0.11245040882698722 0.07395221261834667 0.38379069731127363 0.09981419516140168 0.3733293264781862 0.16155376398503177 0.10198903799389977 0.13569178144197672
0 0.4202991250332209 0.09175285082198145 0.6733708603906194 0.11587362123360688 0.6638566979310739 0.1720230778719725 0.41078496257367547 0.14790230746034705
0 0.7358545621625894 0.10429669896500206 1.049626683678354 0.1342029439036632 1.0398105698350109 0.19213441826597688 0.7260384483192464 0.16222817332731576
0 0.0879187051367938 0.13785671613585232 0.34829601691734796 0.16267379556586203 0.33743400024842257 0.22677784429850953 0.07705668846786842 0.20196076486849981
0 0.40113960740549603 0.150193658188453 0.6866046528439917 0.17740189940844536 0.6744157881396728 0.24933656870762394 0.38895074270117697 0.2221283274876316
0 0.7334665673934085 0.1595950829197416 1.0361468699189238 0.18844414453078506 1.0260273262568944 0.2481663618533498 0.7233470237313793 0.2193173002423064
0 0.06708099170174808 0.18987226459938153 0.3811210862521595 0.21980405058092561 0.3692081885461454 0.2901100534503655 0.055168093995734004 0.26017826746882144
0 0.38431507774046886 0.20975364428937393 0.6988421299093346 0.23973184317000507 0.6886816190106542 0.29969583564489927 0.37415456684178827 0.26971763676426813
0 0.7245467059362389 0.2192025026458323 1.0268803937377688 0.24801852771817764 1.0168090892583308 0.30745605325597486 0.714475401456801 0.27864002818362954
0 0.05944856775172963 0.2594894779067327 0.3635005469007533 0.28846927674478384 0.3528033134160177 0.351600829338676 0.048751334266994094 0.3226210305006249
0 0.39226363203116715 0.28341748510501663 0.6746759903897339 0.3103347686481688 0.6651360063541288 0.3666366157330357 0.382723647995562 0.33971933218988354
0 0.7035106579655055 0.2863724985095488 1.000392614129575 0.3146689081970024 0.9900941898650361 0.3754468199831378 0.6932122337009665 0.3471504102956843
0 0.027209071092535845 0.31568845353560593 0.3574884675394622 0.34716803967799265 0.34691685530840016 0.4095582169626034 0.016637458861473817 0.3780786308202168
0 0.3611493128113599 0.3391527439243798 0.6610758553700655 0.3677393391962474 0.6502710061025562 0.43150600473404355 0.35034446354385057 0.4029194094621759
0 0.6825152920120878 0.3531474439762489 1.0174797818836072 0.38507357569075185 1.007470338726774 0.44414601605516013 0.6725058488552547 0.4122198843406572
0 0.04856399995769754 0.37838007654466294 0.32929859995977895 0.4051374496020952 0.3185874650542333 0.4683510438079848 0.03785286505215193 0.44159367075055256
0 0.35555652321428927 0.405156935594473 0.6370705924417092 0.43198860141399803 0.6261866303136077 0.49622216502655847 0.34467256108618777 0.46939049920703324
0 0.6831890282813395 0.43089123580763483 1.0104461300004568 0.4620827610287068 1.0004077938049931 0.5213257186011861 0.6731506920858759 0.49013419338011416
0 0.004612334108593785 0.4490469607971079 0.3035264979575225 0.4775370642407053 0.29234772176068624 0.5435105234919188 -0.006566442088242456 0.5150204200483214
0 0.3312555277418693 0.46408281713750016 0.6346289414571751 0.49299794055451757 0.6217365734361074 0.5690844549737138 0.3183631597208017 0.5401693315566964
0 0.6788856755089042 0.4931136382520458 1.000002132566141 0.5237198864177429 0.9898351168044254 0.583722268454143 0.6687186597471886 0.5531160202884459
0 -0.0017320976498241692 0.5165299426589037 0.3147469831582301 0.546694193271374 0.30451333826228594 0.6070897985367374 -0.011965742545768307 0.5769255479242671
0 0.34634373619448877 0.5405513969920044 0.6365283768814337 0.5682094722215628 0.6251772869379456 0.6351998705135984 0.3349926462510005 0.60754179528404
0 0.6662262802832862 0.5601701136541025 0.9886192456941145 0.5908980283697288 0.9749150622501037 0.6717756103245831 0.6525220968392756 0.6410476956089569
0 -0.014352542188453714 0.5864249530130456 0.3157429332248739 0.6178870092759339 0.30613909971301195 0.6745656749629326 -0.023956375700315627 0.6431036187000444
0 0.3184391354694939 0.6109488526293072 0.6296294148468328 0.6406090170589297 0.6204394429134303 0.6948452078719919 0.30924916353609133 0.6651850434423693
0 0.6529316736243014 0.6413621395791901 0.9705182127184149 0.6716319442434425 0.9596749354152175 0.7356253994048901 0.642088396321104 0.7053555947406377
0 -0.030570647207804953 0.6566853411835547 0.26343488569281437 0.6847075932490739 0.25283547688203345 0.7472618168019988 -0.041170056018585865 0.7192395647364794
0 0.29114897600294803 0.6821490726130369 0.6318651889486625 0.7146234124928966 0.6226456314103496 0.7690342078123571 0.281929418464635 0.7365598679324975
0 0.6494443719508204 0.7143709732489727 0.9626394526799298 0.7442222192826261 0.9520726045033509 0.8065842806850714 0.6388775237742413 0.776733034651418
