0 0.07406336471258357 0.10149829682858348 0.34791391492647256 0.11152784401019397 0.34413049565499954 0.16963629393442023 0.07027994544111053 0.15960674675280973
0 0.38268681182840186 0.1114054222287084 0.6352516512336137 0.12065539806864001 0.6318454554795168 0.17297018033489042 0.3792806160743051 0.1637202044949588
0 0.694836057931803 0.11819384185366005 1.0038237880634957 0.12951025883903433 1.0004477759275903 0.18136145958276262 0.6914600457958976 0.17004504259738834
0 0.05598492276783176 0.1708073371312728 0.31878595771897067 0.18043220506511432 0.31477814157348344 0.2419871021264915 0.0519771066223445 0.23236223419264995
0 0.3692850989800038 0.1758097183910795 0.6539066955494628 0.18623374612981916 0.6494241920410538 0.2550792300595282 0.3648025954715949 0.24465520232078855
0 0.6976488300434968 0.1768169140582648 0.9955259633306615 0.18772641473406435 0.9919693882797871 0.24235082942786965 0.6940922549926226 0.23144132875207007
0 0.040281638741359795 0.22930039902446014 0.35691546126339946 0.24089684774365433 0.35254616219147233 0.3080036572477988 0.03591233966943261 0.29640720852860464
0 0.35834770515230113 0.24108774816365025 0.6717140202514497 0.25256452715846905 0.6681019205706941 0.30804172869494517 0.35473560547154565 0.2965649497001264
0 0.6944366497360932 0.24053332077039663 0.9917990546060526 0.251423969948757 0.9882288006272232 0.3062584753681917 0.6908663957572638 0.2953678261898313
0 0.0397176757474309 0.30412841796502493 0.34610937911985257 0.31534975764328227 0.3421908051211342 0.3755340102043911 0.035799101748712585 0.3643126705261338
0 0.37343608380738524 0.3186207776293809 0.6545852281729874 0.32891762971268634 0.6511324502219066 0.3819478545631652 0.3699833058563045 0.37165100247985977
0 0.680082537695622 0.3124350083301366 0.9720250535563331 0.3231271586101201 0.9683127117514109 0.38014395014032404 0.6763701958906998 0.3694517998603405
0 0.011566141932348674 0.36628115037401016 0.34585218438600246 0.37852409687283656 0.34199824969946113 0.4377155728037967 0.007712207245807328 0.42547262630497046
0 0.34801837503215566 0.3796916381233328 0.6465673164183203 0.39062574320843735 0.6425867328784779 0.45176238250141265 0.34403779149231317 0.4408282774163081
0 0.6656555847401974 0.3851461058404344 0.9947686839947542 0.39719959762448054 0.9912028866965591 0.45196565416608947 0.6620897874420024 0.4399121623820433
0 0.040941457093227045 0.4315105335772331 0.3235499809470508 0.4418608342127564 0.31952274640737044 0.5037139728132317 0.03691422255354669 0.49336367217770843
0 0.34893225259587174 0.44979324411142246 0.629021816072112 0.46005128993155153 0.624944425220999 0.5226747649135245 0.3448548617447586 0.5124167190933955
0 0.6735366032582998 0.46745250499116653 1.000672677455863 0.47943358988732127 0.9970458454851497 0.5351370604338793 0.6699097712875864 0.5231559755377245
0 -0.0011852012306247358 0.5090525763885391 0.30507564705724716 0.5202691236088539 0.3008524755564432 0.5851316017185944 -0.00540837273142874 0.5739150544982796
0 0.3305845947541223 0.5140155413405588 0.6322601868161151 0.5250641573895786 0.6273490085801152 0.6004935333372337 0.32567341651812254 0.5894449172882139
0 0.6751112543017174 0.5332656178170758 0.9960434698899894 0.545019491584455 0.9923176027522154 0.6022440148172103 0.6713853871639434 0.5904901410498311
0 0.004613025862785124 0.5821948012256081 0.32290623135646096 0.5938520234571922 0.31904867967481887 0.6530990517770381 0.000755474181143061 0.641441829545454
0 0.352947295236859 0.5945125582203667 0.6411066227181863 0.6050661523925815 0.6367794048283754 0.6715266491070793 0.348620077347048 0.6609730549348645
0 0.6689435198570157 0.6048374306782471 0.992997117388185 0.6167056224466078 0.987789433737866 0.6966889398910822 0.6637358362066967 0.6848207481227216
0 -0.0009133779154760606 0.6576578483434125 0.33079902245215076 0.6698065373550429 0.327177204368283 0.7254330010536185 -0.004535195999343801 0.7132843120419882
0 0.33220330943152254 0.6708039767274202 0.6411160568612178 0.6821176475340964 0.6376674863015579 0.7350832522681805 0.32875473887186263 0.7237695814615043
0 0.6635256980687824 0.6904880327800995 0.974568799613823 0.7018797260230889 0.9704656706810287 0.7648985048091613 0.6594225691359881 0.7535068115661722
0 -0.015715190932346773 0.7322145149418934 0.2855798021507895 0.7432491918718835 0.2814762613699261 0.8062742961141587 -0.019818731713210146 0.7952396191841684
0 0.31214338976218714 0.7479589458096498 0.6501444247356468 0.7603379507999695 0.6466690319648298 0.8137155101713922 0.30866799699137015 0.8013365051810726
0 0.6668905236294007 0.767452798078163 0.9742088095932386 0.7787080730682574 0.9701752713554658 0.840658028357199 0.6628569853916279 0.8294027533671047
