0 0.16371423786748432 0.036766031146735455 0.4305606550104562 0.08028725060932018 0.416427692161211 0.12903067812374563 0.14958127501823906 0.0855094586611609
0 0.45652436233277455 0.0791166658097369 0.7203123880946699 0.12213907804109322 0.7023552116692321 0.18407190393144215 0.43856718590733684 0.14104949170008585
0 0.7404578448697885 0.12722639764984112 1.027183937037465 0.17398988548858874 1.009559299821645 0.2347758109708199 0.7228332076539685 0.1880123231320723
0 0.14771832304866425 0.1002198640560223 0.4344444152163406 0.14698335189476994 0.422140422241856 0.18941881260369123 0.13541433007417963 0.1426553247649436
0 0.43899926638427256 0.14232109747820712 0.7134916765407922 0.18708933739366046 0.6988599006552577 0.23755313008111892 0.4243674904987381 0.19278489016566558
0 0.747499533502205 0.1968398269136146 1.044930068307931 0.24534915193564955 1.0319609969142105 0.29007841346080643 0.7345304621084846 0.24156908843877148
0 0.12700251275458477 0.15509651719965503 0.3724400154997449 0.19512605754607 0.36013602674712264 0.23756150369413498 0.11469852400196248 0.19753196334772002
0 0.4257632065097133 0.19901823330879068 0.7117246789908359 0.24565701577753482 0.6972591769319729 0.2955473437000781 0.4112977044508501 0.24890856123133392
0 0.7249219446254004 0.2526139697253582 0.9879454089441673 0.29551168608590134 0.9738124418730596 0.34425512816118314 0.7107889775542927 0.30135741180063996
0 0.09415256593852875 0.21039641404537626 0.39540608269017213 0.25952924691904794 0.38127311139720227 0.30827270355518605 0.0800195946455588 0.25913987068151434
0 0.4124603703932317 0.25870733296613574 0.6915404695473604 0.30422380035201474 0.6755785368233544 0.3592751946719443 0.3964984376692258 0.31375872728606535
0 0.7205613596250612 0.31736490226430514 1.0141689124848696 0.3652507194347034 0.9982069797608637 0.42030211375463294 0.7045994269010553 0.37241629658423475
0 0.08148084070732499 0.2761941538506406 0.37508836444542065 0.3240799662714437 0.360290314733215 0.3751172237238173 0.0666827909951193 0.3272314113030143
0 0.3924751852409665 0.3221111204139035 0.6723198167165108 0.3677522789210005 0.6580205884843189 0.4170691420786285 0.3781759570087746 0.37142798357153156
0 0.6892734005357204 0.3783246847686644 0.9775287320765039 0.4253375833474189 0.9642271130294411 0.4712137744024062 0.6759717814886574 0.4242008758236517
0 0.06784547994208183 0.33703015629090105 0.3736866565696216 0.38691121188540323 0.3583898022648515 0.4396688053890972 0.052548625637311684 0.389787749794595
0 0.38422482538099995 0.38923051383360574 0.669421678175569 0.4357445909323465 0.6551224499433771 0.48506145408997453 0.36992559714880807 0.43854737699123375
0 0.6891023664745003 0.4341498320631041 0.9704762373231519 0.48004040131020803 0.9546805784258172 0.5345183308652224 0.6733067075771657 0.4886277616181185
0 0.059495583036659735 0.401731028963508 0.3301650112472618 0.44587576102732457 0.31387053931363806 0.5020740557553719 0.043201111103036 0.45792932369155537
0 0.3432628480951584 0.45041418901035113 0.6613376776121423 0.5022904877785525 0.6467058932828832 0.5527543095877234 0.3286310637658993 0.5008780108195222
0 0.664230987336116 0.48954983186188683 0.9823057877313874 0.541426125880493 0.9665101119466034 0.5959041136789327 0.6484353115513319 0.5440278196603265
0 0.03698355966515235 0.46832609470956343 0.33364953302774986 0.5167107238607852 0.3196828355614512 0.5648807157320079 0.023016862198853686 0.5164960865807864
0 0.350504755083623 0.5110517392919697 0.5974715263236031 0.5513306951279867 0.5816758505388191 0.6058086829264263 0.33470907929883903 0.5655297270904093
0 0.6661195245185564 0.5631273985890637 0.9283782526639192 0.6059003905812227 0.9167393549961198 0.6460419922304833 0.6544806268507568 0.6032690002383242
0 0.0011747437369570928 0.5255457560341487 0.30089907935891846 0.5744291876670037 0.28393952056233435 0.6329213123329993 -0.01578481505962709 0.5840378807001443
0 0.32184193962870494 0.5850516704726969 0.6360937580780586 0.6363044566396664 0.6234572174502314 0.6798868468784179 0.3092053990008778 0.6286340607114487
0 0.651486517002747 0.6274040975040823 0.9496816714950266 0.6760381278961208 0.9372114046938707 0.7190470533699573 0.639016250201591 0.6704130229779188
0 -0.0011590517169045237 0.6026386428984628 0.28174405850485423 0.6487786228855736 0.2662809303734128 0.7021096811541828 -0.016622179848345957 0.655969701167072
0 0.32097180981459056 0.6515730209266241 0.5946996876496944 0.6962165697208594 0.580899264010067 0.743813096827167 0.3071713861749632 0.6991695480329316
0 0.6298726240143382 0.6881399798995921 0.9407295496932901 0.738839077263487 0.9242671236317809 0.795616631977261 0.613410197952829 0.744917534613366
