0 -0.06963419740263878 0.18474473594914526 0.20801961746153458 0.14032246190225361 0.2232069487943689 0.19371823175220512 -0.05444686606980445 0.23814050579909676
0 0.23069578124643308 0.13008891837226372 0.5028399994327513 0.08654813343306272 0.5220075573579344 0.15393762333942967 0.24986333917161616 0.19747840827863064
0 0.5241796703746163 0.08419761756409272 0.8177663162853523 0.03722622461732402 0.836539257758862 0.10322831809631446 0.5429526118481259 0.15019971104308316
0 -0.04942420072942374 0.2524911246059066 0.249342744425062 0.20469092737001507 0.2627376644687796 0.25178491986536217 -0.03602928068570609 0.29958511710125374
0 0.25002200913440886 0.19774447452591906 0.5337083967660246 0.15235703959761027 0.5495073542726143 0.20790317080416493 0.2658209666409987 0.2532906057324737
0 0.5707002278909327 0.14973411465492184 0.8756350439797148 0.10094710996938941 0.8896448927781123 0.15020307506804806 0.5847100766893302 0.19899007975358046
0 -0.038505007811988935 0.3139028163524259 0.21815240859260263 0.2728397893838629 0.23161696055511935 0.32017859446865865 -0.02504045584947222 0.3612416214372216
0 0.2696502911802566 0.25790647633130914 0.565768983116223 0.21052997732652665 0.581531867154172 0.2659492810749178 0.2854131752182057 0.3133257800797003
0 0.5817499116611452 0.2119272835899439 0.8522281145055026 0.16865304708669046 0.8675620391879773 0.22256421128653658 0.5970838363436197 0.26583844778979004
0 -0.03919219461477211 0.379694823371039 0.2764503550686252 0.3291946714111073 0.2920845814552834 0.3841616393154179 -0.02355796822811399 0.4346617912753496
0 0.29095174275884783 0.3214167022375147 0.5807253237448694 0.27505536759348215 0.5982220575867775 0.3365705576472193 0.3084484766007559 0.38293189229125185
0 0.6150630696543511 0.276965440389344 0.917636259446812 0.22855627603920495 0.9351065083928103 0.2899783502337096 0.6325333186003492 0.33838751458384864
0 -0.014452544740290042 0.4498048020755006 0.2940782821050545 0.4004424659277236 0.31057457641321123 0.45844030076465 0.0020437495678667025 0.507802636912427
0 0.30827797444805244 0.3911144993258665 0.5995414966213674 0.3445147866290488 0.615401915086421 0.40027700288181506 0.324138392913106 0.44687671557863284
0 0.6210728848312809 0.3476939680073485 0.9188986595622667 0.30004435011969316 0.9336583082197953 0.3519364689858768 0.6358325334888097 0.39958608687353214
0 0.006671002851454493 0.5154856085854136 0.32877183943953486 0.4639521850642984 0.34598150366255054 0.5244580929100316 0.023880667074470216 0.5759915164311469
0 0.3389028585252249 0.46092350420483946 0.636411723095029 0.41332458927631743 0.6524328405675649 0.469651792690461 0.3549239759977607 0.5172507076189831
0 0.6534372593442644 0.4032769405332566 0.9448126750252387 0.3566593258167467 0.9623717817400169 0.41839380703439355 0.6709963660590429 0.4650114217509034
0 0.035227202602014174 0.5839393765896255 0.32132905016075236 0.5381654883979807 0.33971513267264186 0.6028074593099207 0.05361328511390371 0.6485813475015654
0 0.33499963726785664 0.5360126200461672 0.6677337380803859 0.4827779637232533 0.6843466620960654 0.5411858464404872 0.35161256128353624 0.5944205027634011
0 0.662294114170121 0.4666731461856572 0.9869949664786285 0.4147237420272309 1.0047728269517913 0.47722731987420164 0.6800719746432837 0.5291767240326279
0 0.05152418139018669 0.6590300634375494 0.3655594168320205 0.6087870682314449 0.3816167829022136 0.6652417148240827 0.06758154746037985 0.7154847100301871
0 0.37703064251945695 0.5953325601698722 0.636228848906637 0.5538630281836946 0.6540895961817502 0.616658020269517 0.3948913897945702 0.6581275522556947
0 0.7073770373854749 0.5402790284941965 0.9802059657259804 0.49662869569185214 0.9934961731254416 0.5433545384358992 0.720667244784936 0.5870048712382436
0 0.05390171914312835 0.7290611230096841 0.367760501525476 0.6788463588083247 0.38729025734518224 0.7475092676579054 0.07343147496283461 0.7977240318592648
0 0.39251367140760623 0.6796416073810059 0.7228200416061872 0.6267953675280676 0.7375583607930017 0.6786124960299591 0.40725199059442085 0.7314587358828973
0 0.7313387869311269 0.6097704921906782 1.0289297281139989 0.5621584456947029 1.0433557342331237 0.6128775408214058 0.7457647930502517 0.660489587317381
0 0.09128595333227177 0.8098790059785214 0.3926997526720994 0.761655334345057 0.4107134839515627 0.8249881891078686 0.10929968461173512 0.8732118607413331
0 0.4304863718646425 0.7482191762093264 0.7190810633731223 0.7020464539618783 0.7351410926478888 0.7585104638755203 0.4465464011394092 0.8046831861229683
0 0.7467599283768042 0.6785927056099089 1.0483239780505684 0.6303449951873034 1.0673312089878966 0.6971708058825812 0.7657671593141324 0.7454185163051867
