0 0.2286702725316795 0.013392740906624425 0.4881795415947687 0.07716141033350997 0.467471476722396 0.12456459970862116 0.20796220765930676 0.06079593028173564
0 0.5141666892213109 0.07798923148591999 0.7707016597335344 0.14102703275633555 0.7443902359854373 0.20125696782495908 0.48785526547321373 0.13821916655454353
0 0.7900474248398571 0.14763347063439866 1.068889761928022 0.2161528143949968 1.0430655851640729 0.27526738396692213 0.764223248075908 0.20674804020632398
0 0.20410233279283038 0.07528619432911295 0.48294466988099527 0.14380553808971114 0.4649164696074445 0.1850742030724879 0.18607413251927962 0.11655485931188973
0 0.4881116143675233 0.13951725430980214 0.755056643968271 0.20511309760749133 0.7336177024336693 0.25418934938814414 0.46667267283292174 0.188593506090455
0 0.7875559474011042 0.217421933959521 1.0768084002197706 0.2884993336659073 1.0578057059779231 0.33199872964208055 0.7685532531592569 0.26092132993569417
0 0.17600930856375907 0.12828530637131558 0.4146983178448568 0.18693785694736761 0.3966701237573125 0.22820650776965007 0.15798111447621474 0.16955395719359803
0 0.46721075241202176 0.19490123701066192 0.7453094936217288 0.26323785851269965 0.7241141817652078 0.31175641338450905 0.4460154405555007 0.24341979188247134
0 0.7574884844309686 0.27117096698130094 1.0132799157067116 0.33402605991167067 0.9925718446483326 0.3814292634472761 0.7367804133725897 0.3185741705169065
0 0.13578808494343828 0.18077435704207173 0.4287584038704396 0.2527653402042312 0.40805032662605395 0.3001685579003311 0.11508000769905266 0.22817757473817157
0 0.445835320207118 0.2532563594334361 0.7172418967576245 0.31994852932323065 0.6938539672864297 0.3734862430906763 0.4224473907359233 0.3067940732008817
0 0.7443178767001499 0.3352475229400362 1.0298524634104813 0.4054113391906492 1.0064645339392868 0.45894905295809496 0.7209299472289552 0.3887852367074818
0 0.11420715059967095 0.245254491606121 0.39974170898901373 0.31541830089747686 0.3780591377763315 0.36505224958697313 0.09252457938698874 0.2948884402956173
0 0.417305870521359 0.31479392282936625 0.6894559579873575 0.38166879409994947 0.6685042758089169 0.4296296520629154 0.3963541883429186 0.36275478079233225
0 0.7048783592440065 0.39348661470240287 0.9852078880890872 0.4623714029801219 0.9657179344910787 0.5069861927739819 0.6853884056459981 0.4381014044962629
0 0.09234448557111322 0.304724983005222 0.38977632312688454 0.3778122858002295 0.36736288762398644 0.42911926857427884 0.06993105006821507 0.3560319657792712
0 0.3999428091793054 0.3809280386548612 0.6772979545105545 0.44908193789833845 0.6563462723321142 0.4970427958613044 0.37899112700086507 0.42888889661782714
0 0.6970929160502864 0.44900569828492054 0.9707301952732007 0.5162460140726246 0.9475858954800865 0.5692260309312267 0.6739486162571725 0.5019857151435226
0 0.07521232850490472 0.3684456314182657 0.3384394919973175 0.43312789126018175 0.3145643155419745 0.48778097052432556 0.051337152049561754 0.4230987106824095
0 0.3508494954848726 0.43864753543299073 0.6601786122070727 0.5146583317316501 0.6387396583004581 0.5637346118332915 0.3294105415782581 0.4877238155346322
0 0.6647947375517709 0.5022065430482978 0.9741238259529822 0.5782173323876999 0.9509795014158421 0.6311974058882796 0.6416504130146309 0.5551866165488774
0 0.04373396645628591 0.43296383610630385 0.3322428800384717 0.5038585274726443 0.3117784324721667 0.5507040482599007 0.023269518889980863 0.4798093568935603
0 0.3497816172988532 0.4995225835559582 0.5899578466578554 0.5585405856083883 0.5668135221207155 0.6115206591089678 0.32663729276171327 0.5525026570565376
0 0.6566363875100705 0.5755429273859228 0.9116841096234011 0.6382152702207029 0.8946304280621727 0.677253147568106 0.639582705948842 0.6145808047333258
0 0.0003075183582318175 0.48713553559477135 0.29179070217029457 0.5587610881583245 0.26694101937464215 0.6156449267368533 -0.0245421644374206 0.5440193741733004
0 0.31117461516233497 0.5709348305879536 0.6167858374552113 0.6460320364715826 0.5982703778254994 0.6884160952720461 0.292659155532623 0.6133188893884172
0 0.6333119532080792 0.6383595083158611 0.9233080019052036 0.7096196302808079 0.9050361719535722 0.751445992172428 0.615040123256448 0.6801858702074813
0 -0.01253054513482392 0.5636448029353612 0.2625939258450061 0.6312505632401861 0.2399368606640274 0.6831152429230788 -0.03518761031580264 0.6155094826182538
0 0.3012346376231938 0.6370403460590359 0.5674361563084496 0.7024534879759363 0.5472153384202251 0.7487413118543493 0.2810138197349693 0.6833281699374488
0 0.6035262806577147 0.6971181913408567 0.9058359553756707 0.771404114850402 0.8817146872116797 0.826620526900134 0.5794050124937236 0.7523346033905888
