0 -0.029242085721859604 0.12615290034782406 0.29522535235801856 0.1001239869104824 0.3033435067235281 0.15704792170441137 -0.021123931356350004 0.18307683514175302
0 0.3229992450728576 0.09025817598711235 0.636242243427879 0.06512969179379559 0.6463536495565466 0.1360301695660091 0.3331106512015253 0.16115865375932587
0 0.6600497216849224 0.06325232469189877 0.9373926662761292 0.0410037578096812 0.9472272157993831 0.10996293628598747 0.6698842712081765 0.13221150316820504
0 -0.017030091776490442 0.19640907257005139 0.3313152913422621 0.16846466040606878 0.3385579616936599 0.21924976207505037 -0.009787421425092629 0.24719417423903298
0 0.33340623012225845 0.1599280882903057 0.659230873054051 0.13379029931273642 0.6676399105331942 0.19275388630439586 0.3418152676014015 0.21889167528196513
0 0.7003195368087699 0.13197421431100678 0.9475380454801067 0.11214224226353503 0.954969579764137 0.16425164471592787 0.7077510710928002 0.18408361676339965
0 -0.014341833712352437 0.2597448470271587 0.28465572915726056 0.23575913761987657 0.29194072731815024 0.2868410389503333 -0.0070568355514627375 0.3108267483576154
0 0.34543813548138774 0.22172527340060533 0.6847533353746221 0.19450526630756385 0.6931943683163803 0.2536932032617394 0.3538791684231459 0.28091321035478084
0 0.7017074523071436 0.19505993823602716 0.9564488763527369 0.17462447477434218 0.9645724887584292 0.23158668096709747 0.7098310647128357 0.25202214442878246
0 -0.025643614435340686 0.3258398893207081 0.3411299732092694 0.2964171588908073 0.3496585038389411 0.35621862355795303 -0.017115083805668986 0.3856413539878539
0 0.35879882993146633 0.2868534247913965 0.6901377250566822 0.2602732801991509 0.6995049486427309 0.3259556016486906 0.368166053517515 0.35253574624093625
0 0.7270722916259924 0.26163401892919136 0.966122812568948 0.2424572862696762 0.9754098443803356 0.3075773085627467 0.73635932343738 0.3267540412222618
0 -0.008519333679282006 0.39802812662000947 0.34909285451526245 0.3693403274814019 0.3581089188261489 0.4325603444733499 0.0004967306316045139 0.4612481436119575
0 0.36652457750930645 0.357613112905944 0.6989098538687134 0.330949027173939 0.7074845459313387 0.39107417260411653 0.3750992695719317 0.4177382583361215
0 0.7214202978740031 0.3322124718327916 0.9760105032217951 0.31178913919821977 0.983963434596818 0.3675545418537508 0.7293732292490261 0.38797787448832266
0 0.005068356655738585 0.4650038318148351 0.3774433776438666 0.4351317520619752 0.3868972610885867 0.5014217264240071 0.01452224010045865 0.531293806176867
0 0.38910237385876345 0.42884526530231626 0.7276300393383629 0.4016884345489492 0.7363418068154924 0.4627747432689314 0.39781414133589293 0.4899315740222985
0 0.7472681586535034 0.3890918726971673 0.9843229217150364 0.37007524056867874 0.9937151639599167 0.4359329911169811 0.7566604008983835 0.45494962324546967
0 0.026729095317116484 0.5355272435628473 0.3567492792389471 0.5090528865342625 0.3667774391612527 0.5793696476869781 0.03675725523942204 0.6058440047155628
0 0.37211522805897573 0.5027043428811765 0.7500017749775058 0.4723901262155987 0.7591404444515725 0.5364698420996887 0.38125389753304245 0.5667840587652665
0 0.7458681463895686 0.4515434770294429 0.9931127916259577 0.43170940829580345 1.002729856314619 0.49914359821120974 0.75548521107823 0.5189776669448493
0 0.03296711224897949 0.6107975032196565 0.3944243092022674 0.5818012558720719 0.40337656431129026 0.6445738471706172 0.04191936735800237 0.6735700945182019
0 0.40922806113122284 0.5646989028620415 0.7031610570394606 0.5411194751322532 0.7128013337186004 0.6087164259133613 0.41886833781036276 0.6322958536431494
0 0.7825598066732833 0.5270062133561012 1.004168170938579 0.5092286977921751 1.0114580724607711 0.5603449811516588 0.7898497081954752 0.5781224967155848
0 0.022904162185033872 0.6806004649038134 0.3852282218792181 0.6515346774649998 0.39600789350108156 0.7271209864800057 0.03368383380689741 0.756186773918819
0 0.4120873680552423 0.6473256949543194 0.7852857501091005 0.6173875648327865 0.7935844746373174 0.675577645071221 0.42038609258345927 0.7055157751927539
0 0.7964648631878449 0.595520032563907 1.0139859665183188 0.57807039877973 1.0219816974440148 0.6341359089131465 0.8044605941135411 0.6515855426973235
0 0.053914107009593044 0.7623859366446704 0.3992148766327071 0.7346857646472728 0.40922508820297593 0.8048766732016023 0.06392431857986186 0.8325768451989995
0 0.4428298689112061 0.717178479824272 0.7682014484154676 0.6910770357841384 0.7770929233975792 0.7534234410525474 0.45172134389331753 0.7795248850926814
0 0.8011203886946975 0.6630144025278909 1.0235553885046784 0.645170573915222 1.0339139891253013 0.7178043623031164 0.8114789893153204 0.7356481909157853
