0 -0.009262940740727229 0.1362499400856461 0.2625339819422603 0.11639651916654055 0.2689811280412195 0.16604422941608035 -0.0028157946417681147 0.18589765033518588
0 0.2867725341579565 0.10931933549283412 0.5554543265175288 0.08969345943670252 0.5636459945474044 0.15277525633802339 0.2949642021878321 0.172401132394155
0 0.5767091278491715 0.08990978877186251 0.8687545311132474 0.06857731649345383 0.8767945020863269 0.13049093581574708 0.5847490988222509 0.15182340809415573
0 0.0014167795039997345 0.200329255377099 0.2934621827680758 0.17899678309869035 0.299074993128736 0.22221950183259037 0.007029589864659905 0.24355197411099905
0 0.2958947040719636 0.1735124221324437 0.575479467394477 0.15309013797257312 0.5821541610045508 0.2044901294216421 0.3025693976820374 0.2249124135815127
0 0.6118346598652502 0.15456198998934245 0.9147830934162183 0.13243310527387359 0.9206992978904706 0.17799217916582893 0.6177508643395025 0.2001210638812978
0 0.004101402442426074 0.25732738655606513 0.25409223488965427 0.23906679267774064 0.2597050433243939 0.28228949658065294 0.0097142108771657 0.30055009045897746
0 0.3064430468032495 0.23052578410899183 0.5977096452399902 0.2092501996713221 0.6043084883957454 0.2600660874998896 0.3130418899590047 0.28134167193755927
0 0.6131133702058019 0.2128420744288141 0.8810164170619899 0.19327308188010023 0.8874635650868693 0.24292080696062776 0.6195605182306815 0.26248979950934165
0 -0.0045924175457032965 0.317515158339898 0.3022499214940399 0.29510184308737686 0.30869707144484004 0.3447495829988922 0.001854732405096892 0.3671628982514133
0 0.31814939443681833 0.2904027202733488 0.6024069570613686 0.2696391112357052 0.6096884388986267 0.3257118130008848 0.3254308762740764 0.3464754220385284
0 0.6353990779993184 0.27548400806844797 0.9344536060615114 0.2536395538900313 0.9417350878987695 0.3097122556552109 0.6426805598365765 0.33155670983362756
0 0.010208789212730014 0.3830623517891428 0.30926328761294736 0.3612178997773867 0.3160138316773397 0.4132019948469573 0.01695933327712235 0.43504644685871324
0 0.325011044816101 0.35535057080568583 0.6100473232820603 0.3345300804272851 0.616570315983497 0.38476186463535106 0.3315340375175376 0.4055823550137518
0 0.6305030576410428 0.34070105417475227 0.9241060705597897 0.31925480621486574 0.9301739759426791 0.36598208734782417 0.6365709630239322 0.3874283353077107
0 0.022066848734082652 0.444107464449197 0.3335819574138873 0.42135282648556355 0.3405600451375533 0.47508917309268783 0.029044936457748576 0.49784381105632136
0 0.3445608381550978 0.4211405176690049 0.6350486317645032 0.39992182107207414 0.6415716244659397 0.45015360528014 0.35108383085653444 0.4713723018770708
0 0.6531327995978219 0.393883798916181 0.939726687718452 0.37294953285630245 0.9469323191013914 0.42843813100098044 0.6603384309807614 0.449372397060859
0 0.040534441206231404 0.507617929164212 0.3162252990399696 0.4874800755413936 0.3236584779340237 0.5447209548856009 0.04796762010028555 0.5648588085084192
0 0.33054692406696645 0.48879243832078784 0.6545226430263583 0.46512761440527695 0.6611973404882732 0.5165276355163214 0.33722162152888124 0.5401924594318323
0 0.6520751499655169 0.45233450546707893 0.9760508392629333 0.42866968371822856 0.983256478349555 0.4841583411868575 0.6592807890521384 0.5078231629357078
0 0.046293586006298675 0.5761840722007918 0.3484632740538821 0.5541120709927406 0.3548345735503638 0.6031757072837544 0.05266488550278028 0.6252477084918054
0 0.36219834141112345 0.5448539542201289 0.6137468131749979 0.526479582493666 0.6209524522616195 0.5819682399622949 0.3694039804977451 0.6003426116887579
0 0.6839135704977664 0.5219438920306849 0.951037693878717 0.5024317959893524 0.9563471024221029 0.5433181002412462 0.6892229790411523 0.5628301962825788
0 0.035566843302324014 0.6388789229043597 0.34085163201134727 0.6165793789999953 0.34858820887083464 0.6761566431642332 0.04330342016181138 0.6984561870685977
0 0.36512545491860293 0.6218818460852235 0.6852072387272442 0.5985014548734253 0.6909717499965415 0.6428923808483284 0.3708899661879003 0.6662727720601265
0 0.6962266915275318 0.5864935395944827 0.9999539299058352 0.5643077670382749 1.005642590720814 0.6081145893926765 0.7019153523425106 0.6303003619488843
0 0.06482101196007314 0.7128044653598699 0.35297250973537403 0.6917564236185133 0.36002644791335847 0.7460768738461391 0.07187495013805764 0.7671249155874956
0 0.3914567810516387 0.6854075330989963 0.6702628285327431 0.6650421302798827 0.676558277574906 0.713521662950395 0.3977522300938018 0.7338870657695084
0 0.7004486074661548 0.6492756930743296 1.017072516825091 0.6261478824887496 1.0245823126898363 0.6839787681865723 0.7079584033309 0.7071065787721524
