0 0.14616248369670445 0.04417962068259454 0.41456139656577 0.08195101355377882 0.4022956168196023 0.13097802727371347 0.13389670395053668 0.0932066344025292
0 0.4404697513213468 0.0802231976208019 0.7057924792800141 0.11756168341515406 0.6902077237516105 0.17985483060390797 0.4248849957929433 0.14251634480955586
0 0.7261239434616863 0.12221418320688433 1.0145181900584752 0.16279949062692786 0.999222040163982 0.2239390648128898 0.7108277935671932 0.1833537573928463
0 0.13259626853997464 0.10795102221228957 0.42099051513676355 0.14853632963233315 0.4103120700411916 0.19121867719134136 0.12191782344440263 0.15063336977129785
0 0.42536545835498824 0.14377814767313096 0.7014548481456202 0.18263181029744557 0.6887561562844979 0.23338919816713868 0.412666766493866 0.19453553554282407
0 0.7358211002071238 0.19164779687420833 1.034982067218159 0.2337482893684146 1.0237264108547666 0.27873778293300683 0.724565443843731 0.23663729043880052
0 0.11398455381895445 0.1632501478866041 0.36084999656838623 0.19799116648736287 0.35017155513690323 0.24067349940080063 0.10330611238747146 0.20593248080004187
0 0.41429994519767566 0.20073634104685717 0.7019251235985094 0.24121341860611756 0.6893707382184313 0.29139400532884424 0.4017455598175976 0.2509169277695838
0 0.7153826434602826 0.24788403582974858 0.9799363618052765 0.28511430000751786 0.9676705783950197 0.334141328373023 0.7031168600500259 0.29691106419525376
0 0.08325984288400089 0.2192329899859863 0.386266033710249 0.26187461529570766 0.3740002466359032 0.3109016583067833 0.07099405580965512 0.2682600329970619
0 0.40328193855074207 0.26068670525076676 0.6839857082259647 0.30018974291767997 0.6701325938292012 0.3555614227985411 0.38942882415397856 0.3160583851316279
0 0.7134965178986653 0.3127020731157787 1.008812261094488 0.3542614327944698 0.9949591466977245 0.4096331126753309 0.6996434035019017 0.3680737529966398
0 0.07310596139049218 0.285275931894196 0.36842167529517394 0.32683528745078705 0.3555786769530076 0.3781694764674466 0.06026296304832576 0.3366101209108555
0 0.385726178452185 0.3244937730508631 0.6671989284499401 0.36410502821225904 0.6547888495509062 0.41370881378801927 0.3733160995531511 0.3740975586266233
0 0.6845492903165209 0.37430892689501283 0.9744816733052204 0.4151106940366226 0.9629374039797394 0.4612537898951478 0.67300502099104 0.42045202275353794
0 0.061799363755218786 0.34637987116194763 0.3694199051749167 0.38967086739216744 0.3561440020459738 0.4427354012674446 0.04852346062627588 0.39944440503722467
0 0.38004231910811903 0.3917628536132966 0.6668984293129974 0.4321317013117739 0.6544883504139635 0.48173548688753415 0.3676322402090851 0.44136663918905683
0 0.6865101443860522 0.4301148472030584 0.9695210307757179 0.4699425620860207 0.9558122228599987 0.5247374408199152 0.6728013364703329 0.4849097259369531
0 0.055923651147107165 0.4112335612124436 0.32816781712252635 0.4495460910212431 0.31402609709185253 0.5060713439048962 0.04178193111643329 0.46775881409609665
0 0.34143359173538085 0.4538013101919313 0.6613589606700949 0.49882394709577993 0.6486602614807947 0.549581364256614 0.3287348925460806 0.5045587273527653
0 0.6637645507938497 0.48602636820652345 0.9836898904374226 0.531049000988272 0.9699810678653474 0.5858439383044485 0.6500557282217743 0.5408213055226999
0 0.03596395606456795 0.47828487571482925 0.3343559134619299 0.5202771465924526 0.3222344328686283 0.5687273884565617 0.02384247547126634 0.5267351175789383
0 0.3509881191025098 0.5142584262324956 0.5993917275349929 0.5492159086769207 0.5856829049629177 0.6040108459930972 0.3372792965304344 0.5690533635486721
0 0.668462050196166 0.5595331850062117 0.932246583180641 0.5966552028347974 0.9221453640092456 0.6370303458059399 0.6583608310247708 0.5999083279773542
0 0.0023549006589501905 0.5362502525088135 0.3038230136755696 0.5786754263411689 0.28910407504889707 0.6375078545215468 -0.012364037967722345 0.5950826806891915
0 0.3251629278013702 0.5888436901057124 0.6412430436297306 0.6333251900719459 0.6302759855720704 0.6771611399248869 0.3141958697437099 0.6326796399586535
0 0.6562896063680209 0.6240978391602392 0.9562196415750115 0.6663065615152284 0.9453968899983954 0.7095657102212032 0.6454668547914048 0.6673569878662139
0 0.0029660405139893225 0.613361644851671 0.2875150632955656 0.6534058194561994 0.2740948536855785 0.7070471544784428 -0.010454169095997728 0.6670029798739143
0 0.3268334332345811 0.6553564425938848 0.6021538427026805 0.6941018877237167 0.5901766685904231 0.7419753284408592 0.3148562591223236 0.7032298833110275
0 0.6370039261772708 0.6852730816776524 0.94966939796192 0.7292740437001528 0.9353819131427813 0.7863819266678153 0.6227164413581321 0.7423809646453147
