0 0.053399255770675405 0.0925617868932073 0.3263992806456704 0.09760854042149893 0.3247604115835118 0.14747601500258356 0.051760386708516855 0.14242926147429194
0 0.35160431179480117 0.09279119659566092 0.6214754173009294 0.09778010806012195 0.6193930895398438 0.16114113493718565 0.3495219840337157 0.15615222347272464
0 0.6425379074147735 0.099930567062963 0.9358760422571334 0.10535329648460326 0.9338322759943276 0.16754097487418274 0.6404941411519676 0.16211824545254244
0 0.05362506348627881 0.15713954394331986 0.34696319832863887 0.16256227336496015 0.3455364179965887 0.2059763163682447 0.05219828315422863 0.2005535869466044
0 0.3502656747226079 0.1573400328892415 0.6310880129164068 0.16253139185249288 0.6293913011172585 0.21415890406144064 0.3485689629234595 0.20896754509818927
0 0.6669358731676508 0.16730331487089262 0.9712253002842283 0.17292849289285656 0.9697213969556189 0.21868923287110958 0.6654319698390413 0.21306405484914567
0 0.047061430260579525 0.21396038331977263 0.29815884079386584 0.21860223909665033 0.296732060951386 0.2620162672032982 0.045634650418099686 0.2573744114264204
0 0.35150510361506093 0.21489215994348118 0.6440609862702492 0.22030042843608882 0.642383555709811 0.27134125150465777 0.3498276730546227 0.26593298301205004
0 0.6587691740693283 0.2252685808767644 0.9278580869748314 0.2302430325137261 0.9262192174231025 0.2801105219914475 0.6571303045175994 0.2751360703544858
0 0.028687130066501906 0.2729109952452009 0.3368876989458448 0.2786084757092614 0.33524882890454555 0.3284759800836195 0.02704826002520265 0.32277849961955896
0 0.3534303357695061 0.27539213321595085 0.6389461572930624 0.28067025720263133 0.6370951995007954 0.33699116336151613 0.35157937797723915 0.3317130393748356
0 0.6707478067506758 0.2894765806608095 0.9711260921044882 0.29502945624067684 0.9692751343122213 0.3513503623995615 0.6688968489584088 0.3457974868196942
0 0.03276626562201345 0.3393211227093132 0.33314452118255244 0.3448739977384139 0.3314285281446939 0.39708819908774046 0.03105027258415492 0.3915353240586398
0 0.34972570558699745 0.3404842766889623 0.6360236899179051 0.3457768599523755 0.6343655405961771 0.3962309938805656 0.3480675562652694 0.3909384106171524
0 0.6553289282421245 0.35376512573946917 0.9502315674588281 0.35921677701917465 0.9486891016527983 0.4061508952781854 0.6537864624360946 0.4006992439984799
0 0.03465295117481575 0.40099444474465046 0.3475469735906425 0.4067786896813734 0.3457731387949349 0.46075289886528964 0.032879116379108106 0.45496865392856667
0 0.3584789846261499 0.4075678274220759 0.6502526150941664 0.4129616349856509 0.6485944657724384 0.46341576891384095 0.3568208353044219 0.4580219613502659
0 0.6691805570392675 0.4086152669300238 0.9570430457445188 0.41393677205150226 0.955211369190962 0.46967098907000815 0.6673488804857107 0.46434948394852976
0 0.042701101512926116 0.4657168226771261 0.31961229794395973 0.47083587919828096 0.3177227786534132 0.52833013384465 0.04081158222237955 0.5232110773234951
0 0.33361546205280923 0.4734428384210469 0.6590252513239239 0.47945845326539205 0.6573285385456348 0.5310859952676132 0.33191874927452014 0.525070380423268
0 0.6586671621899024 0.46653711400873915 0.9840769216677433 0.47255272830231776 0.9822452431559052 0.5282870049073705 0.6568354836780642 0.522271390613792
0 0.03731629784744197 0.5343000751332717 0.34082353236339474 0.5399107933277364 0.3392039435608056 0.5891916085617156 0.035696709044852885 0.583580890367251
0 0.3559559127641125 0.5319720754398767 0.6086178574650157 0.5366428536255863 0.6067861789531777 0.5923771302306391 0.3541242342522743 0.5877063520449294
0 0.678999738718185 0.5385309980144194 0.9473062802634225 0.543490986519282 0.9459566248862131 0.5845582729610511 0.6776500833409755 0.5795982844561887
0 0.01651820527204342 0.5955540699337358 0.3231543293635896 0.6012226296412644 0.32118768609734305 0.6610636110558752 0.01455156200579687 0.6553950513483469
0 0.34639001950341713 0.6086965390741157 0.667888637218493 0.6146398509255977 0.6664232944090226 0.65922727220964 0.34492467669394655 0.653283960358158
0 0.6807707099828749 0.6037243649614428 0.9858423892866243 0.6093640039124394 0.9843963277158639 0.6533647360561027 0.6793246484121146 0.6477250971051062
0 0.03358683809050396 0.6715968155836104 0.3230138311700988 0.6769472425631541 0.32122071513568096 0.7315081408874492 0.03179372205608614 0.7261577139079054
0 0.3622412471011017 0.6741501975114432 0.6422814224875492 0.6793270971979619 0.6406811149236702 0.7280212232915624 0.36064093953722276 0.7228443236050437
0 0.6747965207185938 0.6664264300493045 0.9928219577903218 0.6723055357283724 0.9909129624120652 0.7303924083765326 0.6728875253403372 0.724513302697465
