0 0.16987230406951886 0.03428108516732 0.4361285358169246 0.07979015656768873 0.4213500433172372 0.12842577802889132 0.15509381156983137 0.08291670662852259
0 0.4621064789222659 0.07881325362406556 0.725311083546277 0.12380073454095736 0.7065337047369166 0.1855965833276301 0.4433291001129055 0.14060910241073826
0 0.7453880979837447 0.1290380371173548 1.031480036791084 0.17793746900973148 1.0130503860743825 0.23858895399296817 0.7269584472670433 0.1896895221005915
0 0.1530359247743713 0.0976124918616702 0.4391278635817107 0.14651192375404687 0.426261880006346 0.18885352976769937 0.14016994119900664 0.1399540978753227
0 0.4437443005940731 0.14188386755994487 0.7176296146786177 0.18869691765227345 0.7023295256252436 0.23904909934728202 0.4284442115406991 0.19223604925495344
0 0.7515065208457361 0.1987005382684844 1.0482792272282166 0.24942554926936808 1.034717787467534 0.2940558828898926 0.7379450810850533 0.24333087188900893
0 0.13159359746824062 0.1523319442566359 0.3764882650080595 0.1941898524734556 0.36362228584739265 0.23653144395845607 0.11872761830757383 0.19467353574163643
0 0.4297572184287066 0.1984794927794495 0.7150862286622193 0.24724852332605565 0.6999600080698728 0.29702850859069424 0.4146309978363601 0.2482594780440881
0 0.7281906082992929 0.254303551775345 0.9906323424640853 0.2991606412795365 0.9758538455497 0.3477962772693911 0.7134121113849076 0.30293918776519957
0 0.09801212224252151 0.20738412927554414 0.3985993552649197 0.2587611271391402 0.3838208539358364 0.3073967776576467 0.08323362091343829 0.2560197797940507
0 0.41566369660486535 0.25806643593216416 0.6941265530750659 0.30566188913258097 0.6774355516510557 0.3605915260413336 0.39897269518085504 0.3129960728409168
0 0.7229717869920941 0.31901876428658077 1.0159299667346573 0.36909178842475204 0.9992389653106472 0.42402142533350473 0.7062807855680838 0.3739484011953334
0 0.08446869326151309 0.2730841170902518 0.3774268439467725 0.323157136261888 0.36195288643237117 0.3740815143872666 0.06899473574711171 0.3240084952156304
0 0.3948389076801211 0.3213180497109044 0.6740646055522362 0.3690438893574865 0.6591122534209171 0.41825167819175507 0.3798865555488019 0.370525838545173
0 0.690877184908061 0.37974220366394107 0.9784949808630539 0.42890243824785884 0.9645858041803163 0.4746771647291234 0.6769680082253234 0.4255169301452056
0 0.0700274578736647 0.33381542652967 0.3751922042244149 0.38597482253481913 0.3591966589857228 0.43861573183669983 0.05403191263497258 0.3864563358315506
0 0.3856991033385289 0.3883725980736962 0.670265184998215 0.43701122727453173 0.6553128328668959 0.4862190161088003 0.37074675120720985 0.43758038690796475
0 0.6899660432824394 0.43556331570355583 0.9707175983022079 0.483549958041679 0.954200465339225 0.5379073985200616 0.6734489103194564 0.4899207561819384
0 0.060820185558262026 0.39845083141116716 0.33089097300288917 0.4446118946407834 0.3138522434862198 0.500685895352972 0.04378145604159267 0.4545248321233558
0 0.3439279929887629 0.44924777519867304 0.661299335005004 0.5034935480373351 0.6459992371222344 0.5538457587896478 0.3286278951059932 0.4995999859509857
0 0.6643614141658689 0.490775098784545 0.9817327271248059 0.545020866656672 0.9652155765030315 0.5993783652496627 0.6478442635440945 0.5451325973775356
0 0.03742637415123696 0.46487472186328993 0.3334362100744991 0.5154693414514733 0.31883157720644323 0.5635327955396098 0.02282174128318116 0.5129381759514264
0 0.35036562429621926 0.509936334224604 0.5967861780409955 0.5520550500995 0.5802690274192212 0.6064125486924906 0.33384847367444487 0.5642938328175947
0 0.6652743847732129 0.5643631118726623 0.9269530741349626 0.6090897801649429 0.9147825644037074 0.6491426004571152 0.6531038750419579 0.6044159321648348
0 0.0008607243244912392 0.5218245107302978 0.2999221583138441 0.5729407158354229 0.2821879637824608 0.6313034732117877 -0.016873470206892022 0.5801872681066624
0 0.3207231529985219 0.5837188545980591 0.6342799393175416 0.6373126356074738 0.621066218820122 0.6807986344818663 0.3075094325011024 0.6272048534724515
0 0.6497899360500832 0.6285275077558534 0.9473255710063906 0.6793829201025077 0.9342857189699987 0.7222967225465302 0.6367500840136912 0.671441310199876
0 -0.0024950342157763336 0.598896182185242 0.2797823779516456 0.6471436272149065 0.2636129642519261 0.7003567329471571 -0.018664447915495874 0.6521092879174927
0 0.3189711425598844 0.6502304275230366 0.5920936152425142 0.6969130911692001 0.5776628508354859 0.7444043488269666 0.304540378152856 0.6977216851808032
0 0.627371890232437 0.6890992023067478 0.9375412922803406 0.7421140045195237 0.9203269372528905 0.7987659840655783 0.6101575352049868 0.7457511818528024
