0 -0.08264136444437903 0.2046267460212726 0.1810022810740152 0.15124317447622843 0.19833791740779835 0.1994015685912951 -0.06530572811059585 0.25278514013633924
0 0.20334035694479388 0.1412492873472088 0.46396231882298006 0.08847755783794126 0.4859887745218711 0.14966704716969872 0.22536681264368497 0.2024387766789663
0 0.48497064965391473 0.08604730177876821 0.7682553683084941 0.028686730784617948 0.7898739280222227 0.08874308515477428 0.5065892093676432 0.14610365614892454
0 -0.057940742837123055 0.2664904873313233 0.22534397581745622 0.20912991633717304 0.24043617905426576 0.25105605377734086 -0.042848539600313484 0.3084166247714911
0 0.2265301511180383 0.20341894676219696 0.4977280201230452 0.1485057672147604 0.5156755056131517 0.19836387815832132 0.24447763660814473 0.2532770577057578
0 0.5339052676756593 0.14543552103486054 0.8277659510014294 0.08593348835073764 0.843673946208564 0.13012589571410776 0.549813262882794 0.18962792839823067
0 -0.04269025749232052 0.32236549314784396 0.19980142991150715 0.273264850808647 0.21489362796973727 0.3151909738627223 -0.02759805943409037 0.36429161620191935
0 0.24953883930350954 0.2583309134242702 0.5320681154688981 0.20112330730849046 0.5498116477878439 0.2504148363851583 0.2672823716224553 0.30762244250093806
0 0.5480527640272428 0.20274959156972344 0.807919340960608 0.15013081528702274 0.8252549824729706 0.19828922378818192 0.5653884055396053 0.2509080000708826
0 -0.037955392516153805 0.3828011810698177 0.25968238816683015 0.3225343472974495 0.2770180348577721 0.37069277018470115 -0.02061974582521183 0.4309596039570694
0 0.27432267196137994 0.31592277573692107 0.5500531671293465 0.26009181274516324 0.5696322365601033 0.3144824635351288 0.29390174139213676 0.37031342652688665
0 0.5838808473915887 0.26175234602367664 0.8739644333601448 0.20301511442779904 0.8935435027909017 0.2574057652177646 0.6034599168223455 0.3161429968136422
0 -0.008865785266016885 0.44559986106640054 0.28121777193035435 0.38686263529642473 0.2993692105916215 0.43728732810687876 0.009285653395250245 0.4960245538768545
0 0.2954501349964902 0.3791179029150611 0.5719359863370925 0.3231339925226382 0.5894755654848776 0.371858939732413 0.31298971414427523 0.42784285012483586
0 0.5934729644812492 0.3266753149903158 0.8782685681142101 0.2690088142394246 0.8945844696636662 0.3143343853365808 0.6097888660307054 0.37200088608747217
0 0.016325957763108554 0.5043248554277017 0.3184963358368671 0.44314024403691404 0.3372596132972987 0.4952646249036772 0.03508923522354017 0.556449236294465
0 0.3292762536792187 0.44156536421383435 0.6110500873554164 0.3845107229764252 0.6285896665032015 0.43323567018619996 0.3468158328270037 0.49029031142360924
0 0.6275487675319658 0.376307067187765 0.9055455038509498 0.3200172270386011 0.9249206201105458 0.37384129596167354 0.6469238837915618 0.43013113611083753
0 0.04858083680774165 0.5646589972955506 0.3160016084555348 0.5105106188363594 0.33598857387145414 0.5660344045879261 0.06856780222366098 0.6201827830471174
0 0.3304151103105625 0.5100235416968729 0.6446723092617084 0.44639154468527337 0.6626198051089736 0.49624968440101924 0.34836260615782777 0.5598816814126188
0 0.6394299810138985 0.4340799847407045 0.9536871511928594 0.37044799355500685 0.9730622881667731 0.4242721200224493 0.6588051179878122 0.4879041112081471
0 0.06942111202747124 0.6315594418161917 0.36252641040842054 0.5722103623586358 0.3796581039282018 0.6198022033789944 0.08655280554725252 0.6791512828365504
0 0.3740242045696208 0.5613721231640737 0.618026805724015 0.5119655452422339 0.6374019426979286 0.5657896717096764 0.3933993415435345 0.6151962496315163
0 0.6862191011548175 0.4987655880897243 0.9453301205102523 0.4462997999890014 0.9596065110624191 0.48595960996159704 0.7004954917069843 0.5384253980623198
0 0.07270555112655311 0.6947203415561901 0.3688325043755255 0.6347594258887592 0.3896352721189288 0.6925495103357133 0.09350831886995645 0.7525104260031441
0 0.39394266583507914 0.6369693883475818 0.7044227386568261 0.5741021982501293 0.7199228482359572 0.6171614994240833 0.4094427754142101 0.6800286895215356
0 0.7126345033672459 0.5608899931617307 1.0072506291822068 0.5012349955992373 1.0225467855901769 0.5437277149062983 0.727930659775216 0.6033827124687916
0 0.1179005608523838 0.7639837565723017 0.3974081821497492 0.7073879866663967 0.41637541278134155 0.760078949400053 0.1368677914839761 0.8166747193059579
0 0.4339557595171837 0.6963404809549861 0.7043982723495549 0.6415802488082146 0.7213260126981754 0.6886055079616802 0.45088349986580434 0.7433657401084517
0 0.7306799188949211 0.6222777304870255 1.0378058454788595 0.5600897007209609 1.0579988251405417 0.6161857940042345 0.7508728985566031 0.678373823770299
