0 0.07534968492493131 0.07956767995089402 0.34786636659225817 0.09275043784661671 0.343585433523482 0.1425296226733932 0.07106875185615517 0.12934686477767052
0 0.3733068275932649 0.08868843650687036 0.6427001296052283 0.10172010362326475 0.63726082638187 0.16496895057658695 0.3678675243699065 0.15193728346019256
0 0.6636319774172751 0.10449687913057733 0.9564507606768249 0.1186617335659583 0.9511121849593903 0.18073930943095365 0.6582934016998405 0.1665744549955727
0 0.07215219637230279 0.14410111643670728 0.3649709796318525 0.15826597087208824 0.36124404912447666 0.20160314984280478 0.06842526586492702 0.18743829540742382
0 0.3685476640832171 0.1531463283223555 0.6488728097592145 0.166706813885735 0.644440784152733 0.21824292021526412 0.36411563847673567 0.20468243465188465
0 0.6844393810408 0.17254383375612936 0.9881900674454333 0.18723750951583956 0.9842616819262099 0.23291723066320977 0.6805109955215767 0.21822355490349957
0 0.06258181071762765 0.20068132808077224 0.3132346563542628 0.2128064418891644 0.3095077271257066 0.25614360598961855 0.05885488148907149 0.2440184921812264
0 0.3667354077853656 0.21068991205204393 0.6587733238256809 0.22481699271358876 0.6543916632509809 0.2757674486286921 0.3623537472106657 0.26164036796714724
0 0.6732065334417322 0.2302197689408489 0.9418190277155111 0.24321366516075127 0.9375380933679154 0.2929928648577902 0.6689255990941365 0.27999896863788776
0 0.041097200965606734 0.2590374719330631 0.3487521045043127 0.27392001080726563 0.3444711688778973 0.32369922537456697 0.03681626533919135 0.30881668650036437
0 0.36545215405233233 0.27119945998863987 0.6504624733032114 0.28498658675636407 0.6456275376730349 0.3412077774392005 0.3606172184221558 0.3274206506714763
0 0.6817721783669737 0.2947341724157953 0.9816186476375338 0.30923898506101316 0.9767837120073574 0.36546017574384954 0.6769372427367971 0.35095536309863173
0 0.041652864192231395 0.32551672421531824 0.3414993037222668 0.340021535421864 0.33701691308400383 0.39214329216581895 0.03717047355396846 0.37763848095927316
0 0.35830006846358703 0.3361296830550506 0.6440911657121261 0.34995457928059465 0.6397598701692078 0.40031938478127216 0.35396877292066864 0.38649448855572804
0 0.6629577023159544 0.35851215068895087 0.957338220013973 0.3727525526720041 0.9533091044311868 0.41960357464822595 0.658928586733168 0.40536317266517263
0 0.04026889782353673 0.387197543959577 0.35260894519659963 0.4023067225994522 0.3479754645782706 0.456185371105635 0.03563541720520775 0.4410761924657598
0 0.3634904833099015 0.4034211943382073 0.6547475321309824 0.417510501225916 0.6504162365880639 0.4678753067265935 0.3591591877669831 0.4537859998388848
0 0.673890901087645 0.41373194044008615 0.961243732774653 0.4276323842133024 0.956459162176258 0.483267924481713 0.6691063304892501 0.46936748070849676
0 0.044879901741283965 0.4521087244219815 0.3213008302832085 0.4654803468708687 0.31636516714710816 0.5228728086420319 0.039944238605183674 0.5095011861931448
0 0.3351547349807588 0.46850277500733517 0.6599883901968492 0.48421632108053986 0.6555563620327285 0.5357524571505937 0.3307227068166382 0.5200389110773892
0 0.6603155145089726 0.4712945200049854 0.9851491399845383 0.4870080646395179 0.9803645642708649 0.5426436643889782 0.6555309387952992 0.5269301197544456
0 0.03586391534538051 0.5204771990547741 0.3388337940118288 0.5351331039179923 0.3346032234171949 0.5843266680708677 0.03163334475074663 0.5696707632076495
0 0.35437502426035317 0.5276518617173374 0.6065896340759819 0.5398525245120738 0.6018050583623084 0.5954881242615341 0.3495904485466797 0.5832874614667976
0 0.6768157871382707 0.5438377404801396 0.9446472952307158 0.5567938571715175 0.941121824850466 0.5977884344845308 0.673290316758021 0.5848323177931528
0 0.011835332390694925 0.5810626349944072 0.31792856097198163 0.5958696291982817 0.31279144026639455 0.6556046628866234 0.006698211685107846 0.6407976686827489
0 0.34074970692455 0.6040304444859013 0.6616791152660425 0.6195551260059414 0.6578514546951038 0.6640636058055097 0.33692204635361117 0.6485389242854694
0 0.6751296085112799 0.6090323720507067 0.9796611621351475 0.623763821584253 0.9758838665959904 0.6676866509693954 0.6713523129721227 0.6529552014358491
0 0.024859620891666483 0.6575541957517704 0.31377418701714327 0.671530187072659 0.3090903413670328 0.7259944859932677 0.020175775241556004 0.7120184946723791
0 0.3531188557087931 0.6699049903181341 0.6326632233871303 0.6834277064236935 0.628483017824278 0.7320356201621433 0.3489386501459407 0.7185129040565837
0 0.6658364506279909 0.6715067352156356 0.9832988275500189 0.6868637021005936 0.9783122904119296 0.7448477326506183 0.6608499134899017 0.7294907657656604
