0 -0.03709257181688834 0.19901297366270648 0.238879637859267 0.16656570207481441 0.24724139887174715 0.20657007292446644 -0.028730810804408216 0.2390173445123585
0 0.27101659566227576 0.13843231685027582 0.5639954871412813 0.10398549456880675 0.5749021327428844 0.15616511256088322 0.2819232412638787 0.19061193484235234
0 0.5785618531883255 0.10167883903397669 0.8491229007977577 0.0698677816699411 0.861362580964348 0.12842490901842804 0.5908015333549159 0.1602359663824636
0 -0.01900284115879697 0.2628224975409784 0.2824794059430002 0.2273758981818647 0.2924165721407103 0.2749173288894033 -0.009065674961086892 0.31036392824851694
0 0.29398685478241493 0.20285606252704624 0.5745972370217419 0.1698634605053205 0.5858674393229781 0.22378240792995263 0.3052570570836511 0.25677500995167835
0 0.6077164265830388 0.16537547133779273 0.8852346741517629 0.13274642524643088 0.8961413197533659 0.18492604323850734 0.6186230721846417 0.2175550893298692
0 -0.027589084710771344 0.3202641020910275 0.29785716192409883 0.28199994946416207 0.30743077449925316 0.32780206546051127 -0.018015472135617057 0.3660662180873767
0 0.30889259397322993 0.2741682324012596 0.5964602645000469 0.24035763126707121 0.6068821657840873 0.2902181335348292 0.31931449525727024 0.3240287346690176
0 0.6071487695091768 0.21949820862964045 0.8916243348081238 0.18605115996410382 0.9050758649988495 0.2504060250986047 0.6206002996999026 0.2838530737641414
0 -0.014484534291357072 0.37159129801715707 0.2831325591935529 0.3365991418401421 0.2946451244223381 0.3916776029628345 -0.0029719690625719035 0.4266697591398494
0 0.3028678484101055 0.3324967023219334 0.5811591443678467 0.29977676551712457 0.5941259363951648 0.36181254437003973 0.3158346404374236 0.3945324811748486
0 0.6358772735169153 0.2963133971749333 0.9110764936895189 0.26395700937706407 0.9206501062646734 0.30975912537341327 0.6454508860920695 0.3421155131712825
0 0.002209623518019382 0.44388122007647113 0.31915251453009813 0.4066168445272503 0.32957441581413843 0.4564773467950081 0.012631524802059743 0.49374172234422914
0 0.33083987480299354 0.398114412362125 0.6245917852282836 0.363576702828921 0.6365891009287862 0.4209743091186645 0.34283719050349615 0.4555120186518685
0 0.6369309596951112 0.3544036594674755 0.919860428216024 0.32113839222883295 0.9324636696978638 0.3814348710919251 0.6495342011769509 0.4147001383305675
0 0.016267076413004844 0.5111349430629543 0.31620331506496596 0.4758701147455983 0.3280794369933844 0.5326879053008463 0.028143198341423245 0.5679527336182023
0 0.34209344744459763 0.46332173592872977 0.6373914546479218 0.4286022449686317 0.6490252074946363 0.48426049238308694 0.35372720029131216 0.5189799833431848
0 0.6574903005641076 0.4262391348829787 0.9419658658630544 0.39279208621744205 0.9528725176188124 0.44497173365225123 0.6683969523198654 0.4784187823177878
0 0.027884261562630002 0.5780815744173242 0.30772165429840526 0.5451798561856213 0.3186282937458534 0.597359444734965 0.038790901010078094 0.630261162966668
0 0.3543459318223759 0.5408861036605371 0.6434596696844944 0.5068937245611669 0.6519426060065941 0.5474778228171163 0.3628288681444757 0.5814702019164867
0 0.670411157601675 0.49184446331445214 0.955659771289639 0.45830652393546856 0.967657074681832 0.5157040713397467 0.6824084609938679 0.5492420107187302
0 0.03401498236312008 0.6415151352127526 0.3293129895664442 0.6067956442526545 0.3426433321392406 0.6705707230953927 0.047345324935916505 0.7052902140554907
0 0.3706471772837469 0.6037178454737169 0.6419812438394633 0.5718159008579464 0.6533726337586289 0.6263146345743413 0.3820385672029124 0.6582165791901119
0 0.7135848586062414 0.5657732267040041 0.9408561385981644 0.5390519385182142 0.9499450130099109 0.5825349682329777 0.722673733017988 0.6092562564187675
0 0.0590453608792983 0.7157949845957523 0.3265142738181276 0.6843474831620806 0.3388751400641085 0.7434843894416471 0.07140622712527932 0.7749318908753189
0 0.3699251971977768 0.6798375643536312 0.656719878221042 0.6461178470094656 0.6675053300505608 0.6977176492670466 0.38071064902729546 0.7314373666112123
0 0.7260209651720915 0.6290594099684265 0.9958089643925063 0.5973392433178379 1.007200354311672 0.6518379770342329 0.7374123550912569 0.6835581436848215
0 0.069601243222685 0.7852424620138114 0.33861619405408294 0.7536131860766698 0.3490381076464331 0.8034737472298933 0.08002315681503513 0.8351030231670348
0 0.3928954796064938 0.7442612771259567 0.6881934868098178 0.7095417861658588 0.7004331654378695 0.7680989061536624 0.40513515823454543 0.8028183971137605
0 0.729816028916829 0.7040540051993202 1.0166106216118962 0.6703342982402909 1.0272748858234857 0.7213543142061092 0.7404802931284182 0.7550740211651383
