0 0.1273228779514619 0.08199037234499972 0.4019397225263089 0.12036472058019995 0.39205053575498816 0.1601726204583254 0.11743369118014123 0.12179827222312514
0 0.4447392166475485 0.10187032266951221 0.7362792191695949 0.1426094754283043 0.7233802789533086 0.19453282691691995 0.4318402764312621 0.15379367415812786
0 0.7510379584543533 0.14407487356044432 1.0202702164652473 0.1816967916225151 1.0057947389901096 0.2399663310035971 0.7365624809792155 0.2023444129415263
0 0.1160296088034624 0.1466741170409463 0.41603120494817475 0.18859567410856232 0.40427883695294753 0.23590361755257208 0.10427724080823521 0.19398206048495606
0 0.43777468228096744 0.16835286581916659 0.717006920251354 0.20737215888168462 0.703678013177695 0.26102629754269385 0.4244457752073083 0.22200700448017582
0 0.7502273640500768 0.21141735840861425 1.0263826535580154 0.2500066855235497 1.0134837133417292 0.30193003701216536 0.7373284238337905 0.2633407098972299
0 0.0824139513551008 0.19868734090419912 0.4062618541365869 0.24394112792449568 0.39493944935957154 0.2895182988451781 0.07109154657808546 0.24426451182488154
0 0.4201461101803191 0.23931480091175256 0.7063014675421476 0.27930151530930325 0.6939758188951322 0.32891714080201667 0.4078204615333036 0.288930426404466
0 0.7256465570367784 0.2623052784643321 1.0087249952342912 0.30186203100835624 0.9928163015730391 0.3659008341074621 0.7097378633755262 0.32634408156343797
0 0.07196602527016066 0.25035625528109745 0.36812145048587913 0.29174035696126327 0.3545059085450672 0.346548314673025 0.058350483329348724 0.3051642129928591
0 0.3885515530510318 0.29280434435410013 0.6654760943236486 0.33150116500295923 0.6501406849533458 0.39323227140429523 0.3732161436807289 0.35453545075543613
0 0.7186059442013019 0.34191015483851944 0.9924535956077356 0.380177017727908 0.9811311908307202 0.4257541886485904 0.7072835394242865 0.38748732575920186
0 0.055589274245356465 0.3226870050002653 0.37097558340417663 0.366758387711738 0.35864993475716117 0.41637401320445144 0.043263625598341 0.37230263049297874
0 0.38577249644813805 0.3616625963464174 0.6780817214367303 0.4025092385450771 0.6638928806483256 0.4596249515508735 0.37158365565973345 0.4187783093522138
0 0.6937911378043596 0.39694405229832436 0.975331072472516 0.4362858177745012 0.9604256226812641 0.49628616630157607 0.6788856880131078 0.4569444008253992
0 0.038963975220417994 0.3896104289715835 0.3374271557301712 0.43131701125352023 0.3233816469319865 0.48785575613767557 0.02491846642223333 0.4461491738557388
0 0.36741272278095316 0.425955857667261 0.6612604512989019 0.46701748693376804 0.6475015846461917 0.5224023834690384 0.35365385612824307 0.4813407542025315
0 0.6812605870066817 0.46981226149899846 0.9643390252041946 0.5093690140430226 0.9514400777095864 0.5612923948297707 0.6683616395120736 0.5217356422857464
0 0.020174296931286122 0.45563447100386656 0.29863734173325934 0.4945462787205729 0.2857384087952948 0.5464696009110561 0.007275363993321496 0.5075577931943498
0 0.34450480205365414 0.5021496292051041 0.6321986336467067 0.542351326576446 0.6221661367201313 0.5827361066818153 0.33447230512707876 0.5425344093104734
0 0.6642959921569552 0.534897448711198 0.9481436821191463 0.5745616947891459 0.9339548558873851 0.6316773491986774 0.6501071659251941 0.5920131031207295
0 -0.002227527244224419 0.5169750989877345 0.29162020127372423 0.5580367282542416 0.2758548323243704 0.6214985925298389 -0.01799289619357829 0.5804369632633318
0 0.3319596623314478 0.5654645144636912 0.6019611428088876 0.6031939219656295 0.5884889110233302 0.6574249994501475 0.31848743054589057 0.6196955919482091
0 0.6721574534182505 0.6153908047523775 0.8983125501474012 0.646993215924517 0.8875634296613351 0.6902626901474295 0.6614083329321843 0.6586602789752901
0 -0.011628530857244735 0.5932653364068166 0.25452677869120116 0.6304572885213048 0.23990797832374558 0.6893037594013625 -0.02624733122470031 0.6521118072868741
0 0.29746055675720395 0.6370537866899256 0.5828467209506191 0.6769330157416646 0.5700911127245526 0.7282793991086394 0.2847049485311374 0.6884001700569002
0 0.6557661574161164 0.6781682366705425 0.9242291636623323 0.7156826611986896 0.9107569318767749 0.7699137386832074 0.6422939256305592 0.7323993141550603
0 -0.03252993473125649 0.661382081608068 0.235163819750281 0.6987890126022914 0.222838156546622 0.7484046966912697 -0.04485559793491547 0.7109977656970462
0 0.290496058967077 0.7035363046355037 0.5843437874850256 0.7445979339020106 0.5698683118294683 0.8028674659585594 0.2760205833115196 0.7618058366920525
0 0.6260258285455752 0.749825523088698 0.9114119048445931 0.789704739858269 0.8987996213304249 0.840474184401735 0.6134135450314069 0.8005949676321639
