0 0.11527740937218667 0.023687939336780327 0.42346600108347787 0.06478820704028182 0.4110539870021371 0.11714061887343095 0.10286539529084587 0.07604035116992947
0 0.46690792692609323 0.058254934192851895 0.7914363513376915 0.10153429455674029 0.775944706564448 0.16687622551385442 0.45141628215284973 0.123596865149966
0 0.803881616564473 0.11518440223840365 1.0900298580125072 0.15334535187348228 1.0732052441857787 0.22430958912122512 0.7870570027377445 0.18614863948614652
0 0.10076831605561991 0.09081478544925767 0.4398678628751758 0.13603736190814214 0.4252118624798801 0.19785464341403242 0.08611231566032418 0.15263206695514797
0 0.46007056583197503 0.12743688049504961 0.7731053809048899 0.16918344427462484 0.7571316881214699 0.236558596897999 0.444096873048555 0.1948120331184238
0 0.8061273892905464 0.18576496150834443 1.0738778923604433 0.22147237459853758 1.05838869804502 0.2868039698135113 0.7906381949751231 0.2510965567233182
0 0.0759939468648019 0.14638575200447296 0.4297195444366357 0.19355886984461254 0.41515018050801605 0.25501072894979726 0.061424582936182276 0.20783761110965762
0 0.44133944088860527 0.20192683929283323 0.7644277274435901 0.24501414176415626 0.7492240471167396 0.30914147264169606 0.42613576056175473 0.266054170170373
0 0.7814245995779682 0.23879294468758178 1.060933964247582 0.27606852860769826 1.0421799044553155 0.35517094142756667 0.7626705397857017 0.31789535750745024
0 0.06297166835048232 0.20131218725663022 0.38707067165143616 0.2445342796908168 0.3702692510862344 0.3154006904962714 0.04617024778528054 0.2721785980620848
0 0.40612546964619034 0.25805428356832755 0.7211909903033538 0.3000716638069942 0.7028158714649587 0.377575748366234 0.3877503508077953 0.3355583681275674
0 0.7771698080102705 0.3241600716360666 1.0411845087989144 0.3593692752597955 1.0270056615851684 0.4191739809094003 0.7629909607965243 0.3839647772856713
0 0.044452971640518334 0.2794218663481713 0.3907889757194912 0.3256095023147275 0.37496083213052117 0.39237074559833696 0.0286248280515483 0.3461831096317806
0 0.40361327151700443 0.3328628341679562 0.7383433448352544 0.3775026942789388 0.7208156130939006 0.4514325999824609 0.38608553977565063 0.4067927398714783
0 0.7518651912447385 0.3832704138368752 1.0268242472709281 0.4199391650954067 1.008691236795642 0.49642206512724774 0.7337321807694522 0.4597533138687163
0 0.027019443393502863 0.35295443282057415 0.3526837871393258 0.3963852802608237 0.33500149220573455 0.4709671152838931 0.009337148459911642 0.42753626784364357
0 0.38313393756695935 0.4030814737334585 0.7219552335910085 0.4482669424521747 0.7046755250509799 0.5211507155381494 0.36585422902693066 0.4759652468194332
0 0.7408219949510183 0.4633955193789213 1.0080714822734431 0.4990361166235622 0.9918301991482182 0.5675399337557693 0.7245807118257933 0.5318993365111284
0 0.009503318717793216 0.42683538128985565 0.3079603213920961 0.4666378367921341 0.29149995446805116 0.5360657235545103 -0.0069570482062517175 0.49626326805223187
0 0.35738955384612847 0.4875833578196966 0.6914097252613425 0.5321285448667088 0.6779861703657762 0.5887475165784822 0.3439659989505623 0.54420232953147
0 0.7242493299435327 0.5358315316730468 0.9909163772901263 0.5713944542743954 0.9730946740893834 0.6465642969299921 0.70642762674279 0.6110013743286434
0 -0.007138616869769099 0.4970291032652894 0.2997141480234014 0.5379512240765734 0.2797820232426571 0.6220225761063738 -0.027070741650513385 0.5811004552950898
0 0.3427455725301651 0.5590646291396133 0.6589307276758812 0.6012313246950931 0.6417602862500704 0.6736542219775222 0.3255751311043543 0.6314875264220424
0 0.736498681810184 0.6278056981512296 0.9701543370485177 0.6589661961028503 0.9563856815172257 0.7170407616035932 0.7227300262788918 0.6858802636519725
0 -0.027641140926096076 0.583506332180899 0.25576860566328113 0.621302074034695 0.2370986301397835 0.7000498293236882 -0.04631111644959373 0.6622540874698921
0 0.30243207792711513 0.6404566778391622 0.6393379533374467 0.6853867045911545 0.6226010585962679 0.755980953079439 0.28569518318593634 0.7110509263274468
0 0.7202048787257638 0.6998996966572382 0.9530863289272059 0.7309569460294842 0.9357583764553571 0.8040442063311967 0.7028769262539147 0.7729869569589505
0 -0.046599611335756255 0.6634709248818673 0.23230392773279998 0.700665715433719 0.2159863430206698 0.7694913636623952 -0.06291719604788644 0.7322965731105435
0 0.2938802178641174 0.7180544229648747 0.6435424383491476 0.7646856457104536 0.6245903714779504 0.8446232290412581 0.2749281509929202 0.7979920062956792
0 0.6884797427818768 0.7831089715254288 0.9329909054871357 0.8157171683048047 0.916255614239293 0.8863046534472744 0.6717444515340341 0.8536964566678984
