0 0.09687701977909058 0.09819674574783413 0.3739161500062102 0.12504706518825578 0.36699674066045385 0.16520609467342035 0.08995761043333424 0.1383557752329987
0 0.4152766788357069 0.1047945742410489 0.7093882394363046 0.13329953434099195 0.7003629222341091 0.18568088100293173 0.4062513616335115 0.15717592090298868
0 0.7242328551043657 0.1341465218504231 0.9958399034771488 0.1604703700559117 0.9857114918653639 0.21925388180247565 0.7141044434925808 0.1929300335969871
0 0.0904019294899511 0.16325166939432695 0.3930497200555675 0.19258395125632488 0.3848266531015916 0.24030917920019979 0.08217886253597521 0.21097689733820185
0 0.41325711450944275 0.17146479416166302 0.6949523486763476 0.19876637793441396 0.6856261860396318 0.25289377835205296 0.403930951872727 0.22559219457930202
0 0.7284215124714919 0.20141843935837994 1.0070126576408334 0.22841917833318576 0.997987340438638 0.28080052499512553 0.7193961952692964 0.2537997860203197
0 0.060698684283564196 0.21658761772858554 0.38740312024545537 0.24825144247777559 0.379480896179699 0.2942306314442311 0.05277646021780786 0.262566806695041
0 0.40092249548074793 0.24305265681260085 0.6896019151138899 0.27103113994843414 0.6809777268552554 0.32108440508392183 0.3922983072221134 0.29310592194808854
0 0.707655592797674 0.25325364723107263 0.9932309529898123 0.2809312884335491 0.9820997279311778 0.34553495227226416 0.6965243677390394 0.31785731106978765
0 0.05410169746770041 0.2686125983424967 0.35286939156464264 0.2975688256393574 0.34334267209504876 0.35286022248538307 0.044574977998106495 0.32390399518852236
0 0.3733467859267636 0.297778260205713 0.6527139681237759 0.3248542118122994 0.6419838669161008 0.3871298236811218 0.3626166847190885 0.36005387207453554
0 0.706533975530934 0.333029031637483 0.9827971278435021 0.3598041441753008 0.9748749037777458 0.40578333314175635 0.6986117514651776 0.3790082206039385
0 0.0431185487803285 0.3415148931667794 0.3612867547772009 0.37235139615391455 0.35266256651856637 0.4224046612894022 0.034494360521693974 0.39156815830226704
0 0.3756825295332051 0.36664577295467865 0.6705700976049137 0.3952259428218138 0.6606422440991574 0.4528454507508512 0.36575467602744877 0.42426528088371607
0 0.685842123599307 0.38901355786754793 0.9698654097361044 0.4165407738064635 0.9594361488703479 0.4770703614761463 0.6754128627335507 0.44954314553723074
0 0.031485918907994744 0.4090286219678601 0.33258172408794867 0.43821048716006217 0.32275415918383443 0.49524793776178705 0.021658354003880522 0.466066072569585
0 0.3621229098825183 0.4316058266688052 0.6585625520095681 0.4603364217995013 0.6489355490309335 0.5162098464162799 0.3524959069038837 0.48747925128558384
0 0.6787391009371688 0.4622919101215562 0.964314461129307 0.48996955132403275 0.95528913883451 0.542350927542532 0.6697137786423717 0.5146732863400555
0 0.017625515482207525 0.4757347203885828 0.2985447717345608 0.5029610972587301 0.2895194596249669 0.5553424143641102 0.008600203372613606 0.5281160374939631
0 0.344905421453688 0.5086378133110592 0.6351368855856115 0.536766718845865 0.6281172029160177 0.5775077169886633 0.3378857387840941 0.5493788114538575
0 0.6666312718327824 0.5279844168699966 0.9529826690525912 0.5557372707042536 0.9430548257320379 0.6133567195201719 0.6567034285122291 0.5856038656859148
0 -0.00018902514418587182 0.5379154635296642 0.29625061698286387 0.5666460586603602 0.2852196754332699 0.6306676947283224 -0.011219966693779782 0.6019370995976263
0 0.3370788080758585 0.5723782621093308 0.6094618639197527 0.5987773200820116 0.6000354177739963 0.6534867482704034 0.32765236193010217 0.6270876902977228
0 0.6804545653385481 0.608024780920229 0.9086044859716857 0.6301368134128394 0.901083385756889 0.6737879504094023 0.6729334651237511 0.6516759179167919
0 -0.003913378069006536 0.6144798881117477 0.26458958130621346 0.6405028915192911 0.2543608874585383 0.699868423647468 -0.014142071916681664 0.6738454202399247
0 0.3079463710167758 0.6452967898191588 0.5958498127353663 0.6732000660523884 0.586924784134813 0.7249993553870157 0.29902134241622247 0.6970960791537861
0 0.6687478702703241 0.6713891765856578 0.9395788816154368 0.6976378121593659 0.9301524354696805 0.7523472403477578 0.6593214241245678 0.7260986047740496
0 -0.01972691774167438 0.6833636041896989 0.25032805657576757 0.7095370271316266 0.24170385813193002 0.7595903513802333 -0.028351116185511945 0.7334169284383057
0 0.30592684133967263 0.7119669830478017 0.6023664834667224 0.7406975781784978 0.592238073128088 0.7994810825359218 0.2957984310010381 0.7707504874052258
0 0.6443718797731863 0.7441769465862387 0.932275232822098 0.7720802142257033 0.9234504877305855 0.8232974757895777 0.6355471346816737 0.7953942081501133
