0 -0.09507873276547171 0.19631550283558713 0.21342346141112345 0.14811820493908734 0.22759976819767683 0.1991594425428983 -0.08090242597891835 0.2473567404393981
0 0.2478868260881085 0.1233790797188022 0.5760330474102194 0.07211279545497247 0.5938198247433815 0.13615339091733442 0.2656736034212705 0.18741967518116415
0 0.5922666606408056 0.07701576666073535 0.8807350357051422 0.03194835233065645 0.8999457155612265 0.10111565308314946 0.6114773404968898 0.14618306741322837
0 -0.074970651849171 0.26871386097348204 0.2705203491834911 0.2147378017698343 0.28678622808570436 0.2733024619724605 -0.05870477294695776 0.32727852117610823
0 0.28105256528495964 0.19385644164936622 0.5951106370857273 0.1447911489898358 0.6129947830842222 0.2091823165198915 0.2989367112834546 0.2582476091794219
0 0.6312202778046829 0.14540188848126626 0.9005587951718506 0.103323131825435 0.9175759927613844 0.16459288554875787 0.6482374753942167 0.2066716422045891
0 -0.05790727439012361 0.3301498835091158 0.29401587761470127 0.275168929356996 0.3095455152548845 0.3310827817184256 -0.042377636749940384 0.3860637358705453
0 0.305614377508715 0.27198129591126335 0.6268516529244933 0.221794396268626 0.6431705555406254 0.28054996627741874 0.32193328012484734 0.33073686592005613
0 0.6361721952700908 0.20399156167060276 0.9163608171103228 0.1602176931894174 0.9367521793985625 0.23363599481693675 0.6565635575583305 0.2774098632981221
0 -0.04182283460037483 0.3880612792903831 0.28359446366594676 0.33722133467644644 0.3015601624803633 0.4019061299275575 -0.023857135785958276 0.452746074541494
0 0.304804264976121 0.3364064483264414 0.6167412382752275 0.28767253488651506 0.6364127677134142 0.3584991065177973 0.3244757944143078 0.40723301995772365
0 0.6758802707217285 0.2862682950045127 0.9399135618708825 0.24501837384244632 0.954392825132421 0.29715039437414903 0.690359533983267 0.3384003155362154
0 -0.0192749745595869 0.4692439666522963 0.3323502024934159 0.41430956512699657 0.3483398550634719 0.47187968323453766 -0.0032853219895309137 0.5268140847598374
0 0.34368924700935183 0.4076306243639791 0.6715712208881401 0.3564056234783055 0.6895096658762304 0.4209922923946749 0.36162769199744205 0.47221729328034845
0 0.6830282766754633 0.3490202309156342 0.9569148435300373 0.30623093248690686 0.975411644523698 0.3728279403425313 0.7015250776691238 0.41561723877125856
0 0.001611655066565376 0.544445458940996 0.3368936660481095 0.4920643502563533 0.3545945005377241 0.5557955118750564 0.019312489556180003 0.6081766205596992
0 0.3633518938039254 0.47888539258479 0.6926771774733421 0.4274349034100573 0.709746832550343 0.48889352826337334 0.3804215488809263 0.540344017438106
0 0.7130987512612558 0.4258864580758066 0.9786265853367867 0.38440304447186646 0.9943637120514708 0.4410639531231496 0.7288358779759397 0.48254736672708964
0 0.022287414972808294 0.6188877230583958 0.33462229117928277 0.5700916452471221 0.350784436179984 0.6282828155983811 0.03844955997350953 0.677078893409655
0 0.3854200751900529 0.5635901819245707 0.7073162915915261 0.513300335931524 0.7196536538917255 0.5577205259041392 0.3977574374902523 0.608010371897186
0 0.7340690726649709 0.4961877914795048 0.9982122991532483 0.45492069511937155 1.0153499763611165 0.5166242309919113 0.7512067498728392 0.5578913273520447
0 0.04138536511857943 0.6876491449021054 0.3662257946149582 0.6368993244962846 0.38625938687146594 0.7090294891307147 0.06141895737508726 0.7597793095365355
0 0.4102527383104727 0.6308173855416703 0.712880452446965 0.5835378576637456 0.7296948335963862 0.6440773787344023 0.42706711945989373 0.691356906612327
0 0.7887843253536714 0.5731407030469085 1.0209719921085376 0.5368660237943143 1.0341470474467043 0.5843022947557034 0.8019593806918379 0.6205769740082975
0 0.06435109167103034 0.7703363442804132 0.3709674629761898 0.722433668491731 0.38985535526341347 0.7904387852391906 0.08323898395825391 0.8383414610278729
0 0.416994138595956 0.7130694656446193 0.7366678989139968 0.6631268339662096 0.7529715539330247 0.7218275055985487 0.4332977936149839 0.7717701372769582
0 0.8085527637728644 0.6395035837152914 1.0394593395496092 0.6034290493066257 1.0562130726800951 0.6637502095593862 0.8253064969033507 0.6998247439680518
0 0.0853317878189853 0.8458765193983001 0.3916551732760887 0.798019616788755 0.40799233087096376 0.8568409131338561 0.10166894541386039 0.9046978157434011
0 0.4494354911294526 0.7812090982320481 0.7779878430037386 0.7298793641919201 0.796712763365544 0.7972977069020186 0.46816041149125814 0.8486274409421466
0 0.820014641202052 0.7186349960168131 1.0610001256314325 0.6809858337060696 1.0770872886766663 0.7389070344620993 0.8361018042472859 0.7765561967728428
