0 0.007531315712098987 0.15877259491987294 0.28650556250048165 0.14801539321146895 0.289277726243281 0.18845493326197235 0.010303479454898313 0.19921213497037638
0 0.322367512169855 0.12253974376958793 0.6185334401492073 0.11111963362283578 0.622149306166808 0.16386686365779832 0.3259833781874557 0.17528697380455044
0 0.633340586889474 0.10996104118047369 0.9068448087663434 0.0994147627454562 0.9109026139978778 0.15860887694740877 0.6373983921210086 0.16915515538242626
0 0.016679540053611386 0.22364671366208835 0.32144132350995436 0.2118951487223337 0.3247357792828887 0.25995373707962216 0.01997399582654579 0.2717053020193768
0 0.3362847012422309 0.1884052345366304 0.6199475748267818 0.17746724013943005 0.6236839703237197 0.2319727201044616 0.34002109673916875 0.24291071450166193
0 0.6535093629403095 0.17558547549780296 0.9340464654854069 0.1647680103249048 0.9376623315030076 0.2175152403598673 0.6571252289579103 0.2283327055327655
0 0.00017883613632774833 0.2801077954295652 0.3291653005039162 0.267422130722954 0.332339227817653 0.31372248403167946 0.003352763450064587 0.3264081487382906
0 0.3412263715503358 0.26049313996865053 0.6319222150921505 0.24928395539059875 0.6353773744572089 0.2996868422644653 0.34468153091539416 0.31089602684251705
0 0.6454437796146715 0.22937078278109715 0.9330138818800449 0.21828212627969062 0.937473450172447 0.28333704629911227 0.6499033479070736 0.2944257028005188
0 0.0060988404190861325 0.3321785656521145 0.30695342495761835 0.32057766166890905 0.3107701707204089 0.3762552685699707 0.009915586181876658 0.38785617255317606
0 0.3271503774717161 0.31803597292853286 0.6084689376581829 0.30718837487573064 0.6127678013383215 0.36989898149706824 0.3314492411518548 0.38074657954987046
0 0.6633706617787465 0.30800949605482625 0.9415635104517837 0.2972824249310124 0.9447374377655205 0.3435827782397379 0.6665445890924834 0.35430984936355164
0 0.01268373265140393 0.405378348863348 0.33307434154200166 0.39302413894973937 0.33652950090706 0.4434270258236059 0.016138892016462278 0.4557812357372146
0 0.34587676542383616 0.38547888945235065 0.6428241212815458 0.37402864757335147 0.6468015757371577 0.43205062739852096 0.349854219879448 0.4435008692775202
0 0.6563677701860782 0.3658672337863695 0.9423749571687131 0.3548388430447709 0.9465532934097938 0.4157912294990515 0.6605461064271588 0.42681962024065
0 0.01734418170913533 0.47336366063037466 0.32054313917177546 0.4616723580074573 0.324480414413903 0.5191082148385878 0.021281456951262902 0.5307995174615052
0 0.3480321379653357 0.4512103013425113 0.6465424091057838 0.43969979370370404 0.6503993320417796 0.4959634938357926 0.35188906090133154 0.5074740014745999
0 0.6668598910992187 0.43891635489339687 0.9544299933645921 0.42782769839199025 0.958045861422472 0.4805749581899647 0.6704757591570984 0.4916636146913713
0 0.019620142235856324 0.5408533052737845 0.3025016177050617 0.5299454414611743 0.30611748168238345 0.5826926417331248 0.023236006213178086 0.5936005055457351
0 0.34946841859122474 0.5293096941493233 0.6417271476527663 0.5180402449591204 0.644539484488213 0.5590658187146269 0.3522807554266715 0.5703352679048298
0 0.6706183560966622 0.5051735942547765 0.9589699160034051 0.49405480487346587 0.962947366378459 0.5520767251726115 0.674595806471716 0.563195514553922
0 0.016926242894948238 0.6044211941593436 0.31543651403539646 0.5929106865205364 0.3198559051545932 0.657379513308931 0.021345634014145035 0.6688900209477382
0 0.35697335893215165 0.5930719002038741 0.6312590086873782 0.5824954900366096 0.6350355813575213 0.6375870632326681 0.36074993160229474 0.6481634733999325
0 0.7033122239844789 0.5820676398831705 0.9330557703610493 0.5732087659977557 0.9360689930625226 0.6171648059083972 0.7063254466859524 0.6260236797938119
0 0.0315264106677983 0.6802500025605657 0.30190486150521406 0.6698242533498504 0.30600284339988404 0.7296044533420769 0.03562439256246825 0.7400302025527923
0 0.34570567361475857 0.6687230032787838 0.635620119041228 0.6575439492853222 0.6391958058453444 0.7097050563262458 0.349281360418875 0.7208841103197073
0 0.706909980289101 0.645980506320442 0.979632744524601 0.6354643607653286 0.9834093171947442 0.6905559339613871 0.7106865529592443 0.7010720795165005
0 0.0324002190299285 0.7501442091850479 0.3043415256240591 0.7396581965098383 0.30779668906967533 0.7900611429097287 0.035855382475544754 0.8005471555849382
0 0.3596228904098675 0.7345884631351575 0.6581331615503156 0.7230779554963501 0.6621909662717803 0.7822720622575499 0.3636806951313321 0.793782569896357
0 0.7002908041206947 0.7208647211802146 0.9902051602581283 0.7096856706297237 0.9937406698890394 0.7612606844396204 0.7038263137516058 0.7724397349901112
