0 0.15565716407447108 0.06289101722791653 0.4472038263977033 0.12430368307066736 0.4290937252318774 0.17266448870721213 0.13754706290864518 0.1112518228644613
0 0.49571850075382334 0.10764813572440783 0.8144220003340714 0.17478123670615558 0.7907797323648839 0.2379150157831345 0.4720762327846357 0.1707819148013867
0 0.8295114355644819 0.17954111583557006 1.1166974929479008 0.2400352447555963 1.0899415240137675 0.3114837806523885 0.8027554666303487 0.2509896517323623
0 0.1313401199592098 0.13692456260574595 0.4508715603480122 0.20423206466555147 0.42894495082938194 0.2627843881169447 0.10941351044057952 0.19547688605713914
0 0.4761996506269302 0.18527567204897427 0.7820219222394362 0.24969541475550294 0.7572012906050998 0.3159758695830827 0.4513790189925937 0.25155612687655404
0 0.8172421717416793 0.25997325639297436 1.0878825252685937 0.3169821257872165 1.0634625412021894 0.38219270038695563 0.7928221876752748 0.32518383099271353
0 0.09423822205888578 0.19668673871882703 0.43064925690542416 0.2675498324830054 0.40896039060546824 0.3254672918061176 0.07254935575892998 0.25460419804193923
0 0.4441596612013101 0.2676918656666622 0.7580645127198916 0.33381415840399464 0.7344970003494217 0.3967483118164492 0.42059214883084023 0.3306260190791167
0 0.7806590058062666 0.3190311565495226 1.0647088385563397 0.3788646573770141 1.0344350478953244 0.45970710506038354 0.7503852151452512 0.39987360423289203
0 0.0721178053600441 0.25575660049247195 0.38031073754109673 0.3206757095239745 0.35439683683779455 0.3898756054120198 0.04620390465674189 0.3249564963805173
0 0.39956036231653363 0.3284768479221475 0.7033112612234687 0.3924602676099548 0.6740577380896888 0.4705782159031706 0.3703068391827537 0.40659479621536326
0 0.7591922046415368 0.4142869378877944 1.030076097175348 0.47134710740508046 1.0076174013192403 0.531320302209593 0.7367335087854289 0.4742601326923071
0 0.040971489538407485 0.3389290196828712 0.37034210091248215 0.40830908781176894 0.34601438615315466 0.47327326853524454 0.016643774779079953 0.4038932004063468
0 0.3840643831834722 0.41001583452328055 0.7056666798190654 0.47775955081266813 0.6778291480645907 0.5520962676676623 0.35622685142899735 0.48435255137827476
0 0.7214603780741001 0.4786055268480036 1.0049924035129736 0.538329954475616 0.9755515078751132 0.6169482580770927 0.6920194824362399 0.5572238304494802
0 0.01198908505679358 0.4163229788430731 0.3219378623210276 0.4816119467729962 0.2942322367264749 0.5555964243939934 -0.015716540537759064 0.49030745646407037
0 0.3521290334841235 0.48509055881864205 0.6758019855214266 0.5532704470307241 0.6482470664617666 0.626852481320491 0.3245741144244634 0.5586725931084089
0 0.6946540611549236 0.565823544967432 0.9727592238106411 0.6244048344502939 0.9464257865214342 0.6947250513736876 0.6683206238657167 0.6361437618908256
0 -0.01680273159728818 0.4932079965677977 0.2678933058551088 0.5531776167839785 0.24198501652247562 0.6223625281943669 -0.04271102092992128 0.5623929079781862
0 0.3131246349189779 0.5742608105237584 0.6301126305851891 0.6410325502476372 0.6088025935868847 0.6979383923490207 0.29181459792067366 0.6311666526251422
0 0.6639725781613431 0.6434323752637323 0.9435780248806346 0.7023296911525605 0.9143886739083125 0.7802762755533766 0.6347832271890209 0.7213789596645483
0 -0.0438558923139846 0.5654501466968747 0.2488815231107103 0.6271136379880756 0.21723493438793862 0.7116219746488133 -0.07550248103675627 0.6499584833576122
0 0.28732674961516524 0.6490816625670681 0.5853334792029796 0.7118551052716771 0.557586223631103 0.7859507506450566 0.2595794940432885 0.7231773079404477
0 0.6588004040955914 0.7426277641479708 0.908769208033826 0.7952822878013793 0.8861110358745784 0.8557881596261308 0.6361422319363438 0.8031336359727222
0 -0.07673104350279768 0.6532392088537623 0.1946933805285306 0.7104132382930587 0.16494331690124842 0.7898571371194637 -0.1064811071300799 0.7326831076801676
0 0.23601072886869987 0.7320422264545008 0.5511718663694876 0.7984291487732983 0.5239979483650385 0.8709937664396201 0.20883681086425082 0.8046068441208226
0 0.6289466152595312 0.8180494841991123 0.8804076694580963 0.871018341982986 0.8516862810125226 0.9477152898083873 0.6002252268139576 0.8947464320245138
0 -0.106761142462445 0.7334309077148481 0.1609174060379717 0.7898158895264501 0.1347930426715314 0.8595778001626502 -0.13288550582888534 0.8031928183510485
0 0.2156890269394647 0.8117142781973007 0.5411610631366921 0.8802731333763032 0.5102152215235104 0.9629102107626202 0.18474318532628306 0.8943513555836173
0 0.5823769039476724 0.9032450311526901 0.8474314114636725 0.9590772734787856 0.8194976617592852 1.0336709285768004 0.554443154243285 0.9778386862507048
