0 -0.05076101173291639 0.2132436042260577 0.22353462245106911 0.17359806761860938 0.23375139834931502 0.21335940549104643 -0.04054423583467049 0.2530049420984948
0 0.2543439024577989 0.1446412584800729 0.5455429001215788 0.10255258085209454 0.5588691305348679 0.15441519928534236 0.26767013287108793 0.19650387691332075
0 0.5599931525801277 0.09986634778551304 0.8289104983759239 0.06099816634747417 0.8438654904094943 0.11919954974362781 0.574948144613698 0.15806773118166667
0 -0.02971530450057074 0.2765411824096375 0.269935389535038 0.2332309321565563 0.28207706638445984 0.28048354103786644 -0.01757362765114885 0.32379379129094765
0 0.2802957293091136 0.2084250355596204 0.559201358413105 0.16811318968733463 0.5729717987626641 0.22170457084751638 0.2940661696586726 0.26201641671980214
0 0.5920917231789912 0.16276170418584585 0.8679240028270698 0.12289406730990211 0.8812502332403587 0.17475668574314998 0.6054179535922802 0.2146243226190937
0 -0.035625437755824274 0.33417241963265865 0.2878436706673145 0.28741955600244 0.29954114134017806 0.3329434167887479 -0.023927967082960678 0.3796962804189665
0 0.2985082355908823 0.27930397294432097 0.5843288863387464 0.23799265894510338 0.5970628343305342 0.28755025065448486 0.31124218358267025 0.3288615646537024
0 0.5940409802497696 0.21686636823747102 0.8767883108055838 0.17599925900491986 0.893223995733916 0.23996315799897855 0.6104766651781017 0.2808302672315297
0 -0.020142274848339987 0.3851256487004187 0.2756667469993092 0.3423706575779273 0.2897333172804837 0.3971145082042472 -0.006075704567165493 0.4398694993267387
0 0.2951992792626098 0.3377545406044456 0.5717999109065982 0.29777584936457857 0.5876433209328527 0.3594347508986342 0.3110426892888642 0.3994134421385013
0 0.626323719933643 0.2928834452700429 0.8998510606494453 0.2533489545671666 0.9115485313223088 0.2988728153534745 0.6380211906065066 0.3384073060563507
0 -9.697477921934687e-05 0.45693496779985593 0.31492043727209057 0.4114036767947401 0.32765438526387847 0.46096126850412156 0.012636973212568587 0.5064925595092374
0 0.3262053473465722 0.4026007355377128 0.6181726677423985 0.3604010077754867 0.6328315279644975 0.4174499143895364 0.3408642075686712 0.45964964215176246
0 0.6300778138386789 0.35091081514468164 0.9112884404026734 0.3102658146399772 0.9266876480120814 0.3701959827109622 0.6454770214480868 0.4108409832156667
0 0.017079053776709947 0.5237801136189184 0.3151931316120889 0.4806919594046569 0.3297039118295333 0.5371645727579107 0.0315898339941544 0.5802527269721722
0 0.34048404877240573 0.4674740616204739 0.633988073160052 0.4250522251304012 0.6482027159264576 0.4803723397536535 0.35469869153881134 0.5227941762437263
0 0.6539648153596225 0.4221648708838534 0.936712145915437 0.38129776165130225 0.9500383838481493 0.4331604093484135 0.6672910532923348 0.47402751858096465
0 0.03180201990682846 0.5903821793373304 0.3099393555426368 0.5501813793696168 0.32326557843650244 0.6020439685390012 0.04512824280069412 0.642244768506715
0 0.3563356252963394 0.5446707893370533 0.6436929507721597 0.5031373708396647 0.65405778411679 0.5434749141813074 0.3667004586409696 0.585008332678696
0 0.6699282932625069 0.4873923522357003 0.9534439758142311 0.44641418863922583 0.9681028209974835 0.5034630367255487 0.684587138445759 0.5444412003220233
0 0.04087851003830496 0.6536168087655747 0.3343825344259512 0.611194972275502 0.3506701468690522 0.6745826072726282 0.05716612248140597 0.7170044437627009
0 0.3755484708143272 0.6070379576854186 0.6452341393421699 0.568058726113132 0.6591526521769601 0.6222263712702462 0.3894669836491173 0.6612056028425327
0 0.7165132322512695 0.560146948379835 0.9424038027197386 0.5274976759718824 0.9535089984905244 0.5707165392981872 0.7276184280220553 0.6033658117061399
0 0.06934748683180662 0.7271968125330411 0.33519148317168995 0.6887728400913443 0.35029454581063557 0.7475504801684646 0.08445054947075219 0.7859744526101613
0 0.3783663021273002 0.6831302599304307 0.6634186594069811 0.641929991835785 0.6765968098156154 0.6932163170082372 0.39154445253593473 0.7344165851028828
0 0.7318844202132296 0.6230693737439522 1.0000334140131157 0.5843122466698367 1.0139519268479058 0.6384798918269509 0.7458029330480196 0.6772370189010664
0 0.08312607864019808 0.79632596134802 0.3505067204441745 0.7576798886378278 0.36324068347480926 0.807237538874936 0.09586004167083274 0.8458836115851281
0 0.404318150723055 0.7469140035164392 0.6978221751107012 0.7044921670263665 0.7127771652644157 0.7626935431065544 0.41927314087676937 0.805115379596627
0 0.7391642324887042 0.6979190942678432 1.0242165019767948 0.6567188388622246 1.0372465799001982 0.7074289000377442 0.7521943104121076 0.7486291554433628
