0 -0.08179875220746806 0.25008766236309493 0.18688956483560795 0.1927779521698886 0.20165845222979206 0.23172646474140207 -0.06702986481328395 0.2890361749346084
0 0.21424004019433335 0.16192910918365 0.49948617194439426 0.10108771003301882 0.5187499395285112 0.15189012147398862 0.2335038077784503 0.21273152062461986
0 0.5135720238480526 0.09747314989567173 0.7769919987248598 0.041287147521511025 0.798610226972642 0.09829874306080438 0.5351902520958347 0.1544847454349651
0 -0.05352432386768908 0.3117807742746047 0.2400007295686811 0.2491735275881516 0.25755216261875624 0.29546017007877856 -0.035972890817613984 0.35806741676523157
0 0.24745829381104717 0.22378798485477 0.5206623654716492 0.16551508954327449 0.5405682619028201 0.21801092329863345 0.2673641902422181 0.2762838186101289
0 0.5528113661994787 0.1580477650019904 0.8230049156713073 0.10041699717883355 0.8422686832554244 0.15121940861980337 0.5720751337835956 0.2088501764429602
0 -0.05275867934005042 0.3695793702965171 0.26409787806086105 0.30199564474676777 0.28100718769874344 0.3465888792558225 -0.035849369702168114 0.41417260480557183
0 0.2737854372056347 0.2932179731470452 0.5537631694581594 0.23350029404389716 0.5721707616229638 0.2820447995104702 0.292193029370439 0.34176247861361814
0 0.560999736480772 0.21182263512712837 0.8379669752101573 0.15274707739810015 0.861725622984207 0.2154033877085263 0.5847583842548217 0.27447894543755447
0 -0.03145107014970688 0.41933573418396847 0.2583108448835137 0.3575311438008293 0.27864481271975744 0.4111558875449359 -0.01111710231346315 0.47296047792807516
0 0.2772370815978516 0.35166389892645783 0.5481832759496906 0.29387259617410694 0.57108575917415 0.35427102917577 0.300139564822311 0.4120623319281209
0 0.6019374711771789 0.28545772800241165 0.8698732006715121 0.22830854050996174 0.8867825103093945 0.27290177501901647 0.6188467808150612 0.3300509625114663
0 -0.0031906031536156833 0.48957358611074836 0.30538703256098654 0.4237557080968209 0.32379462472579085 0.4723002135633939 0.015216989011188602 0.5381180915773214
0 0.31561325080787356 0.4142529739567158 0.6016119987723109 0.3532510459911093 0.6228021528975897 0.4091337243752464 0.3368034049331523 0.4701356523408529
0 0.6123767797351265 0.34302336282150764 0.8878387287044915 0.28426887495086756 0.9100990939516194 0.34297391430377533 0.6346371449822544 0.4017284021744154
0 0.0216382503074221 0.5550522430571282 0.3136580999806732 0.4927660478864068 0.3346341966639708 0.5480842139449027 0.04261434699071977 0.610370409115624
0 0.3373280105141517 0.47795537271473165 0.6248320482386094 0.41663237489073707 0.6453800626471118 0.4708216022948514 0.3578760249226542 0.532144600118846
0 0.6444004138000011 0.41245855233075474 0.9213676525293865 0.35338299460172656 0.9406314309832258 0.4041854347083301 0.6636641922538404 0.4632609924373584
0 0.043995190757160456 0.6204480375682787 0.31644667486901984 0.5623356649575397 0.33571043158341446 0.6131380477328758 0.06325894747155507 0.6712504203436148
0 0.3620324861825997 0.5538327444093507 0.6435154795295109 0.4937940015620333 0.6584983917565091 0.5333069404622869 0.3770153984095978 0.5933456833096042
0 0.6678345098385583 0.4764043648903902 0.9455543934479537 0.41716827223216796 0.9667445258337879 0.4730508932850377 0.6890246422243924 0.53228698594326
0 0.060338088627589694 0.6828557319073834 0.34784212635204736 0.6215327340833887 0.3713867275538384 0.6836245607338073 0.08388268982938077 0.7449475585578018
0 0.3883735200024545 0.6147179690827511 0.6525461110936384 0.5583714378936152 0.6726660540970679 0.6114317553089818 0.4084934630058841 0.6677782864981177
0 0.7226440709927581 0.5458604288272305 0.9439168498892764 0.49866418683293545 0.9599699949775682 0.5409995440332273 0.7386972160810501 0.5881957860275222
0 0.09719502181238449 0.7543105748650385 0.3576044745004187 0.6987666999792164 0.37943674660302906 0.756342772012109 0.11902729391499486 0.811886646897931
0 0.3999656957939607 0.6903414897619541 0.6791908404977428 0.6307843333595625 0.6982405506398787 0.6810222324748909 0.4190154059360966 0.7405793888772824
0 0.7452219807422802 0.6075483067468355 1.0078893107390774 0.5515228393018689 1.0280092537425072 0.6045831567172354 0.76534192374571 0.660608624162202
0 0.11890288894809922 0.8222852899820857 0.38081757406488626 0.7664203574663131 0.3992251879691352 0.8149649202641537 0.13731050285234814 0.8708298527799263
0 0.433183967206586 0.7522003306532214 0.7206880049310437 0.6908773328292268 0.7423062304613952 0.7478889212021117 0.4548021927369376 0.8092119190261063
0 0.7611159219103212 0.6816441464193039 1.040340980617202 0.6220870083595689 1.0591766441870794 0.6717604238148897 0.7799515854801985 0.7313175618746247
