0 0.04606325564313816 0.12993414388567792 0.32528156770040034 0.1361859409516928 0.32367046049765946 0.17666086020773009 0.04445214844039733 0.1704090631417152
0 0.363780886252232 0.11297619545280659 0.6602059199292512 0.11961325712036407 0.6581044755970994 0.17240663394854974 0.36167944192008017 0.16576957228099226
0 0.6750895819563415 0.1193593899774217 0.9488330835596389 0.12548860409505866 0.9464747960115727 0.1847345052542845 0.6727312944082754 0.17860529113664753
0 0.04816423298652104 0.19515104336661768 0.353192642367944 0.20198073766844016 0.3512779930480139 0.2500813708826443 0.04624958366659089 0.24325167658082186
0 0.37052787851927094 0.17947135608826031 0.6544389192959893 0.1858282250151562 0.6522674264637058 0.2403813900076632 0.3683563856869875 0.23402452108076738
0 0.6880936301034126 0.18599465204081236 0.9688761652077932 0.19228147261579598 0.9667747208756414 0.24507484944398164 0.685992185771261 0.23878802886899803
0 0.025610813960867868 0.25042208503279656 0.3548850976193333 0.25779465306145793 0.3530404962066571 0.304135513005866 0.0237662125481917 0.2967629449772047
0 0.3676558887555338 0.2516223279178609 0.658606052400487 0.25813680530306554 0.6565980064637625 0.30858378798247255 0.3656478428188094 0.3020693105972678
0 0.6742369544992236 0.23911195386727813 0.9620586422608894 0.245556383567558 0.9594668607993266 0.310668217967892 0.6716451730376608 0.30422378826761215
0 0.02587908269798446 0.302681421596016 0.32699687488351037 0.3094235557914419 0.3247786846321463 0.3651498731747624 0.0236608924466204 0.35840773897933653
0 0.34740218046478755 0.30811908124756276 0.6289668568817778 0.31442341424401815 0.626468472629887 0.37718888428462416 0.34490379621289674 0.3708845512881688
0 0.6835988112832251 0.3185821976226803 0.9620350416059784 0.32481648360119836 0.9601904401933024 0.3711573435456064 0.6817542098705489 0.3649230575670884
0 0.02452463286393273 0.3760405845534177 0.34519554081799436 0.38322051994781403 0.3431874948812699 0.4336675026272211 0.02251658692720831 0.42648756723282477
0 0.35877189882048227 0.37647907311964934 0.6559790440210607 0.3831336465416912 0.6536674541885138 0.44120638786284094 0.35646030898793546 0.4345518144407991
0 0.670360831281842 0.3758231643946673 0.9566182364182882 0.38223256925200366 0.9541898994807737 0.44323828091733886 0.6679324943443273 0.4368288760600025
0 0.02181610489028001 0.4440853744034119 0.32528032101363524 0.45088004586325303 0.3229920822621395 0.5083661514108949 0.01952786613878427 0.5015714799510538
0 0.3538103435257946 0.44212497624002545 0.6525817713515923 0.44881457450501083 0.6503402312049326 0.5051274978727887 0.35156880337913476 0.49843789960780327
0 0.6729170284327378 0.44926988812545304 0.9607387161944038 0.4557143178257329 0.9586372706764966 0.5085077244429692 0.6708155829148306 0.5020632947426893
0 0.016784561266439495 0.5114910521275589 0.29991352030864926 0.5178304099669577 0.2978120771622529 0.5706237570060929 0.014683118120043102 0.5642843991666939
0 0.34679428644692334 0.5200543445466066 0.6393087029280455 0.5266038461077674 0.6376742482015197 0.5676653117701609 0.3451598317203976 0.5611158102089999
0 0.669496405867974 0.51553742207323 0.9581002349422497 0.5219993641949816 0.9557886474812136 0.5800720459380302 0.6671848184069379 0.5736101038162785
0 0.007223734040068752 0.5746855203613007 0.3059951618658666 0.5813751186262861 0.30342673029959955 0.6459003470421627 0.004655302473801693 0.6392107487771773
0 0.3473776657647139 0.5840630143294571 0.6219032788915705 0.5902097402015785 0.6197084361639913 0.6453495111785428 0.3451828230371347 0.6392027853064214
0 0.6937652887277896 0.5941672116528828 0.9237098300745594 0.5993157515116979 0.9219586258715553 0.6433102470963779 0.6920140845247854 0.6381617072375628
0 0.01357377386435419 0.6511527142975797 0.2841887697953137 0.6572118800633046 0.28180713264839063 0.717044379759725 0.011192136717431076 0.7109852139940003
0 0.3279643331014589 0.6587792188842038 0.6181324150119036 0.6652761851819116 0.6160543217608029 0.7174829262365893 0.32588623985035825 0.7109859599388816
0 0.6904380657442086 0.6580883216628304 0.963399426034896 0.6642000233589955 0.9612045833073171 0.71933979433596 0.6882432230166294 0.7132280926397948
0 0.006884610576601073 0.7208697179779608 0.27906382955467895 0.7269639072526541 0.27705578124644376 0.7774109495101623 0.004876562268365854 0.771316760235469
0 0.33471135634330385 0.7252743503975944 0.6334827841691018 0.7319639486625797 0.6311244969174743 0.791209842374543 0.33235306909167645 0.7845202441095576
0 0.6757408712738067 0.7323229934279756 0.9659088638170994 0.7388199577247211 0.9638541204612943 0.7904400927949417 0.6736861279180016 0.783943128498196
