0.0 0.029194053208137755 0.09213615023474178 0.3171439749608763 0.09213615023474178 0.3171439749608763 0.14201877934272303 0.029194053208137755 0.14201877934272303
0.0 0.3805242566510174 0.07863849765258216 0.6371752738654148 0.07863849765258216 0.6371752738654148 0.15669014084507044 0.3805242566510174 0.15669014084507044
0.0 0.6794287949921753 0.10211267605633806 0.9650312989045384 0.10211267605633806 0.9650312989045384 0.17546948356807512 0.6794287949921753 0.17546948356807512
0.0 0.03623630672926445 0.15669014084507046 0.3288810641627543 0.15669014084507046 0.3288810641627543 0.21185446009389672 0.03623630672926445 0.21185446009389672
0.0 0.36409233176838807 0.1596244131455399 0.6348278560250391 0.1596244131455399 0.6348278560250391 0.21889671361502347 0.36409233176838807 0.21889671361502347
0.0 0.6950782472613459 0.16666666666666669 0.9540766823161191 0.16666666666666669 0.9540766823161191 0.22359154929577468 0.6950782472613459 0.22359154929577468
0.0 0.01980438184663541 0.22652582159624413 0.3210563380281691 0.22652582159624413 0.3210563380281691 0.2869718309859155 0.01980438184663541 0.2869718309859155
0.0 0.37191705790297347 0.22124413145539906 0.6403051643192489 0.22124413145539906 0.6403051643192489 0.2746478873239437 0.37191705790297347 0.2746478873239437
0.0 0.673169014084507 0.23943661971830982 0.9423395931142411 0.23943661971830982 0.9423395931142411 0.29225352112676056 0.673169014084507 0.29225352112676056
0.0 0.027629107981220702 0.28638497652582157 0.2991471048513302 0.28638497652582157 0.2991471048513302 0.34683098591549294 0.027629107981220702 0.34683098591549294
0.0 0.372699530516432 0.2887323943661972 0.6395226917057903 0.2887323943661972 0.6395226917057903 0.35269953051643194 0.372699530516432 0.35269953051643194
0.0 0.6974256651017217 0.30809859154929575 0.9556416275430362 0.30809859154929575 0.9556416275430362 0.3573943661971831 0.6974256651017217 0.3573943661971831
0.0 0.03388888888888891 0.36326291079812206 0.3069718309859155 0.36326291079812206 0.3069718309859155 0.4084507042253522 0.03388888888888891 0.4084507042253522
0.0 0.3648748043818466 0.3726525821596244 0.661431924882629 0.3726525821596244 0.661431924882629 0.4184272300469484 0.3648748043818466 0.4184272300469484
0.0 0.6974256651017215 0.36561032863849774 0.9525117370892019 0.36561032863849774 0.9525117370892019 0.4154929577464789 0.6974256651017215 0.4154929577464789
0.0 0.023716744913928056 0.420774647887324 0.3030594679186229 0.420774647887324 0.3030594679186229 0.47828638497652587 0.023716744913928056 0.47828638497652587
0.0 0.3648748043818467 0.42664319248826293 0.6457824726134586 0.42664319248826293 0.6457824726134586 0.4894366197183098 0.3648748043818467 0.4894366197183098
0.0 0.6802112676056338 0.43368544600938963 0.9556416275430362 0.43368544600938963 0.9556416275430362 0.4823943661971831 0.6802112676056338 0.4823943661971831
0.0 0.022151799687010976 0.49471830985915494 0.30775430359937406 0.49471830985915494 0.30775430359937406 0.5539906103286386 0.022151799687010976 0.5539906103286386
0.0 0.3562676056338029 0.49530516431924887 0.6598669796557123 0.49530516431924887 0.6598669796557123 0.5592723004694836 0.3562676056338029 0.5592723004694836
0.0 0.6997730829420972 0.4964788732394367 0.9822456964006261 0.4964788732394367 0.9822456964006261 0.556924882629108 0.6997730829420972 0.556924882629108
0.0 0.027629107981220702 0.5751173708920188 0.32340375586854464 0.5751173708920188 0.32340375586854464 0.6232394366197183 0.027629107981220702 0.6232394366197183
0.0 0.35783255086071986 0.5727699530516431 0.6590845070422535 0.5727699530516431 0.6590845070422535 0.6261737089201879 0.35783255086071986 0.6261737089201879
0.0 0.6903834115805947 0.5663145539906104 0.980680751173709 0.5663145539906104 0.980680751173709 0.6244131455399061 0.6903834115805947 0.6244131455399061
0.0 0.022934272300469488 0.6408450704225351 0.2991471048513302 0.6408450704225351 0.2991471048513302 0.7007042253521126 0.022934272300469488 0.7007042253521126
0.0 0.3617449139280126 0.6420187793427229 0.6348278560250391 0.6420187793427229 0.6348278560250391 0.6936619718309859 0.3617449139280126 0.6936619718309859
0.0 0.6958607198748045 0.6384976525821596 0.9932003129890455 0.6384976525821596 0.9932003129890455 0.6889671361502346 0.6958607198748045 0.6889671361502346
0.0 0.029976525821596267 0.7071596244131456 0.29288732394366196 0.7071596244131456 0.29288732394366196 0.7664319248826291 0.029976525821596267 0.7664319248826291
0.0 0.37504694835680763 0.7089201877934272 0.6285680751173709 0.7089201877934272 0.6285680751173709 0.7681924882629108 0.37504694835680763 0.7681924882629108
0.0 0.6950782472613459 0.7065727699530515 0.9877230046948358 0.7065727699530515 0.9877230046948358 0.75 0.6950782472613459 0.75
