0.0 0.025281690140845053 0.08215962441314553 0.30149452269170585 0.08215962441314553 0.30149452269170585 0.14084507042253522 0.025281690140845053 0.14084507042253522
0.0 0.37035211267605633 0.07570422535211267 0.606658841940532 0.07570422535211267 0.606658841940532 0.12969483568075116 0.37035211267605633 0.12969483568075116
0.0 0.6778638497652583 0.07805164319248825 0.9415571205007824 0.07805164319248825 0.9415571205007824 0.11150234741784038 0.6778638497652583 0.11150234741784038
0.0 0.03936619718309861 0.15669014084507044 0.30540688575899855 0.15669014084507044 0.30540688575899855 0.2030516431924883 0.03936619718309861 0.2030516431924883
0.0 0.35000782472613456 0.1437793427230047 0.6246557120500783 0.1437793427230047 0.6246557120500783 0.18838028169014082 0.35000782472613456 0.18838028169014082
0.0 0.6833411580594679 0.13145539906103287 0.9298200312989044 0.13145539906103287 0.9298200312989044 0.1848591549295775 0.6833411580594679 0.1848591549295775
0.0 0.041713615023474176 0.21126760563380284 0.31401408450704227 0.21126760563380284 0.31401408450704227 0.26115023474178406 0.041713615023474176 0.26115023474178406
0.0 0.3656572769953052 0.20363849765258216 0.6809937402190924 0.20363849765258216 0.6809937402190924 0.25586854460093894 0.3656572769953052 0.25586854460093894
0.0 0.6903834115805948 0.20481220657276997 0.9548591549295776 0.20481220657276997 0.9548591549295776 0.25704225352112675 0.6903834115805948 0.25704225352112675
0.0 0.05110328638497655 0.2711267605633803 0.30775430359937406 0.2711267605633803 0.30775430359937406 0.3233568075117372 0.05110328638497655 0.3233568075117372
0.0 0.35939749608763694 0.26760563380281693 0.6575195618153364 0.26760563380281693 0.6575195618153364 0.3221830985915493 0.35939749608763694 0.3221830985915493
0.0 0.6903834115805948 0.2717136150234742 0.9532942097026605 0.2717136150234742 0.9532942097026605 0.3198356807511737 0.6903834115805948 0.3198356807511737
0.0 0.040931142410015664 0.33509389671361506 0.2905399061032864 0.33509389671361506 0.2905399061032864 0.3961267605633803 0.040931142410015664 0.3961267605633803
0.0 0.360962441314554 0.3292253521126761 0.6762989045383412 0.3292253521126761 0.6762989045383412 0.38497652582159625 0.360962441314554 0.38497652582159625
0.0 0.6958607198748045 0.3315727699530517 0.9626838810641628 0.3315727699530517 0.9626838810641628 0.38615023474178417 0.6958607198748045 0.38615023474178417
0.0 0.028411580594679187 0.4160798122065728 0.3445305164319249 0.4160798122065728 0.3445305164319249 0.45715962441314556 0.028411580594679187 0.45715962441314556
0.0 0.3687871674491392 0.3996478873239437 0.661431924882629 0.3996478873239437 0.661431924882629 0.44894366197183105 0.3687871674491392 0.44894366197183105
0.0 0.7036854460093896 0.39847417840375593 0.9642488262910799 0.39847417840375593 0.9642488262910799 0.45774647887323944 0.7036854460093896 0.45774647887323944
0.0 0.05110328638497652 0.47183098591549294 0.32340375586854464 0.47183098591549294 0.32340375586854464 0.5140845070422536 0.05110328638497652 0.5140845070422536
0.0 0.36565727699530515 0.4683098591549296 0.6395226917057902 0.4683098591549296 0.6395226917057902 0.5146713615023475 0.36565727699530515 0.5146713615023475
0.0 0.6716040688575899 0.4730046948356808 0.9822456964006261 0.4730046948356808 0.9822456964006261 0.5158450704225352 0.6716040688575899 0.5158450704225352
0.0 0.041713615023474176 0.5305164319248826 0.3226212832550861 0.5305164319248826 0.3226212832550861 0.5833333333333334 0.041713615023474176 0.5833333333333334
0.0 0.3570500782472614 0.5340375586854459 0.6207433489827857 0.5340375586854459 0.6207433489827857 0.5845070422535211 0.3570500782472614 0.5845070422535211
0.0 0.6833411580594679 0.5346244131455399 0.9712910798122067 0.5346244131455399 0.9712910798122067 0.5880281690140846 0.6833411580594679 0.5880281690140846
0.0 0.040148669796557124 0.5974178403755869 0.30853677621283265 0.5974178403755869 0.30853677621283265 0.6525821596244131 0.040148669796557124 0.6525821596244131
0.0 0.360962441314554 0.5950704225352113 0.6324804381846637 0.5950704225352113 0.6324804381846637 0.6561032863849765 0.360962441314554 0.6561032863849765
0.0 0.6935133020344287 0.6068075117370891 0.9564241001564945 0.6068075117370891 0.9564241001564945 0.6514084507042254 0.6935133020344287 0.6514084507042254
0.0 0.04640845070422539 0.6625586854460095 0.33983568075117376 0.6625586854460095 0.33983568075117376 0.7341549295774648 0.04640845070422539 0.7341549295774648
0.0 0.37582942097026606 0.6754694835680752 0.6481298904538343 0.6754694835680752 0.6481298904538343 0.721244131455399 0.37582942097026606 0.721244131455399
0.0 0.7013380281690141 0.6742957746478874 0.9916353677621285 0.6742957746478874 0.9916353677621285 0.7259389671361504 0.7013380281690141 0.7259389671361504
