0.0 0.06440532081377151 0.10035211267605632 0.36565727699530515 0.10035211267605632 0.36565727699530515 0.16549295774647887 0.06440532081377151 0.16549295774647887
0.0 0.39147887323943675 0.09800469483568076 0.6590845070422537 0.09800469483568076 0.6590845070422537 0.1490610328638498 0.39147887323943675 0.1490610328638498
0.0 0.7075978090766825 0.09683098591549295 0.927472613458529 0.09683098591549295 0.927472613458529 0.14730046948356806 0.7075978090766825 0.14730046948356806
0.0 0.07848982785602507 0.16784037558685447 0.3562676056338029 0.16784037558685447 0.3562676056338029 0.2165492957746479 0.07848982785602507 0.2165492957746479
0.0 0.38600156494522697 0.16314553990610328 0.6880359937402191 0.16314553990610328 0.6880359937402191 0.21185446009389672 0.38600156494522697 0.21185446009389672
0.0 0.6872535211267605 0.15258215962441318 0.9626838810641627 0.15258215962441318 0.9626838810641627 0.21244131455399062 0.6872535211267605 0.21244131455399062
0.0 0.07379499217527391 0.2265258215962441 0.32809859154929577 0.2265258215962441 0.32809859154929577 0.28169014084507044 0.07379499217527391 0.28169014084507044
0.0 0.3789593114241002 0.22946009389671365 0.6481298904538343 0.22946009389671365 0.6481298904538343 0.2664319248826291 0.3789593114241002 0.2664319248826291
0.0 0.696643192488263 0.22593896713615025 0.9634663536776213 0.22593896713615025 0.9634663536776213 0.2699530516431925 0.696643192488263 0.2699530516431925
0.0 0.0816197183098592 0.29694835680751175 0.3445305164319249 0.29694835680751175 0.3445305164319249 0.3345070422535211 0.0816197183098592 0.3345070422535211
0.0 0.3836541471048514 0.2904929577464789 0.6700391236306731 0.2904929577464789 0.6700391236306731 0.3345070422535211 0.3836541471048514 0.3345070422535211
0.0 0.7005555555555557 0.28873239436619713 0.9431220657276996 0.28873239436619713 0.9431220657276996 0.33333333333333326 0.7005555555555557 0.33333333333333326
0.0 0.06831768388106421 0.3485915492957747 0.3703521126760564 0.3485915492957747 0.3703521126760564 0.40375586854460094 0.06831768388106421 0.40375586854460094
0.0 0.3867840375586855 0.35035211267605637 0.6872535211267605 0.35035211267605637 0.6872535211267605 0.39906103286384975 0.3867840375586855 0.39906103286384975
0.0 0.6864710485133021 0.341549295774648 0.9462519561815337 0.341549295774648 0.9462519561815337 0.39964788732394363 0.6864710485133021 0.39964788732394363
0.0 0.06127543035993743 0.420774647887324 0.359397496087637 0.420774647887324 0.359397496087637 0.471830985915493 0.06127543035993743 0.471830985915493
0.0 0.38365414710485146 0.4225352112676056 0.6997730829420971 0.4225352112676056 0.6997730829420971 0.4636150234741784 0.38365414710485146 0.4636150234741784
0.0 0.7169874804381848 0.41490610328638494 0.9517292644757434 0.41490610328638494 0.9517292644757434 0.46009389671361506 0.7169874804381848 0.46009389671361506
0.0 0.08240219092331774 0.4835680751173709 0.37895931142410016 0.4835680751173709 0.37895931142410016 0.5334507042253521 0.08240219092331774 0.5334507042253521
0.0 0.3953912363067291 0.48180751173708924 0.7083802816901408 0.48180751173708924 0.7083802816901408 0.5240610328638498 0.3953912363067291 0.5240610328638498
0.0 0.7162050078247262 0.4765258215962442 0.9423395931142411 0.4765258215962442 0.9423395931142411 0.5305164319248826 0.7162050078247262 0.5305164319248826
0.0 0.06597026604068865 0.5416666666666667 0.3766118935837246 0.5416666666666667 0.3766118935837246 0.5980046948356808 0.06597026604068865 0.5980046948356808
0.0 0.39226134585289507 0.5346244131455399 0.6802112676056339 0.5346244131455399 0.6802112676056339 0.5862676056338029 0.39226134585289507 0.5862676056338029
0.0 0.7044679186228482 0.5357981220657279 0.9673787167449139 0.5357981220657279 0.9673787167449139 0.5927230046948356 0.7044679186228482 0.5927230046948356
0.0 0.06440532081377151 0.6103286384976526 0.38208920187793427 0.6103286384976526 0.38208920187793427 0.6643192488262911 0.06440532081377151 0.6643192488262911
0.0 0.39539123630672934 0.6044600938967137 0.7029029733959313 0.6044600938967137 0.7029029733959313 0.6549295774647887 0.39539123630672934 0.6549295774647887
0.0 0.7162050078247262 0.6115023474178404 0.9744209702660407 0.6115023474178404 0.9744209702660407 0.6566901408450704 0.7162050078247262 0.6566901408450704
0.0 0.0816197183098592 0.6719483568075116 0.36252738654147104 0.6719483568075116 0.36252738654147104 0.7194835680751174 0.0816197183098592 0.7194835680751174
0.0 0.3883489827856026 0.6754694835680751 0.7224647887323945 0.6754694835680751 0.7224647887323945 0.7300469483568074 0.3883489827856026 0.7300469483568074
0.0 0.7021205007824727 0.6731220657276995 0.9650312989045384 0.6731220657276995 0.9650312989045384 0.715962441314554 0.7021205007824727 0.715962441314554
