0.0 0.022151799687010976 0.10328638497652584 0.2983646322378717 0.10328638497652584 0.2983646322378717 0.14143192488262912 0.022151799687010976 0.14143192488262912
0.0 0.3343583724569641 0.09448356807511739 0.5957042253521126 0.09448356807511739 0.5957042253521126 0.1602112676056338 0.3343583724569641 0.1602112676056338
0.0 0.6559546165884194 0.10680751173708922 0.9665962441314555 0.10680751173708922 0.9665962441314555 0.17136150234741784 0.6559546165884194 0.17136150234741784
0.0 0.022934272300469488 0.1666666666666667 0.31792644757433497 0.1666666666666667 0.31792644757433497 0.22183098591549297 0.022934272300469488 0.22183098591549297
0.0 0.3343583724569641 0.16960093896713618 0.6340453834115806 0.16960093896713618 0.6340453834115806 0.215962441314554 0.3343583724569641 0.215962441314554
0.0 0.6504773082942097 0.17312206572769956 0.9517292644757434 0.17312206572769956 0.9517292644757434 0.22711267605633806 0.6504773082942097 0.22711267605633806
0.0 0.01902190923317687 0.23826291079812206 0.2983646322378717 0.23826291079812206 0.2983646322378717 0.2910798122065728 0.01902190923317687 0.2910798122065728
0.0 0.34687793427230057 0.23004694835680745 0.616830985915493 0.23004694835680745 0.616830985915493 0.28931924882629106 0.34687793427230057 0.28931924882629106
0.0 0.6614319248826291 0.23415492957746478 0.9971126760563381 0.23415492957746478 0.9971126760563381 0.2904929577464789 0.6614319248826291 0.2904929577464789
0.0 0.01980438184663541 0.2981220657276996 0.2788028169014085 0.2981220657276996 0.2788028169014085 0.357981220657277 0.01980438184663541 0.357981220657277
0.0 0.3421830985915494 0.29929577464788737 0.6481298904538343 0.29929577464788737 0.6481298904538343 0.3497652582159625 0.3421830985915494 0.3497652582159625
0.0 0.6661267605633803 0.29870892018779344 0.9540766823161191 0.29870892018779344 0.9540766823161191 0.3597417840375587 0.6661267605633803 0.3597417840375587
0.0 0.023716744913928056 0.3661971830985916 0.3171439749608764 0.3661971830985916 0.3171439749608764 0.42194835680751175 0.023716744913928056 0.42194835680751175
0.0 0.36409233176838807 0.3703051643192488 0.6168309859154929 0.3703051643192488 0.6168309859154929 0.41255868544600943 0.36409233176838807 0.41255868544600943
0.0 0.6637793427230049 0.36737089201877937 0.9431220657276996 0.36737089201877937 0.9431220657276996 0.414906103286385 0.6637793427230049 0.414906103286385
0.0 0.01589201877934271 0.42781690140845074 0.30775430359937406 0.42781690140845074 0.30775430359937406 0.48180751173708913 0.01589201877934271 0.48180751173708913
0.0 0.3507902973395932 0.431924882629108 0.653607198748044 0.431924882629108 0.653607198748044 0.47828638497652587 0.3507902973395932 0.47828638497652587
0.0 0.6723865414710485 0.42370892018779344 0.9697261345852896 0.42370892018779344 0.9697261345852896 0.4759389671361502 0.6723865414710485 0.4759389671361502
0.0 0.013544600938967144 0.49061032863849774 0.332793427230047 0.49061032863849774 0.332793427230047 0.5522300469483568 0.013544600938967144 0.5522300469483568
0.0 0.3531377151799686 0.49178403755868544 0.6293505477308294 0.49178403755868544 0.6293505477308294 0.5492957746478874 0.3531377151799686 0.5492957746478874
0.0 0.6903834115805948 0.4929577464788733 0.9485993740219093 0.4929577464788733 0.9485993740219093 0.5404929577464789 0.6903834115805948 0.5404929577464789
0.0 0.01745696400625979 0.5674882629107981 0.29679968701095466 0.5674882629107981 0.29679968701095466 0.6244131455399061 0.01745696400625979 0.6244131455399061
0.0 0.35939749608763705 0.5698356807511737 0.6223082942097027 0.5698356807511737 0.6223082942097027 0.607394366197183 0.35939749608763705 0.607394366197183
0.0 0.6755164319248828 0.5575117370892019 0.9634663536776213 0.5575117370892019 0.9634663536776213 0.6150234741784039 0.6755164319248828 0.6150234741784039
0.0 0.008849765258216014 0.6302816901408451 0.27802034428794997 0.6302816901408451 0.27802034428794997 0.6848591549295774 0.008849765258216014 0.6848591549295774
0.0 0.3351408450704226 0.6302816901408451 0.6324804381846636 0.6302816901408451 0.6324804381846636 0.6789906103286384 0.3351408450704226 0.6789906103286384
0.0 0.6833411580594679 0.624413145539906 0.9485993740219094 0.624413145539906 0.9485993740219094 0.6860328638497653 0.6833411580594679 0.6860328638497653
0.0 0.011979655712050091 0.698943661971831 0.29758215962441326 0.698943661971831 0.29758215962441326 0.7541079812206573 0.011979655712050091 0.7541079812206573
0.0 0.3656572769953052 0.6924882629107982 0.6183959311424101 0.6924882629107982 0.6183959311424101 0.750586854460094 0.3656572769953052 0.750586854460094
0.0 0.6676917057902975 0.6924882629107981 0.939209702660407 0.6924882629107981 0.939209702660407 0.7417840375586854 0.6676917057902975 0.7417840375586854
