0.0 0.008849765258215986 0.09507042253521128 0.3226212832550861 0.09507042253521128 0.3226212832550861 0.16079812206572772 0.008849765258215986 0.16079812206572772
0.0 0.349225352112676 0.11208920187793428 0.6489123630672928 0.11208920187793428 0.6489123630672928 0.16314553990610328 0.349225352112676 0.16314553990610328
0.0 0.6762989045383411 0.11091549295774648 0.9298200312989046 0.11091549295774648 0.9298200312989046 0.16607981220657275 0.6762989045383411 0.16607981220657275
0.0 0.029194053208137755 0.16842723004694835 0.2991471048513302 0.16842723004694835 0.2991471048513302 0.2194835680751174 0.029194053208137755 0.2194835680751174
0.0 0.3507902973395932 0.18779342723004694 0.6496948356807511 0.18779342723004694 0.6496948356807511 0.22946009389671368 0.3507902973395932 0.22946009389671368
0.0 0.673169014084507 0.17136150234741782 0.9126056338028168 0.17136150234741782 0.9126056338028168 0.22124413145539912 0.673169014084507 0.22124413145539912
0.0 0.015109546165884225 0.215962441314554 0.3054068857589985 0.215962441314554 0.3054068857589985 0.2869718309859155 0.015109546165884225 0.2869718309859155
0.0 0.33592331768388106 0.2276995305164319 0.6669092331768388 0.2276995305164319 0.6669092331768388 0.2816901408450705 0.33592331768388106 0.2816901408450705
0.0 0.6864710485133021 0.23415492957746478 0.9423395931142411 0.23415492957746478 0.9423395931142411 0.28286384976525825 0.6864710485133021 0.28286384976525825
0.0 0.027629107981220674 0.30223004694835687 0.28741001564945223 0.30223004694835687 0.28741001564945223 0.3444835680751174 0.027629107981220674 0.3444835680751174
0.0 0.3492253521126761 0.2916666666666667 0.6481298904538342 0.2916666666666667 0.6481298904538342 0.3480046948356808 0.3492253521126761 0.3480046948356808
0.0 0.6739514866979656 0.29988262910798125 0.9313849765258216 0.29988262910798125 0.9313849765258216 0.35387323943661975 0.6739514866979656 0.35387323943661975
0.0 0.03232394366197183 0.36208920187793436 0.3147965571205008 0.36208920187793436 0.3147965571205008 0.4143192488262911 0.03232394366197183 0.4143192488262911
0.0 0.3507902973395932 0.3656103286384977 0.6293505477308294 0.3656103286384977 0.6293505477308294 0.41842723004694843 0.3507902973395932 0.41842723004694843
0.0 0.6598669796557122 0.36326291079812206 0.968943661971831 0.36326291079812206 0.968943661971831 0.42370892018779344 0.6598669796557122 0.42370892018779344
0.0 0.023716744913928084 0.4219483568075118 0.30149452269170585 0.4219483568075118 0.30149452269170585 0.47417840375586856 0.023716744913928084 0.47417840375586856
0.0 0.35000782472613456 0.4295774647887325 0.6050938967136151 0.4295774647887325 0.6050938967136151 0.4835680751173709 0.35000782472613456 0.4835680751173709
0.0 0.6575195618153366 0.4284037558685446 0.9548591549295776 0.4284037558685446 0.9548591549295776 0.48767605633802813 0.6575195618153366 0.48767605633802813
0.0 0.016674491392801277 0.4876760563380282 0.2944522691705791 0.4876760563380282 0.2944522691705791 0.5481220657276995 0.016674491392801277 0.5481220657276995
0.0 0.33748826291079814 0.49002347417840375 0.6137010954616589 0.49002347417840375 0.6137010954616589 0.5387323943661972 0.33748826291079814 0.5387323943661972
0.0 0.6747339593114242 0.5017605633802817 0.9532942097026605 0.5017605633802817 0.9532942097026605 0.551643192488263 0.6747339593114242 0.551643192488263
0.0 0.027629107981220702 0.5463615023474178 0.2983646322378717 0.5463615023474178 0.2983646322378717 0.61443661971831 0.027629107981220702 0.61443661971831
0.0 0.3343583724569641 0.5610328638497653 0.6340453834115806 0.5610328638497653 0.6340453834115806 0.6156103286384977 0.3343583724569641 0.6156103286384977
0.0 0.6622143974960877 0.5592723004694836 0.9673787167449139 0.5592723004694836 0.9673787167449139 0.6161971830985916 0.6622143974960877 0.6161971830985916
0.0 0.022934272300469488 0.6285211267605634 0.32731611893583734 0.6285211267605634 0.32731611893583734 0.6801643192488264 0.022934272300469488 0.6801643192488264
0.0 0.3421830985915494 0.6267605633802819 0.6207433489827857 0.6267605633802819 0.6207433489827857 0.6836854460093899 0.3421830985915494 0.6836854460093899
0.0 0.6778638497652582 0.636150234741784 0.9485993740219093 0.636150234741784 0.9485993740219093 0.6919014084507042 0.6778638497652582 0.6919014084507042
0.0 0.02058685446009395 0.6971830985915491 0.3054068857589985 0.6971830985915491 0.3054068857589985 0.7429577464788734 0.02058685446009395 0.7429577464788734
0.0 0.34140062597809084 0.6907276995305165 0.6215258215962443 0.6907276995305165 0.6215258215962443 0.7617370892018778 0.34140062597809084 0.7617370892018778
0.0 0.6716040688575899 0.7030516431924883 0.9439045383411582 0.7030516431924883 0.9439045383411582 0.7529342723004697 0.6716040688575899 0.7529342723004697
