0.0 0.03388888888888894 0.12265258215962441 0.31166666666666665 0.12265258215962441 0.31166666666666665 0.17077464788732397 0.03388888888888894 0.17077464788732397
0.0 0.3789593114241002 0.12793427230046947 0.6559546165884195 0.12793427230046947 0.6559546165884195 0.1784037558685446 0.3789593114241002 0.1784037558685446
0.0 0.696643192488263 0.11678403755868544 0.9814632237871677 0.11678403755868544 0.9814632237871677 0.17957746478873238 0.696643192488263 0.17957746478873238
0.0 0.04719092331768393 0.18838028169014087 0.3210563380281691 0.18838028169014087 0.3210563380281691 0.24882629107981225 0.04719092331768393 0.24882629107981225
0.0 0.372699530516432 0.19424882629107984 0.6622143974960877 0.19424882629107984 0.6622143974960877 0.23532863849765265 0.372699530516432 0.23532863849765265
0.0 0.6856885758998436 0.1954225352112676 0.9525117370892019 0.1954225352112676 0.9525117370892019 0.2376760563380282 0.6856885758998436 0.2376760563380282
0.0 0.0471909233176839 0.25997652582159625 0.37191705790297347 0.25997652582159625 0.37191705790297347 0.306924882629108 0.0471909233176839 0.306924882629108
0.0 0.3726995305164319 0.2511737089201878 0.6708215962441314 0.2511737089201878 0.6708215962441314 0.30399061032863856 0.3726995305164319 0.30399061032863856
0.0 0.6911658841940533 0.2523474178403756 0.9532942097026604 0.2523474178403756 0.9532942097026604 0.30575117370892024 0.6911658841940533 0.30575117370892024
0.0 0.03936619718309861 0.31690140845070425 0.360962441314554 0.31690140845070425 0.360962441314554 0.3685446009389671 0.03936619718309861 0.3685446009389671
0.0 0.3781768388106417 0.31807511737089206 0.6864710485133021 0.31807511737089206 0.6864710485133021 0.37734741784037557 0.3781768388106417 0.37734741784037557
0.0 0.7005555555555556 0.3151408450704226 0.9368622848200314 0.3151408450704226 0.9368622848200314 0.36561032863849774 0.7005555555555556 0.36561032863849774
0.0 0.035453834115805966 0.3761737089201878 0.321056338028169 0.3761737089201878 0.321056338028169 0.44366197183098594 0.035453834115805966 0.44366197183098594
0.0 0.37191705790297336 0.38321596244131456 0.696643192488263 0.38321596244131456 0.696643192488263 0.43720657276995295 0.37191705790297336 0.43720657276995295
0.0 0.7122926447574336 0.3838028169014085 0.9595539906103288 0.3838028169014085 0.9595539906103288 0.4377934272300469 0.7122926447574336 0.4377934272300469
0.0 0.033888888888888885 0.4565727699530516 0.3288810641627543 0.4565727699530516 0.3288810641627543 0.5070422535211269 0.033888888888888885 0.5070422535211269
0.0 0.3734820031298905 0.44718309859154937 0.7146400625978091 0.44718309859154937 0.7146400625978091 0.5029342723004695 0.3734820031298905 0.5029342723004695
0.0 0.7130751173708921 0.45129107981220656 0.9572065727699531 0.45129107981220656 0.9572065727699531 0.5076291079812206 0.7130751173708921 0.5076291079812206
0.0 0.04327856025039126 0.5240610328638498 0.36174491392801256 0.5240610328638498 0.36174491392801256 0.5698356807511737 0.04327856025039126 0.5698356807511737
0.0 0.38287167449139287 0.522887323943662 0.6692566510172144 0.522887323943662 0.6692566510172144 0.5715962441314555 0.38287167449139287 0.5715962441314555
0.0 0.7036854460093896 0.5187793427230047 0.9517292644757435 0.5187793427230047 0.9517292644757435 0.5616197183098592 0.7036854460093896 0.5616197183098592
0.0 0.04327856025039123 0.5868544600938969 0.36252738654147104 0.5868544600938969 0.36252738654147104 0.6431924882629109 0.04327856025039123 0.6431924882629109
0.0 0.375829420970266 0.5892018779342723 0.6794287949921753 0.5892018779342723 0.6794287949921753 0.6338028169014085 0.375829420970266 0.6338028169014085
0.0 0.7060328638497653 0.5845070422535211 0.9658137715179971 0.5845070422535211 0.9658137715179971 0.6314553990610329 0.7060328638497653 0.6314553990610329
0.0 0.040931142410015664 0.6525821596244131 0.35861502347417845 0.6525821596244131 0.35861502347417845 0.7106807511737091 0.040931142410015664 0.7106807511737091
0.0 0.3750469483568075 0.653169014084507 0.6935133020344288 0.653169014084507 0.6935133020344288 0.7065727699530517 0.3750469483568075 0.7065727699530517
0.0 0.7216823161189359 0.6437793427230049 0.9822456964006261 0.6437793427230049 0.9822456964006261 0.7007042253521126 0.7216823161189359 0.7007042253521126
0.0 0.027629107981220702 0.728286384976526 0.36956964006259785 0.728286384976526 0.36956964006259785 0.7934272300469485 0.027629107981220702 0.7934272300469485
0.0 0.3836541471048514 0.7265258215962441 0.7224647887323945 0.7265258215962441 0.7224647887323945 0.7893192488262911 0.3836541471048514 0.7893192488262911
0.0 0.7326369327073554 0.7171361502347418 0.968943661971831 0.7171361502347418 0.968943661971831 0.779342723004695 0.7326369327073554 0.779342723004695
