0.0 0.026846635367762134 0.10446009389671362 0.34140062597809073 0.10446009389671362 0.34140062597809073 0.15669014084507044 0.026846635367762134 0.15669014084507044
0.0 0.3492253521126761 0.08392018779342723 0.6356103286384978 0.08392018779342723 0.6356103286384978 0.14788732394366194 0.3492253521126761 0.14788732394366194
0.0 0.6919483568075119 0.08626760563380284 0.949381846635368 0.08626760563380284 0.949381846635368 0.1443661971830986 0.6919483568075119 0.1443661971830986
0.0 0.014327073552425712 0.16431924882629104 0.321056338028169 0.16431924882629104 0.321056338028169 0.22652582159624415 0.014327073552425712 0.22652582159624415
0.0 0.34374804381846635 0.16725352112676056 0.6520422535211268 0.16725352112676056 0.6520422535211268 0.21537558685446007 0.34374804381846635 0.21537558685446007
0.0 0.6927308294209702 0.15434272300469482 0.9345148669796557 0.15434272300469482 0.9345148669796557 0.22007042253521125 0.6927308294209702 0.22007042253521125
0.0 0.022934272300469516 0.23884976525821594 0.3132316118935838 0.23884976525821594 0.3132316118935838 0.2910798122065728 0.022934272300469516 0.2910798122065728
0.0 0.34687793427230057 0.22828638497652587 0.6270031298904539 0.22828638497652587 0.6270031298904539 0.2893192488262911 0.34687793427230057 0.2893192488262911
0.0 0.6809937402190924 0.22946009389671365 0.9673787167449139 0.22946009389671365 0.9673787167449139 0.28579812206572774 0.6809937402190924 0.28579812206572774
0.0 0.029976525821596267 0.295774647887324 0.3054068857589985 0.295774647887324 0.3054068857589985 0.3550469483568075 0.029976525821596267 0.3550469483568075
0.0 0.3445305164319249 0.2998826291079813 0.6340453834115806 0.2998826291079813 0.6340453834115806 0.3626760563380282 0.3445305164319249 0.3626760563380282
0.0 0.6825586854460093 0.29870892018779344 0.9845931142410014 0.29870892018779344 0.9845931142410014 0.3573943661971832 0.6825586854460093 0.3573943661971832
0.0 0.015109546165884197 0.37206572769953056 0.31166666666666665 0.37206572769953056 0.31166666666666665 0.4272300469483568 0.015109546165884197 0.4272300469483568
0.0 0.3601799687010955 0.38321596244131456 0.61839593114241 0.38321596244131456 0.61839593114241 0.4248826291079813 0.3601799687010955 0.4248826291079813
0.0 0.6872535211267605 0.37206572769953056 0.9634663536776213 0.37206572769953056 0.9634663536776213 0.4196009389671362 0.6872535211267605 0.4196009389671362
0.0 0.02293427230046946 0.4313380281690142 0.3296635367762129 0.4313380281690142 0.3296635367762129 0.49413145539906106 0.02293427230046946 0.49413145539906106
0.0 0.34844287949921754 0.43838028169014087 0.6559546165884194 0.43838028169014087 0.6559546165884194 0.5064553990610329 0.34844287949921754 0.5064553990610329
0.0 0.6942957746478873 0.44483568075117375 0.9595539906103288 0.44483568075117375 0.9595539906103288 0.495305164319249 0.6942957746478873 0.495305164319249
0.0 0.029194053208137755 0.5093896713615024 0.3249687010954616 0.5093896713615024 0.3249687010954616 0.5604460093896714 0.029194053208137755 0.5604460093896714
0.0 0.3476604068857591 0.5105633802816901 0.6316979655712052 0.5105633802816901 0.6316979655712052 0.5663145539906104 0.3476604068857591 0.5663145539906104
0.0 0.6833411580594679 0.5140845070422535 0.9493818466353678 0.5140845070422535 0.9493818466353678 0.556924882629108 0.6833411580594679 0.556924882629108
0.0 0.026846635367762134 0.5669014084507042 0.2944522691705791 0.5669014084507042 0.2944522691705791 0.6279342723004695 0.026846635367762134 0.6279342723004695
0.0 0.3586150234741785 0.5768779342723005 0.6481298904538342 0.5768779342723005 0.6481298904538342 0.620305164319249 0.3586150234741785 0.620305164319249
0.0 0.6903834115805948 0.573356807511737 0.9994600938967136 0.573356807511737 0.9994600938967136 0.642605633802817 0.6903834115805948 0.642605633802817
0.0 0.017456964006259817 0.6373239436619719 0.3124491392801252 0.6373239436619719 0.3124491392801252 0.7012910798122066 0.017456964006259817 0.7012910798122066
0.0 0.360962441314554 0.6373239436619719 0.6356103286384978 0.6373239436619719 0.6356103286384978 0.6936619718309859 0.360962441314554 0.6936619718309859
0.0 0.6958607198748046 0.6443661971830985 0.968943661971831 0.6443661971830985 0.968943661971831 0.7083333333333335 0.6958607198748046 0.7083333333333335
0.0 0.02449921752738657 0.7130281690140845 0.3108841940532082 0.7130281690140845 0.3108841940532082 0.7535211267605633 0.02449921752738657 0.7535211267605633
0.0 0.35235524256651024 0.7018779342723005 0.6324804381846636 0.7018779342723005 0.6324804381846636 0.7634976525821597 0.35235524256651024 0.7634976525821597
0.0 0.6817762128325509 0.7118544600938969 0.9900704225352113 0.7118544600938969 0.9900704225352113 0.7752347417840376 0.6817762128325509 0.7752347417840376
