0.0 0.031541471048513375 0.0903755868544601 0.3046244131455399 0.0903755868544601 0.3046244131455399 0.13673708920187794 0.031541471048513375 0.13673708920187794
0.0 0.3406181533646323 0.08802816901408451 0.6058763693270737 0.08802816901408451 0.6058763693270737 0.13615023474178403 0.3406181533646323 0.13615023474178403
0.0 0.6669092331768388 0.08392018779342723 0.942339593114241 0.08392018779342723 0.942339593114241 0.13673708920187794 0.6669092331768388 0.13673708920187794
0.0 0.029194053208137782 0.1467136150234742 0.3069718309859155 0.1467136150234742 0.3069718309859155 0.1971830985915493 0.029194053208137782 0.1971830985915493
0.0 0.34609546165884203 0.14788732394366194 0.6434350547730832 0.14788732394366194 0.6434350547730832 0.2007042253521127 0.34609546165884203 0.2007042253521127
0.0 0.6708215962441315 0.1390845070422535 0.9360798122065728 0.1390845070422535 0.9360798122065728 0.19131455399061031 0.6708215962441315 0.19131455399061031
0.0 0.016674491392801277 0.20950704225352113 0.31401408450704227 0.20950704225352113 0.31401408450704227 0.25821596244131456 0.016674491392801277 0.25821596244131456
0.0 0.34374804381846635 0.20950704225352113 0.6215258215962443 0.20950704225352113 0.6215258215962443 0.25410798122065725 0.34374804381846635 0.25410798122065725
0.0 0.6716040688575899 0.20774647887323944 0.9384272300469485 0.20774647887323944 0.9384272300469485 0.25586854460093894 0.6716040688575899 0.25586854460093894
0.0 0.008849765258215986 0.26291079812206575 0.29758215962441326 0.26291079812206575 0.29758215962441326 0.31983568075117375 0.008849765258215986 0.31983568075117375
0.0 0.34140062597809073 0.26349765258215957 0.6230907668231611 0.26349765258215957 0.6230907668231611 0.3251173708920188 0.34140062597809073 0.3251173708920188
0.0 0.6747339593114242 0.2605633802816902 0.9337323943661974 0.2605633802816902 0.9337323943661974 0.31514084507042256 0.6747339593114242 0.31514084507042256
0.0 0.027629107981220674 0.3233568075117372 0.3022769953051644 0.3233568075117372 0.3022769953051644 0.38615023474178406 0.027629107981220674 0.38615023474178406
0.0 0.3562676056338029 0.33802816901408456 0.6387402190923317 0.33802816901408456 0.6387402190923317 0.3902582159624413 0.3562676056338029 0.3902582159624413
0.0 0.6692566510172144 0.32746478873239443 0.9306025039123631 0.32746478873239443 0.9306025039123631 0.38086854460093905 0.6692566510172144 0.38086854460093905
0.0 0.02606416275430362 0.4066901408450705 0.3218388106416276 0.4066901408450705 0.3218388106416276 0.4454225352112676 0.02606416275430362 0.4454225352112676
0.0 0.35313771517996884 0.3937793427230048 0.615266040688576 0.3937793427230048 0.615266040688576 0.44894366197183105 0.35313771517996884 0.44894366197183105
0.0 0.6849061032863851 0.3902582159624414 0.9509467918622848 0.3902582159624414 0.9509467918622848 0.44014084507042256 0.6849061032863851 0.44014084507042256
0.0 0.023716744913928056 0.4630281690140845 0.33592331768388106 0.4630281690140845 0.33592331768388106 0.5217136150234742 0.023716744913928056 0.5217136150234742
0.0 0.35157276995305176 0.46830985915492956 0.61839593114241 0.46830985915492956 0.61839593114241 0.5193661971830985 0.35157276995305176 0.5193661971830985
0.0 0.6896009389671361 0.46302816901408456 0.9509467918622848 0.46302816901408456 0.9509467918622848 0.5152582159624414 0.6896009389671361 0.5152582159624414
0.0 0.026846635367762134 0.5369718309859155 0.31323161189358373 0.5369718309859155 0.31323161189358373 0.5874413145539907 0.026846635367762134 0.5874413145539907
0.0 0.3445305164319249 0.5299295774647887 0.6238732394366198 0.5299295774647887 0.6238732394366198 0.5874413145539907 0.3445305164319249 0.5874413145539907
0.0 0.6747339593114242 0.5269953051643192 0.9587715179968702 0.5269953051643192 0.9587715179968702 0.5774647887323943 0.6747339593114242 0.5774647887323943
0.0 0.01823943661971833 0.602699530516432 0.26941314553990614 0.602699530516432 0.26941314553990614 0.6578638497652582 0.01823943661971833 0.6578638497652582
0.0 0.3492253521126761 0.6015258215962441 0.6590845070422537 0.6015258215962441 0.6590845070422537 0.6514084507042254 0.3492253521126761 0.6514084507042254
0.0 0.6942957746478874 0.597417840375587 0.9603364632237873 0.597417840375587 0.9603364632237873 0.6508215962441315 0.6942957746478874 0.6508215962441315
0.0 0.012762128325508632 0.6731220657276995 0.3085367762128326 0.6731220657276995 0.3085367762128326 0.7177230046948355 0.012762128325508632 0.7177230046948355
0.0 0.35783255086071997 0.6701877934272301 0.6598669796557123 0.6701877934272301 0.6598669796557123 0.7253521126760564 0.35783255086071997 0.7253521126760564
0.0 0.6919483568075119 0.664906103286385 0.9603364632237873 0.664906103286385 0.9603364632237873 0.715962441314554 0.6919483568075119 0.715962441314554
