0.0 0.062057902973395945 0.12676056338028172 0.3265336463223788 0.12676056338028172 0.3265336463223788 0.17899061032863853 0.062057902973395945 0.17899061032863853
0.0 0.3601799687010955 0.125 0.603528951486698 0.125 0.603528951486698 0.17194835680751175 0.3601799687010955 0.17194835680751175
0.0 0.6606494522691706 0.12030516431924883 0.957206572769953 0.12030516431924883 0.957206572769953 0.16666666666666669 0.6606494522691706 0.16666666666666669
0.0 0.04953834115805947 0.19014084507042256 0.3030594679186229 0.19014084507042256 0.3030594679186229 0.24530516431924881 0.04953834115805947 0.24530516431924881
0.0 0.35157276995305176 0.18368544600938969 0.6254381846635368 0.18368544600938969 0.6254381846635368 0.24530516431924887 0.35157276995305176 0.24530516431924887
0.0 0.6669092331768388 0.17312206572769953 0.9525117370892019 0.17312206572769953 0.9525117370892019 0.22183098591549297 0.6669092331768388 0.22183098591549297
0.0 0.0385837245696401 0.24354460093896715 0.34374804381846635 0.24354460093896715 0.34374804381846635 0.3034037558685446 0.0385837245696401 0.3034037558685446
0.0 0.34531298904538343 0.2429577464788732 0.6465649452269171 0.2429577464788732 0.6465649452269171 0.29225352112676056 0.34531298904538343 0.29225352112676056
0.0 0.6676917057902974 0.2306338028169015 0.952511737089202 0.2306338028169015 0.952511737089202 0.27934272300469487 0.6676917057902974 0.27934272300469487
0.0 0.04327856025039126 0.3110328638497653 0.3382707355242567 0.3110328638497653 0.3382707355242567 0.36443661971830993 0.04327856025039126 0.36443661971830993
0.0 0.3648748043818468 0.3122065727699531 0.6348278560250391 0.3122065727699531 0.6348278560250391 0.35915492957746475 0.3648748043818468 0.35915492957746475
0.0 0.6583020344287951 0.2957746478873239 0.9376447574334899 0.2957746478873239 0.9376447574334899 0.3462441314553991 0.6583020344287951 0.3462441314553991
0.0 0.020586854460093895 0.3679577464788733 0.34218309859154933 0.3679577464788733 0.34218309859154933 0.42018779342723006 0.020586854460093895 0.42018779342723006
0.0 0.3445305164319249 0.3679577464788733 0.6309154929577465 0.3679577464788733 0.6309154929577465 0.4219483568075117 0.3445305164319249 0.4219483568075117
0.0 0.6489123630672928 0.36150234741784043 0.9634663536776213 0.36150234741784043 0.9634663536776213 0.40962441314553993 0.6489123630672928 0.40962441314553993
0.0 0.053450704225352114 0.425469483568075 0.3249687010954616 0.425469483568075 0.3249687010954616 0.4800469483568075 0.053450704225352114 0.4800469483568075
0.0 0.3500078247261346 0.43075117370892024 0.6183959311424101 0.43075117370892024 0.6183959311424101 0.4859154929577465 0.3500078247261346 0.4859154929577465
0.0 0.6614319248826291 0.4348591549295776 0.9736384976525821 0.4348591549295776 0.9736384976525821 0.4835680751173709 0.6614319248826291 0.4835680751173709
0.0 0.013544600938967144 0.4964788732394366 0.31244913928012524 0.4964788732394366 0.31244913928012524 0.5534037558685446 0.013544600938967144 0.5534037558685446
0.0 0.33670579029733955 0.488849765258216 0.6254381846635368 0.488849765258216 0.6254381846635368 0.5551643192488263 0.33670579029733955 0.5551643192488263
0.0 0.6669092331768389 0.4935446009389672 0.9728560250391236 0.4935446009389672 0.9728560250391236 0.5434272300469483 0.6669092331768389 0.5434272300469483
0.0 0.029194053208137755 0.5616197183098591 0.3343583724569641 0.5616197183098591 0.3343583724569641 0.6132629107981221 0.029194053208137755 0.6132629107981221
0.0 0.3633098591549297 0.5598591549295776 0.6387402190923317 0.5598591549295776 0.6387402190923317 0.6179577464788734 0.3633098591549297 0.6179577464788734
0.0 0.6653442879499217 0.5575117370892019 0.9814632237871675 0.5575117370892019 0.9814632237871675 0.6273474178403756 0.6653442879499217 0.6273474178403756
0.0 0.029194053208137755 0.6291079812206573 0.3468779342723005 0.6291079812206573 0.3468779342723005 0.6772300469483568 0.029194053208137755 0.6772300469483568
0.0 0.3484428794992176 0.6285211267605636 0.6434350547730832 0.6285211267605636 0.6434350547730832 0.6742957746478874 0.3484428794992176 0.6742957746478874
0.0 0.6653442879499216 0.6338028169014085 0.9611189358372458 0.6338028169014085 0.9611189358372458 0.688380281690141 0.6653442879499216 0.688380281690141
0.0 0.013544600938967144 0.6960093896713615 0.30853677621283265 0.6960093896713615 0.30853677621283265 0.7505868544600938 0.013544600938967144 0.7505868544600938
0.0 0.33435837245696404 0.6977699530516431 0.656737089201878 0.6977699530516431 0.656737089201878 0.7435446009389673 0.33435837245696404 0.7435446009389673
0.0 0.673169014084507 0.7018779342723004 0.9650312989045384 0.7018779342723004 0.9650312989045384 0.7552816901408451 0.673169014084507 0.7552816901408451
