0.0 0.040148669796557124 0.10093896713615025 0.3132316118935838 0.10093896713615025 0.3132316118935838 0.15082159624413144 0.040148669796557124 0.15082159624413144
0.0 0.3382707355242567 0.09565727699530516 0.6082237871674492 0.09565727699530516 0.6082237871674492 0.15903755868544603 0.3382707355242567 0.15903755868544603
0.0 0.6293505477308294 0.09741784037558689 0.9227777777777779 0.09741784037558689 0.9227777777777779 0.15962441314553993 0.6293505477308294 0.15962441314553993
0.0 0.042496087636932744 0.16549295774647887 0.33592331768388106 0.16549295774647887 0.33592331768388106 0.2089201877934272 0.042496087636932744 0.2089201877934272
0.0 0.33905320813771517 0.16021126760563384 0.6199608763693272 0.16021126760563384 0.6199608763693272 0.21185446009389672 0.33905320813771517 0.21185446009389672
0.0 0.6559546165884195 0.16431924882629104 0.9603364632237873 0.16431924882629104 0.9603364632237873 0.21009389671361503 0.6559546165884195 0.21009389671361503
0.0 0.03780125195618156 0.22241784037558687 0.28897496087636937 0.22241784037558687 0.28897496087636937 0.2658450704225352 0.03780125195618156 0.2658450704225352
0.0 0.3421830985915493 0.21772300469483566 0.6348278560250391 0.21772300469483566 0.6348278560250391 0.2687793427230047 0.3421830985915493 0.2687793427230047
0.0 0.6496948356807513 0.22241784037558687 0.9188654147104851 0.22241784037558687 0.9188654147104851 0.27230046948356806 0.6496948356807513 0.27230046948356806
0.0 0.021369327073552435 0.28169014084507044 0.3296635367762129 0.28169014084507044 0.3296635367762129 0.3315727699530517 0.021369327073552435 0.3315727699530517
0.0 0.34609546165884203 0.278169014084507 0.6316979655712052 0.278169014084507 0.6316979655712052 0.3345070422535211 0.34609546165884203 0.3345070422535211
0.0 0.6637793427230049 0.28638497652582157 0.9642488262910799 0.28638497652582157 0.9642488262910799 0.3427230046948357 0.6637793427230049 0.3427230046948357
0.0 0.027629107981220702 0.3480046948356808 0.32809859154929577 0.3480046948356808 0.32809859154929577 0.40023474178403756 0.027629107981220702 0.40023474178403756
0.0 0.3445305164319249 0.34330985915492956 0.6309154929577465 0.34330985915492956 0.6309154929577465 0.3937793427230048 0.3445305164319249 0.3937793427230048
0.0 0.6504773082942097 0.35093896713615025 0.945469483568075 0.35093896713615025 0.945469483568075 0.3978873239436619 0.6504773082942097 0.3978873239436619
0.0 0.03154147104851329 0.40962441314554 0.3445305164319249 0.40962441314554 0.3445305164319249 0.4636150234741784 0.03154147104851329 0.4636150234741784
0.0 0.35548513302034435 0.41021126760563376 0.6473474178403757 0.41021126760563376 0.6473474178403757 0.460680751173709 0.35548513302034435 0.460680751173709
0.0 0.6661267605633803 0.40551643192488257 0.9540766823161191 0.40551643192488257 0.9540766823161191 0.4612676056338029 0.6661267605633803 0.4612676056338029
0.0 0.041713615023474176 0.47417840375586856 0.3187089201877935 0.47417840375586856 0.3187089201877935 0.5316901408450705 0.041713615023474176 0.5316901408450705
0.0 0.3327934272300469 0.4765258215962442 0.6583020344287951 0.4765258215962442 0.6583020344287951 0.5281690140845071 0.3327934272300469 0.5281690140845071
0.0 0.6575195618153364 0.4636150234741784 0.9830281690140845 0.4636150234741784 0.9830281690140845 0.5193661971830987 0.6575195618153364 0.5193661971830987
0.0 0.0385837245696401 0.5428403755868545 0.34218309859154933 0.5428403755868545 0.34218309859154933 0.5921361502347418 0.0385837245696401 0.5921361502347418
0.0 0.3570500782472614 0.5346244131455399 0.6097887323943663 0.5346244131455399 0.6097887323943663 0.5903755868544601 0.3570500782472614 0.5903755868544601
0.0 0.6802112676056339 0.5352112676056339 0.9485993740219093 0.5352112676056339 0.9485993740219093 0.5762910798122066 0.6802112676056339 0.5762910798122066
0.0 0.01980438184663541 0.6044600938967137 0.32653364632237875 0.6044600938967137 0.32653364632237875 0.664319248826291 0.01980438184663541 0.664319248826291
0.0 0.3500078247261346 0.6115023474178404 0.6716040688575899 0.6115023474178404 0.6716040688575899 0.6561032863849766 0.3500078247261346 0.6561032863849766
0.0 0.6841236306729265 0.6003521126760565 0.9892879499217527 0.6003521126760565 0.9892879499217527 0.6443661971830985 0.6841236306729265 0.6443661971830985
0.0 0.03936619718309861 0.6801643192488265 0.3288810641627543 0.6801643192488265 0.3288810641627543 0.7347417840375587 0.03936619718309861 0.7347417840375587
0.0 0.3680046948356808 0.676643192488263 0.6481298904538344 0.676643192488263 0.6481298904538344 0.7253521126760563 0.3680046948356808 0.7253521126760563
0.0 0.680211267605634 0.6631455399061034 0.9983333333333333 0.6631455399061034 0.9983333333333333 0.7212500000000001 0.680211267605634 0.7212500000000001
