0.0 0.03154147104851329 0.1402582159624413 0.3108841940532082 0.1402582159624413 0.3108841940532082 0.1807511737089202 0.03154147104851329 0.1807511737089202
0.0 0.3484428794992175 0.11619718309859153 0.645 0.11619718309859153 0.645 0.16901408450704222 0.3484428794992175 0.16901408450704222
0.0 0.6598669796557122 0.11561032863849764 0.9337323943661973 0.11561032863849764 0.9337323943661973 0.17488262910798125 0.6598669796557122 0.17488262910798125
0.0 0.03623630672926448 0.20539906103286387 0.3414006259780908 0.20539906103286387 0.3414006259780908 0.2535211267605634 0.03623630672926448 0.2535211267605634
0.0 0.35783255086071997 0.1825117370892019 0.641870109546166 0.1825117370892019 0.641870109546166 0.23708920187793428 0.35783255086071997 0.23708920187793428
0.0 0.6755164319248828 0.181924882629108 0.9564241001564946 0.181924882629108 0.9564241001564946 0.23474178403755874 0.6755164319248828 0.23474178403755874
0.0 0.015892018779342737 0.261150234741784 0.34531298904538343 0.261150234741784 0.34531298904538343 0.3075117370892019 0.015892018779342737 0.3075117370892019
0.0 0.35783255086071986 0.2546948356807512 0.6489123630672928 0.2546948356807512 0.6489123630672928 0.3051643192488263 0.35783255086071986 0.3051643192488263
0.0 0.6637793427230048 0.23532863849765256 0.9517292644757434 0.23532863849765256 0.9517292644757434 0.30046948356807507 0.6637793427230048 0.30046948356807507
0.0 0.01823943661971833 0.31338028169014087 0.31949139280125194 0.31338028169014087 0.31949139280125194 0.369131455399061 0.01823943661971833 0.369131455399061
0.0 0.33983568075117376 0.31161971830985913 0.6215258215962443 0.31161971830985913 0.6215258215962443 0.3744131455399061 0.33983568075117376 0.3744131455399061
0.0 0.6762989045383412 0.3145539906103287 0.9548591549295775 0.3145539906103287 0.9548591549295775 0.36091549295774655 0.6762989045383412 0.36091549295774655
0.0 0.01980438184663541 0.3867370892018779 0.3406181533646323 0.3867370892018779 0.3406181533646323 0.4372065727699531 0.01980438184663541 0.4372065727699531
0.0 0.3539201877934274 0.37969483568075124 0.6512597809076682 0.37969483568075124 0.6512597809076682 0.4377934272300469 0.3539201877934274 0.4377934272300469
0.0 0.6653442879499217 0.37206572769953056 0.9517292644757432 0.37206572769953056 0.9517292644757432 0.4330985915492957 0.6653442879499217 0.4330985915492957
0.0 0.01980438184663541 0.45481220657276994 0.32340375586854464 0.45481220657276994 0.32340375586854464 0.5123239436619719 0.01980438184663541 0.5123239436619719
0.0 0.35157276995305176 0.44542253521126757 0.6504773082942097 0.44542253521126757 0.6504773082942097 0.5017605633802816 0.35157276995305176 0.5017605633802816
0.0 0.6708215962441314 0.44542253521126757 0.9587715179968702 0.44542253521126757 0.9587715179968702 0.4982394366197183 0.6708215962441314 0.4982394366197183
0.0 0.01745696400625979 0.5223004694835681 0.30071205007824725 0.5223004694835681 0.30071205007824725 0.5751173708920189 0.01745696400625979 0.5751173708920189
0.0 0.34766040688575894 0.5234741784037559 0.6403051643192489 0.5234741784037559 0.6403051643192489 0.5645539906103286 0.34766040688575894 0.5645539906103286
0.0 0.6700391236306731 0.511737089201878 0.9587715179968701 0.511737089201878 0.9587715179968701 0.5698356807511737 0.6700391236306731 0.5698356807511737
0.0 0.010414710485133066 0.5856807511737089 0.30931924882629114 0.5856807511737089 0.30931924882629114 0.6502347417840376 0.010414710485133066 0.6502347417840376
0.0 0.3507902973395932 0.5874413145539907 0.6254381846635368 0.5874413145539907 0.6254381846635368 0.642605633802817 0.3507902973395932 0.642605633802817
0.0 0.6974256651017215 0.5897887323943662 0.927472613458529 0.5897887323943662 0.927472613458529 0.6338028169014085 0.6974256651017215 0.6338028169014085
0.0 0.01980438184663541 0.6619718309859156 0.2905399061032864 0.6619718309859156 0.2905399061032864 0.7218309859154931 0.01980438184663541 0.7218309859154931
0.0 0.334358372456964 0.6625586854460095 0.6246557120500783 0.6625586854460095 0.6246557120500783 0.7147887323943662 0.334358372456964 0.7147887323943662
0.0 0.696643192488263 0.653755868544601 0.9697261345852897 0.653755868544601 0.9697261345852897 0.7089201877934272 0.696643192488263 0.7089201877934272
0.0 0.01589201877934271 0.7318075117370892 0.28819248826291083 0.7318075117370892 0.28819248826291083 0.7822769953051643 0.01589201877934271 0.7822769953051643
0.0 0.34374804381846635 0.7288732394366199 0.6426525821596245 0.7288732394366199 0.6426525821596245 0.7881455399061034 0.34374804381846635 0.7881455399061034
0.0 0.684906103286385 0.7282863849765258 0.9752034428794993 0.7282863849765258 0.9752034428794993 0.7799295774647887 0.684906103286385 0.7799295774647887
