0 0.18412363067292645 0.13057511737089203 0.3145539906103286 0.0522300469483568
0 0.4924178403755869 0.1159037558685446 0.2863849765258216 0.06396713615023472
0 0.8206651017214399 0.11531690140845072 0.257433489827856 0.05809859154929576
0 0.16769170579029738 0.1954225352112676 0.30672926447574334 0.06220657276995311
0 0.49789514866979656 0.19131455399061031 0.30829420970266047 0.048122065727699524
0 0.8136228482003129 0.18720657276995303 0.24178403755868544 0.06572769953051645
0 0.16808294209702665 0.2649647887323944 0.29029733959311427 0.052230046948356874
0 0.4869405320813773 0.2588028169014085 0.2801251956181534 0.06103286384976528
0 0.8241862284820032 0.2576291079812207 0.28638497652582146 0.05633802816901408
0 0.16769170579029738 0.32541079812206575 0.2754303599374022 0.05927230046948353
0 0.48928794992175273 0.33127934272300474 0.28951486697965567 0.06279342723004688
0 0.8335758998435053 0.3280516431924883 0.3020344287949921 0.05868544600938971
0 0.16338810641627544 0.3996478873239437 0.2965571205007825 0.05516431924882625
0 0.48928794992175273 0.40404929577464793 0.25821596244131456 0.04166666666666671
0 0.8253599374021909 0.39583333333333337 0.27621283255086077 0.047535211267605605
0 0.17629890453834118 0.4627347417840376 0.30672926447574345 0.06279342723004688
0 0.5021987480438185 0.4724178403755869 0.3075117370892019 0.068075117370892
0 0.826924882629108 0.47007042253521136 0.26525821596244137 0.050469483568075194
0 0.1770813771517997 0.5349178403755869 0.2957746478873239 0.05105633802816897
0 0.4896791862284821 0.5384389671361502 0.284037558685446 0.055751173708920305
0 0.8163615023474179 0.5355046948356808 0.2660406885758999 0.04284037558685455
0 0.1606494522691706 0.5974178403755869 0.26760563380281693 0.06103286384976528
0 0.5033724569640063 0.5985915492957747 0.2895148669796557 0.04342723004694846
0 0.8449217527386542 0.607981220657277 0.30907668231611884 0.06924882629107991
0 0.16495305164319252 0.6693075117370892 0.2949921752738654 0.06396713615023479
0 0.4982863849765259 0.6654929577464789 0.2746478873239437 0.05633802816901408
0 0.8324021909233178 0.676349765258216 0.27308294209702655 0.06396713615023486
0 0.16769170579029738 0.7332746478873239 0.2863849765258216 0.040492957746478736
0 0.49241784037558695 0.7326877934272301 0.2801251956181534 0.0616197183098592
0 0.8359233176838811 0.7435446009389672 0.30829420970266047 0.0633802816901408