0 0.21503129890453834 0.1329225352112676 0.30125195618153366 0.06514084507042256
0 0.5252816901408452 0.12353286384976528 0.26760563380281693 0.051056338028169036
0 0.8175352112676058 0.12206572769953052 0.21987480438184662 0.05046948356807512
0 0.21737871674491396 0.19219483568075119 0.2777777777777778 0.048708920187793436
0 0.537018779342723 0.1875 0.30203442879499215 0.048708920187793436
0 0.8249687010954616 0.1825117370892019 0.2754303599374022 0.05985915492957746
0 0.20094679186228484 0.25410798122065725 0.25430359937402186 0.05516431924882632
0 0.5135446009389673 0.24794600938967137 0.269170579029734 0.036971830985915444
0 0.8300547730829422 0.24794600938967137 0.2668231611893583 0.04401408450704224
0 0.21307511737089205 0.31572769953051644 0.2629107981220657 0.03755868544600936
0 0.5268466353677622 0.3125 0.2863849765258216 0.04401408450704224
0 0.8218388106416277 0.3110328638497652 0.2425665101721439 0.04460093896713612
0 0.21933489827856031 0.3761737089201878 0.3020344287949922 0.05516431924882625
0 0.537018779342723 0.37470657276995306 0.30046948356807507 0.048708920187793436
0 0.8163615023474179 0.3705985915492958 0.2597809076682315 0.05809859154929569
0 0.2103364632237872 0.4463028169014085 0.29812206572769956 0.05105633802816897
0 0.5417136150234743 0.443075117370892 0.31611893583724565 0.041079812206572794
0 0.8343583724569641 0.4375 0.23474178403755863 0.045187793427230075
0 0.23068075117370895 0.5085093896713615 0.2965571205007824 0.049882629107981274
0 0.551885758998435 0.5029342723004695 0.3129890453834116 0.042253521126760486
0 0.8292723004694836 0.5035211267605634 0.22613458528951488 0.05399061032863841
0 0.2212910798122066 0.5698356807511737 0.3106416275430359 0.05633802816901408
0 0.5362363067292645 0.5604460093896714 0.28794992175273876 0.051643192488263025
0 0.8359233176838811 0.5642605633802817 0.2629107981220657 0.05692488262910786
0 0.2232472613458529 0.6373239436619719 0.3176838810641628 0.05399061032863841
0 0.5491471048513303 0.6296948356807512 0.307511737089202 0.05046948356807505
0 0.8453129890453834 0.6340962441314554 0.25821596244131456 0.045187793427230075
0 0.22207355242566512 0.6957159624413145 0.28090766823161184 0.047535211267605744
0 0.5554068857589985 0.7027582159624413 0.3341158059467919 0.05457746478873218
0 0.8335758998435056 0.6945422535211268 0.2629107981220657 0.042840375586854405